25.061272	1072.812
25.75667	1074.1698
26.452066	1062.9562
27.147465	1077.2035
27.842863	1093.9214
28.538261	1093.1713
29.233658	1086.12
29.929056	1079.7743
30.624454	1068.011
31.319851	1064.988
32.015251	1084.2526
32.710648	1100.2906
33.406044	1130.0181
34.101444	1206.7639
34.796841	1391.5383
35.492237	1450.7656
36.187637	1372.9761
36.883034	1643.8021
37.57843	1217.2069
38.27383	1217.2069
38.969227	1217.2069
39.664627	1217.2069
40.360023	1537.8047
41.05542	1249.1138
41.75082	1187.5006
42.446217	1192.6954
43.141613	1218.3873
43.837013	1215.8574
44.53241	1208.7063
45.227806	1224.6051
45.923206	1226.6182
46.618603	1225.2875
47.314003	1267.572
48.009399	1279.3849
48.704796	1258.4354
49.400196	1296.1879
50.095592	1296.6189
50.790989	1321.4056
51.486389	1341.7028
52.181786	1321.4061
52.877182	1290.6666
53.572582	1285.1024
54.267979	1293.5659
54.963375	1281.2393
55.658775	1284.1383
56.354172	1337.1899
57.049572	1332.5913
57.744968	1322.9363
58.440365	1348.416
59.135765	1384.847
59.831161	1378.2097
60.526558	1354.2476
61.221958	1379.6876
61.917355	1379.3101
62.612751	1346.1017
63.308151	1362.4824
64.003548	1344.8981
64.698944	1353.0986
65.394341	1367.2894
66.089745	1375.8901
66.785141	1371.9673
67.480537	1377.5399
68.175934	1374.8823
68.87133	1343.0697
69.566734	1365.3003
70.262131	1376.3746
70.957527	1400.1287
71.652924	1389.1466
72.34832	1387.0793
73.043716	1344.3552
73.73912	1342.925
74.434517	1385.2091
75.129913	1415.2743
75.82531	1408.8862
76.520706	1387.7855
77.21611	1371.2664
77.911507	1370.2789
78.606903	1368.2614
79.302299	1389.9636
79.997696	1389.2761
80.693092	1381.3766
81.388496	1399.5029
82.083893	1378.405
82.779289	1368.0834
83.474686	1385.7853
84.170082	1400.3887
84.865479	1418.5209
85.560883	1406.1653
86.256279	1402.7384
86.951675	1339.1233
87.647072	1378.1763
88.342468	1378.228
89.037872	1388.3312
89.733269	1401.9386
90.428665	1395.4073
91.124062	1368.0092
91.819458	1360.3284
92.514854	1377.2969
93.210258	1360.2617
93.905655	1368.4949
94.601051	1404.8357
95.296448	1351.417
95.991844	1353.389
96.687248	1346.9504
97.382645	1353.3966
98.078041	1360.0529
98.773438	1344.2141
99.468834	1339.4529
100.16423	1337.7397
100.85963	1313.0322
101.55503	1353.5601
102.25043	1392.8499
102.94582	1355.1012
103.64122	1399.1503
104.33662	1399.1503
105.03202	1399.1503
105.72742	1355.1012
106.42281	1414.9719
107.11821	1358.8402
107.81361	1321.1926
108.50901	1316.5193
109.20441	1349.355
109.8998	1332.431
110.5952	1350.59
111.2906	1306.0846
111.986	1336.8804
112.6814	1341.9141
113.37679	1342.118
114.07219	1328.5828
114.76759	1335.6886
115.46298	1342.5764
116.15839	1331.281
116.85378	1328.4542
117.54918	1332.1105
118.24458	1284.899
118.93997	1254.8103
119.63537	1277.8387
120.33077	1281.7361
121.02617	1283.4154
121.72157	1297.5371
122.41696	1273.1819
123.11236	1278.1398
123.80776	1284.0137
124.50316	1284.2906
125.19855	1290.8807
125.89395	1274.6322
126.58935	1266.0298
127.28474	1292.9998
127.98015	1284.2319
128.67554	1282.1824
129.37094	1247.8153
130.06635	1282.1349
130.76173	1271.52
131.45714	1253.5812
132.15253	1277.5364
132.84793	1284.135
133.54333	1258.3085
134.23872	1257.8539
134.93413	1265.198
135.62952	1284.9885
136.32492	1271.5251
137.02031	1264.2534
137.71571	1239.462
138.41112	1246.26
139.10651	1251.226
139.80191	1249.9766
140.4973	1253.2375
141.1927	1261.395
141.88811	1255.9039
142.5835	1243.3411
143.2789	1247.0557
143.97429	1232.699
144.66969	1217.4467
145.3651	1233.8031
146.06049	1240.3308
146.75589	1223.9756
147.45128	1203.0676
148.14668	1211.6152
148.84209	1209.731
149.53748	1217.748
150.23288	1228.5962
150.92827	1215.0496
151.62367	1205.7191
152.31906	1228.4917
153.01447	1213.0537
153.70987	1208.2401
154.40526	1155.1797
155.10066	1237.4624
155.79605	1209.2053
156.49146	1200.4092
157.18686	1191.5074
157.88225	1185.6921
158.57765	1209.8518
159.27304	1229.5992
159.96844	1211.9102
160.66385	1189.0858
161.35924	1180.5255
162.05464	1165.423
162.75003	1199.0582
163.44543	1155.2603
164.14084	1173.2726
164.83623	1219.0327
165.53163	1190.9745
166.22702	1168.3086
166.92242	1192.558
167.61781	1193.6412
168.31322	1182.3407
169.00862	1187.2158
169.70401	1170.9591
170.39941	1154.1287
171.0948	1156.5072
171.79021	1141.2794
172.48561	1125.1764
173.181	1156.2937
173.8764	1181.5439
174.57179	1176.575
175.2672	1167.2246
175.9626	1156.4407
176.65799	1169.4498
177.35339	1164.6224
178.04878	1157.3331
178.74419	1183.1654
179.43958	1167.9285
180.13498	1167.1584
180.83038	1122.2017
181.52577	1129.6901
182.22118	1149.1389
182.91656	1159.3293
183.61197	1160.1774
184.30737	1168.0377
185.00276	1135.4614
185.69817	1129.2034
186.39355	1134.7839
187.08896	1122.9989
187.78436	1118.1525
188.47975	1117.5524
189.17516	1115.1718
189.87054	1129.0989
190.56595	1087.6923
191.26135	1116.9421
191.95674	1101.0715
192.65215	1122.3273
193.34753	1109.4911
194.04294	1095.7567
194.73833	1111.3981
195.43373	1122.7367
196.12914	1122.0969
196.82452	1114.9618
197.51993	1095.902
198.21532	1083.038
198.91072	1078.2323
199.60612	1088.478
200.30151	1092.0596
200.99692	1103.0853
201.69231	1107.2075
202.38771	1106.3549
203.08311	1103.881
203.7785	1117.4232
204.47391	1095.589
205.1693	1075.9567
205.8647	1087.631
206.5601	1090.6079
207.25549	1068.5426
207.9509	1059.7133
208.64629	1072.6047
209.34169	1080.619
210.03708	1055.8696
210.73248	1065.2352
211.42789	1070.552
212.12328	1094.1262
212.81868	1068.5238
213.51407	1064.2339
214.20947	1079.385
214.90488	1068.6366
215.60027	1064.7998
216.29567	1075.1949
216.99106	1057.8188
217.68646	1042.0895
218.38187	1032.1543
219.07726	1056.0883
219.77266	1114.0206
220.46805	1098.5801
221.16345	1109.4255
221.85884	1111.8949
222.55424	1111.4194
223.24965	1074.2469
223.94504	1060.5216
224.64044	1044.6943
225.33583	1041.4755
226.03123	1059.6282
226.72664	1064.6451
227.42203	1063.6293
228.11743	1053.6798
228.81282	1030.9075
229.50822	1038.3739
230.20363	1028.6597
230.89902	1029.7612
231.59442	1045.4751
232.28981	1036.9789
232.98521	1036.2607
233.68062	1039.9192
234.37601	1052.896
235.07141	1048.7152
235.7668	1027.6617
236.4622	1027.0033
237.15759	1046.0029
237.853	1054.7369
238.5484	1064.911
239.24379	1020.389
239.93919	1007.866
240.63458	1003.2906
241.32999	1024.7596
242.02539	1011.8774
242.72078	1009.2112
243.41618	1036.6128
244.11157	1029.6865
244.80698	1009.9988
245.50238	1014.1711
246.19777	1022.1168
246.89317	1001.2513
247.58856	986.54321
248.28397	1029.9219
248.97935	1047.7542
249.67476	991.48065
250.37016	986.12366
251.06555	984.96136
251.76096	996.10547
252.45634	1002.4016
253.15175	1004.4761
253.84715	987.72253
254.54254	983.81042
255.23795	966.0636
255.93333	973.53998
256.62872	1014.1425
257.32413	1027.9777
258.01953	1017.3257
258.71494	1021.215
259.41034	985.19043
260.10571	963.12036
260.80112	988.5329
261.49652	992.81909
262.19193	992.18243
262.88733	1000.6473
263.5827	1011.2609
264.27811	994.60022
264.97351	1005.6864
265.66891	978.71814
266.36432	998.7149
267.05969	1012.8502
267.7551	976.75415
268.4505	962.36365
269.1459	963.24854
269.84131	966.21484
270.53668	992.84924
271.23209	972.0285
271.92749	996.07739
272.62289	984.43195
273.3183	981.13184
274.01367	945.29535
274.70908	936.4552
275.40448	946.05554
276.09988	967.73309
276.79529	975.72412
277.49066	977.13086
278.18607	971.19971
278.88147	981.73773
279.57687	998.95776
280.27228	983.23718
280.96765	998.22028
281.66306	992.16272
282.35846	960.55255
283.05386	981.06329
283.74924	969.1123
284.44464	1000.6082
285.14005	989.44165
285.83545	973.58936
286.53085	982.07178
287.22623	978.98541
287.92163	963.41229
288.61703	966.40717
289.31244	993.65771
290.00784	995.92584
290.70322	967.45319
291.39862	970.67548
292.09402	982.27545
292.78943	937.25604
293.48483	961.44794
294.18021	988.43604
294.87561	991.98047
295.57101	1000.3295
296.26642	997.86224
296.96182	967.62762
297.6572	972.23438
298.3526	959.04218
299.048	965.1759
299.74341	967.05463
300.43881	978.79614
301.13419	976.61176
301.82959	952.98578
302.52499	948.10779
303.2204	961.47736
303.9158	985.20612
304.61118	971.68787
305.30658	965.45258
306.00198	968.67444
306.69739	972.21094
307.39279	973.08789
308.08817	944.81073
308.78357	964.1496
309.47897	982.40503
310.17438	970.22522
310.86978	959.68445
311.56516	949.0564
312.26056	958.57159
312.95596	968.03522
313.65137	962.08752
314.34674	944.85352
315.04214	926.81171
315.73755	956.98511
316.43295	956.98199
317.12836	963.44183
317.82373	986.64685
318.51913	982.1015
319.21454	948.82056
319.90994	954.7724
320.60535	946.54193
321.30072	984.20306
321.99612	975.16058
322.69153	977.8111
323.38693	966.76007
324.08234	953.95569
324.77771	957.33759
325.47311	952.75214
326.16852	943.51624
326.86392	945.47083
327.55933	953.70929
328.2547	982.63892
328.9501	950.60175
329.64551	993.5799
330.34091	967.75818
331.03632	976.16095
331.73169	950.61267
332.42709	981.32904
333.1225	973.14203
333.8179	982.55109
334.51331	951.6355
335.20868	963.93268
335.90408	973.85034
336.59949	963.92554
337.29489	959.30377
337.9903	954.42877
338.68567	953.4549
339.38107	965.79303
340.07648	968.05597
340.77188	962.59943
341.46725	951.64606
342.16266	992.94623
342.85806	979.13074
343.55347	950.97681
344.24887	934.02344
344.94424	976.69983
345.63965	947.49121
346.33505	977.53363
347.03046	966.59808
347.72586	975.46338
348.42123	977.52826
349.11664	970.83386
349.81204	960.51611
350.50745	967.96124
351.20285	999.01544
351.89822	1019.123
352.59363	1012.7414
353.28903	990.21252
353.98444	950.45319
354.67984	944.76276
355.37521	989.7016
356.07062	975.51105
356.76602	971.52234
357.46143	957.36774
358.15683	953.18463
358.8522	955.45306
359.54761	971.19135
360.24301	959.26868
360.93842	972.43597
361.63382	972.6825
362.32919	978.04254
363.0246	962.31873
363.72	956.44202
364.41541	954.75525
365.11081	949.63184
365.80618	966.49799
366.50159	964.50104
367.19699	972.74225
367.8924	960.85413
368.58777	947.04053
369.28317	926.32819
369.97858	961.08984
370.67398	977.64606
371.36938	989.48602
372.06476	976.98285
372.76016	980.42102
373.45557	970.67114
374.15097	973.16742
374.84637	969.94696
375.54175	988.29956
376.23715	990.20557
376.93256	977.1994
377.62796	976.34308
378.32336	986.08038
379.01874	985.54657
379.71414	972.6911
380.40955	967.77411
381.10495	969.98267
381.80035	984.5307
382.49573	987.10547
383.19113	968.59918
383.88654	913.66693
384.58194	950.87018
385.27734	989.98175
385.97272	980.01208
386.66812	943.20203
387.36353	963.04913
388.05893	996.81213
388.75433	989.07257
389.44971	987.7113
390.14511	1008.6185
390.84052	997.4223
391.53592	973.00226
392.23132	962.62823
392.9267	959.71503
393.6221	961.41272
394.3175	971.1911
395.01291	1000.1119
395.70828	1017.7968
396.40369	981.68097
397.09909	989.39044
397.79449	996.56714
398.4899	992.5058
399.18527	997.95129
399.88068	988.67072
400.57608	1005.5919
401.27148	1017.2072
401.96689	982.42157
402.66226	987.05511
403.35767	994.69073
404.05307	978.6618
404.74847	968.26349
405.44388	985.49316
406.13925	996.05975
406.83466	981.5976
407.53006	985.27789
408.22546	993.25024
408.92087	980.72913
409.61624	991.26733
410.31165	997.38147
411.00705	982.42804
411.70245	995.84814
412.39786	1011.0359
413.09323	1001.3831
413.78864	1006.6072
414.48404	1003.4667
415.17944	1007.8466
415.87485	1008.0568
416.57022	1007.6804
417.26563	992.99164
417.96103	981.51447
418.65643	1000.8038
419.35184	1011.5981
420.04721	1016.0532
420.74261	1004.5111
421.43802	1000.7084
422.13342	1006.4028
422.82883	1004.3669
423.5242	993.80212
424.2196	988.47998
424.91501	1004.5234
425.61041	1026.3606
426.30579	1028.0787
427.00119	1032.6746
427.69659	1014.3912
428.392	1013.0966
429.0874	1012.2083
429.78278	1019.1385
430.47818	1030.3562
431.17358	1039.8436
431.86899	1021.9368
432.56439	1004.2352
433.25977	1025.1195
433.95517	1056.5579
434.65057	1029.4014
435.34598	1032.0895
436.04138	1053.0763
436.73676	1008.7806
437.43216	1004.0786
438.12756	1036.0519
438.82297	1031.9098
439.51837	1014.4217
440.21375	1021.2938
440.90915	1023.8741
441.60455	1026.7993
442.29996	1047.3223
442.99536	1032.4677
443.69073	1045.304
444.38614	1065.2925
445.08154	1023.3621
445.77695	1051.29
446.47235	1021.6103
447.16772	1026.1935
447.86313	1066.7141
448.55853	1027.1394
449.25394	1020.1207
449.94934	1063.0317
450.64471	1070.9139
451.34012	1059.7029
452.03552	1049.5453
452.73093	1069.2949
453.4263	1055.9393
454.1217	1083.3048
454.81711	1058.1859
455.51251	1029.907
456.20792	1033.6084
456.90329	1039.6986
457.59869	1064.882
458.2941	1081.4933
458.9895	1068.6355
459.68491	1067.74
460.38028	1074.1627
461.07568	1097.3223
461.77109	1096.2662
462.46649	1069.9532
463.1619	1074.2881
463.85727	1097.6807
464.55267	1068.5365
465.24808	1049.4984
465.94348	1099.4091
466.63889	1068.6639
467.33426	1086.184
468.02966	1067.0243
468.72507	1079.2742
469.42047	1059.3358
470.11588	1072.7775
470.81125	1106.9141
471.50665	1117.4955
472.20206	1106.9374
472.89746	1106.4806
473.59286	1105.6923
474.28824	1102.5194
474.98364	1084.5199
475.67905	1083.3627
476.37445	1088.1608
477.06985	1091.067
477.76523	1113.7285
478.46063	1117.4559
479.15604	1122.3536
479.85144	1122.5109
480.54681	1103.0697
481.24222	1110.2222
481.93762	1101.8459
482.63303	1104.4005
483.32843	1097.1206
484.0238	1073.1772
484.71921	1111.3356
485.41461	1121.5538
486.11002	1121.9506
486.80542	1117.5515
487.50079	1095.2045
488.1962	1087.0867
488.8916	1095.3605
489.58701	1080.4486
490.28241	1107.7385
490.97778	1117.7156
491.67319	1126.0399
492.36859	1114.0259
493.064	1114.9459
493.7594	1091.5079
494.45477	1094.1263
495.15018	1115.5292
495.84558	1120.1693
496.54099	1114.8031
497.23639	1111.5602
497.93176	1111.1735
498.62717	1115.812
499.32257	1151.5836
500.01797	1156.2942
500.71338	1127.7502
501.40875	1134.9357
502.10416	1146.1738
502.79956	1113.1523
503.49496	1110.4019
504.19037	1149.47
504.88574	1140.3223
505.58115	1148.9988
506.27655	1142.6921
506.97195	1122.739
507.66733	1123.8842
508.36273	1129.0615
509.05814	1140.1917
509.75354	1152.3192
510.44894	1131.1193
511.14432	1120.6337
511.83972	1132.9844
512.53516	1109.5942
513.23053	1118.1542
513.9259	1133.9536
514.62134	1150.4086
515.31671	1141.7914
516.01215	1116.1805
516.70752	1124.7719
517.40289	1122.2998
518.09833	1091.5638
518.7937	1115.1207
519.48914	1148.6544
520.18451	1131.4868
520.87988	1127.1514
521.57532	1120.6399
522.27069	1122.8405
522.96606	1142.5608
523.6615	1141.1973
524.35687	1150.974
525.05231	1123.6764
525.74768	1134.9447
526.44305	1118.527
527.13849	1135.1002
527.83386	1120.4045
528.5293	1141.6344
529.22467	1144.3439
529.92004	1113.614
530.61548	1111.6116
531.31085	1154.7509
532.00629	1121.8953
532.70166	1119.938
533.39703	1128.3683
534.09247	1104.1465
534.78784	1108.2687
535.48328	1142.2958
536.17865	1121.3547
536.87402	1085.0326
537.56946	1076.5394
538.26483	1102.161
538.96027	1116.7499
539.65564	1101.389
540.35101	1091.5945
541.04645	1081.795
541.74182	1088.7147
542.43726	1098.9751
543.13263	1114.4894
543.828	1103.4489
544.52344	1071.0967
545.21881	1095.5114
545.91425	1115.9375
546.60962	1105.8777
547.30499	1098.7799
548.00043	1109.9772
548.6958	1097.9786
549.39124	1080.5989
550.08661	1080.2573
550.78198	1090.7014
551.47742	1102.347
552.17279	1068.5378
552.86823	1095.5853
553.5636	1097.4501
554.25897	1071.9139
554.95441	1097.2781
555.64978	1081.6102
556.34521	1073.6432
557.04059	1056.6261
557.73596	1104.0406
558.4314	1091.7947
559.12677	1038.6682
559.8222	1068.2966
560.51758	1077.4684
561.21295	1113.892
561.90839	1100.3529
562.60376	1068.0973
563.29919	1065.2457
563.99457	1076.5061
564.68994	1082.243
565.38538	1083.4231
566.08075	1094.4595
566.77618	1069.6232
567.47156	1055.0338
568.16693	1074.2109
568.86237	1063.6486
569.55774	1049.7209
570.25317	1061.2675
570.94855	1065.344
571.64392	1068.186
572.33936	1075.5099
573.03473	1049.2336
573.73016	1035.3455
574.42554	1058.3884
575.12091	1056.9312
575.81635	1033.5591
576.51172	1038.7931
577.20715	1037.5724
577.90253	1031.806
578.5979	1027.8734
579.29333	1042.3668
579.98871	1034.2783
580.68408	1011.474
581.37952	1006.8754
582.07489	1034.9933
582.77032	1028.3533
583.4657	1019.9241
584.16107	992.20758
584.85651	1033.0148
585.55188	1009.308
586.24731	1026.6176
586.94269	998.07758
587.63806	987.53162
588.3335	1021.1337
589.02887	996.25916
589.7243	1009.0023
590.41968	1003.4341
591.11505	997.24432
591.81049	961.62555
592.50586	989.85565
593.20129	992.04059
593.89667	996.24011
594.59204	973.11023
595.28748	982.63464
595.98285	969.83954
596.67828	961.42065
597.37366	955.66235
598.06903	958.84192
598.76447	973.78217
599.45984	962.2757
600.15527	950.39038
600.85065	948.54419
601.54602	940.25446
602.24146	941.78632
602.93683	947.38757
603.63226	928.77856
604.32764	926.90582
605.02301	936.84967
605.71844	932.05853
606.41382	931.83978
607.10925	926.73285
607.80463	920.74609
608.5	924.91888
609.19543	913.37378
609.89081	887.50104
610.58624	906.17987
611.28162	919.64844
611.97699	910.51392
612.67242	930.00848
613.3678	911.74268
614.06323	887.56641
614.75861	890.35651
615.45398	888.70422
616.14941	887.84735
616.84479	896.14539
617.54022	918.58887
618.2356	891.42316
618.93097	877.86591
619.6264	863.11414
620.32178	871.2652
621.01721	876.54858
621.71259	884.42981
622.40796	871.86621
623.10339	889.09479
623.79877	875.83844
624.4942	868.42584
625.18958	871.79956
625.88495	853.05658
626.58038	876.46674
627.27576	868.28442
627.97119	850.99731
628.66656	846.99982
629.36194	852.57745
630.05737	874.40747
630.75275	857.27734
631.44818	856.98364
632.14355	832.42786
632.83893	841.776
633.53436	839.77954
634.22974	838.98798
634.92511	857.05249
635.62054	846.26831
636.31592	844.14154
637.01135	849.72247
637.70673	858.05579
638.4021	834.34479
639.09753	838.09821
639.79291	843.31116
640.48834	832.26691
641.18372	829.06873
641.87909	849.14874
642.57452	836.13403
643.2699	825.2392
643.96533	819.41516
644.66071	835.80762
645.35608	823.94733
646.05151	820.52667
646.74689	837.94708
647.44232	841.78937
648.1377	841.01276
648.83307	846.75024
649.5285	834.65448
650.22388	843.39703
650.91931	830.89642
651.61469	823.51648
652.31006	831.79309
653.00549	834.70941
653.70087	829.91119
654.3963	838.20972
655.09167	822.84772
655.78705	832.52826
656.48248	814.33813
657.17786	824.10034
657.87329	830.72809
658.56866	823.76227
659.26404	828.2395
659.95947	831.45563
660.65485	829.63354
661.35028	834.72778
662.04565	826.58423
662.74103	837.96753
663.43646	823.75336
664.13184	825.02399
664.82727	827.36932
665.52264	816.5791
666.21802	806.54242
666.91345	809.7392
667.60883	832.43536
668.30426	836.06189
668.99963	828.60724
669.69501	833.3158
670.39044	829.61224
671.08582	831.41876
671.78125	823.56305
672.47662	829.23499
673.172	830.60101
673.86743	822.34491
674.56281	832.37073
675.25824	823.54547
675.95361	807.2395
676.64899	817.66095
677.34442	831.96936
678.03979	827.51245
678.73523	819.17383
679.4306	829.58362
680.12598	825.3056
680.82141	826.19232
681.51678	817.70117
682.21222	807.20215
682.90759	833.48615
683.60297	835.40698
684.2984	826.11267
684.99377	816.87897
685.68921	829.09332
686.38458	807.05896
687.07996	839.05219
687.77539	824.83539
688.47076	836.34143
689.16614	819.86078
689.86157	834.64404
690.55695	834.24005
691.25238	827.44977
691.94775	818.08594
692.64313	831.16058
693.33856	837.25488
694.03394	818.63745
694.72937	822.93066
695.42474	821.74207
696.12012	819.35815
696.81555	835.16846
697.51093	825.31818
698.20636	811.03772
698.90173	819.41498
699.59711	830.58313
700.29254	823.58716
700.98792	833.89349
701.68335	821.95575
702.37872	814.59912
703.0741	794.89288
703.76953	807.63855
704.4649	804.65686
705.16034	820.13147
705.85571	825.37091
706.55109	821.53217
707.24652	820.98639
707.94189	829.15533
708.63733	811.5166
709.3327	800.40485
710.02808	823.18439
710.72351	821.03125
711.41888	828.96075
712.11432	824.93048
712.80969	834.28143
713.50507	828.49786
714.2005	829.20587
714.89587	828.1601
715.59131	814.16992
716.28668	821.46283
716.98206	810.97211
717.67749	794.08276
718.37286	805.42169
719.0683	809.1936
719.76367	830.65991
720.45905	829.96149
721.15448	816.71313
721.84985	812.63617
722.54529	815.52167
723.24066	825.74408
723.93604	824.48334
724.63147	824.41138
725.32684	809.65015
726.02228	823.40143
726.71765	824.16315
727.41302	819.64447
728.10846	798.26343
728.80383	818.84808
729.49927	814.73462
730.19464	815.63483
730.89001	813.23187
731.58545	796.07526
732.28082	792.04712
732.97626	790.24438
733.67163	808.1524
734.367	824.23511
735.06244	806.46521
735.75781	829.35541
736.45325	809.93494
737.14862	796.4906
737.84399	816.49353
738.53943	863.72437
739.2348	818.23041
739.93024	783.79224
740.62561	810.39978
741.32098	756.87872
742.01642	842.59924
742.71179	801.5976
743.40723	768.51184
744.1026	786.9856
744.79797	815.03662
745.49341	811.02277
746.18878	770.85132
746.88416	788.84186
747.57959	812.16663
748.27496	796.68231
748.9704	821.40283
749.66577	817.52051
750.36115	833.13702
751.05658	801.91016
751.75195	787.36261
752.44739	791.4281
753.14276	812.68427
753.83813	800.19489
754.53357	769.80573
755.22894	750.71216
755.92438	772.00476
756.61975	768.00739
757.31512	734.52802
758.01056	752.59302
758.70593	756.64044
759.40137	732.88684
760.09674	752.05823
760.79211	729.44904
761.48755	753.93494
762.18292	738.23877
762.87836	759.49762
763.57373	756.43341
764.2691	761.56946
764.96454	776.08331
765.65991	778.11279
766.35535	803.06525
767.05072	786.0423
767.74609	768.23511
768.44153	777.16034
769.1369	782.54071
769.83234	749.14716
770.52771	773.26715
771.22308	788.31342
771.91852	794.4353
772.61389	800.24799
773.30933	800.17908
774.0047	781.87677
774.70007	776.87427
775.39551	796.66113
776.09088	792.68542
776.78632	780.84442
777.48169	752.85303
778.17706	751.82068
778.8725	781.13782
779.56787	782.57269
780.26331	781.50061
780.95868	779.40295
781.65405	769.31586
782.34949	758.46881
783.04486	774.79114
783.7403	776.81512
784.43567	759.31561
785.13104	750.2677
785.82648	740.44238
786.52185	754.43011
787.21729	750.93677
787.91266	765.49115
788.60803	770.59686
789.30347	755.96259
789.99884	766.16681
790.69427	750.52966
791.38965	749.01422
792.08502	765.89423
792.78046	743.31464
793.47583	750.02429
794.17126	771.20526
794.86664	764.38843
795.56201	738.15332
796.25745	724.57147
796.95282	733.18402
797.64825	760.26715
798.34363	787.30273
799.039	800.26593
799.73444	768.39221
800.42981	734.90698
801.12518	746.38239
801.82062	726.62421
802.51599	729.70752
803.21143	754.7547
803.9068	750.27136
804.60217	742.2088
805.29761	728.1673
805.99298	724.59442
806.68842	744.47137
807.38379	728.20911
808.07916	713.78333
808.7746	728.70898
809.46997	755.00665
810.16541	739.38666
810.86078	738.05194
811.55615	758.18036
812.25159	743.13293
812.94696	748.92786
813.6424	754.09448
814.33777	755.27173
815.03314	735.8186
815.72858	731.8952
816.42395	738.11993
817.11938	748.14673
817.81476	748.04694
818.51013	735.37543
819.20557	742.23682
819.90094	745.76685
820.59637	718.98608
821.29175	703.50195
821.98712	710.34686
822.68256	745.47296
823.37793	770.79565
824.07336	746.07343
824.76874	716.17468
825.46411	717.80902
826.15955	715.13812
826.85492	727.94739
827.55035	729.1496
828.24573	729.1554
828.9411	730.4906
829.63654	724.63531
830.33191	729.66748
831.02734	731.21344
831.72272	706.07617
832.41809	697.04608
833.11353	739.45587
833.8089	741.18207
834.50433	720.72552
835.19971	740.02203
835.89508	740.0766
836.59052	738.02716
837.28589	733.35931
837.98132	749.24652
838.6767	738.82172
839.37207	732.92352
840.0675	745.05457
840.76288	745.0708
841.45831	732.14868
842.15369	752.10999
842.84906	712.12549
843.54449	719.13544
844.23987	760.26154
844.9353	768.75934
845.63068	749.46747
846.32605	760.60706
847.02148	773.02252
847.71686	775.97736
848.41229	772.7226
849.10767	738.95142
849.80304	757.77966
850.49847	786.43835
851.19385	781.75757
851.88928	753.48511
852.58466	755.82892
853.28003	748.33698
853.97546	774.06439
854.67084	760.09821
855.36627	755.09076
856.06165	777.72211
856.75702	780.24829
857.45245	785.11475
858.14783	784.48584
858.8432	771.12799
859.53864	776.4903
860.23401	808.89642
860.92944	817.95087
861.62482	799.36188
862.32019	819.98895
863.01563	795.37286
863.711	834.33832
864.40643	799.73157
865.10181	836.8844
865.79718	830.086
866.49261	812.62994
867.18799	829.8877
867.88342	814.43225
868.5788	829.61945
869.27417	847.56775
869.9696	832.26019
870.66498	869.64294
871.36041	864.14685
872.05579	866.86163
872.75116	840.90924
873.44659	859.20337
874.14197	835.81708
874.8374	851.61993
875.53278	847.64142
876.22815	880.60193
876.92358	845.48688
877.61896	870.43848
878.31439	890.13287
879.00977	862.34363
879.70514	854.3277
880.40057	858.49902
881.09595	884.61743
881.79138	861.02789
882.48676	885.95874
883.18213	890.43713
883.87756	912.77429
884.57294	929.14154
885.26837	913.75403
885.96375	949.98096
886.65912	905.61261
887.35455	898.84753
888.04993	925.36432
888.74536	913.38263
889.44073	939.18933
890.13611	917.07001
890.83154	902.31683
891.52692	921.88702
892.22235	931.63971
892.91772	952.46381
893.6131	943.28802
894.30853	936.05182
895.00391	948.29388
895.69934	953.53833
896.39471	965.1261
897.09009	983.75708
897.78552	996.763
898.4809	987.005
899.17633	952.95251
899.8717	943.28705
900.56708	966.7157
901.26251	959.50653
901.95789	973.53046
902.65332	993.8606
903.34869	988.70685
904.04407	996.66309
904.7395	1000.4192
905.43488	989.66797
906.13031	999.90125
906.82568	1010.9573
907.52106	1013.7966
908.21649	1001.6991
908.91187	968.27606
909.6073	965.66174
910.30267	995.00024
910.99805	994.59106
911.69348	1001.2379
912.38885	1019.1557
913.08423	1023.1953
913.77966	999.45862
914.47504	964.1955
915.17047	975.19238
915.86584	1012.3233
916.56122	1023.104
917.25665	1031.1505
917.95203	1021.2136
918.64746	1014.4961
919.34283	1018.3409
920.03821	1014.5866
920.73364	992.93829
921.42902	1043.7921
922.12445	1041.6224
922.81982	1021.0444
923.5152	1008.7065
924.21063	1054.6072
924.90601	1016.134
925.60144	1055.5457
926.29681	1046.1243
926.99219	1032.2942
927.68762	1064.4589
928.383	1021.2487
929.07843	1014.887
929.7738	1031.3732
930.46918	1042.807
931.16461	1070.9629
931.85999	1042.2461
932.55542	1054.5996
933.25079	1078.3264
933.94617	1053.8784
934.6416	1048.5054
935.33698	1063.354
936.03241	1026.2988
936.72778	1039.8851
937.42316	1063.2758
938.11859	1051.0706
938.81396	1051.0482
939.5094	1075.0557
940.20477	1068.351
940.90015	1096.4559
941.59558	1117.2677
942.29095	1081.9103
942.98639	1034.127
943.68176	1024.4232
944.37714	1080.6825
945.07257	1095.0764
945.76794	1073.6937
946.46338	1065.671
947.15875	1073.2245
947.85413	1071.9525
948.54956	1081.8507
949.24493	1092.861
949.94037	1063.1071
950.63574	1095.9166
951.33112	1094.3319
952.02655	1094.2855
952.72192	1102.2172
953.41736	1061.1549
954.11273	1061.1979
954.80811	1095.4769
955.50354	1077.4459
956.19891	1068.3906
956.89435	1081.0043
957.58972	1067.7523
958.2851	1078.2056
958.98053	1114.8533
959.6759	1084.2773
960.37134	1076.3849
961.06671	1090.3496
961.76208	1079.5763
962.45752	1103.4562
963.15289	1107.0995
963.84833	1119.8274
964.5437	1121.616
965.23907	1090.515
965.93451	1061.3307
966.62988	1088.1349
967.32532	1090.1949
968.02069	1093.8102
968.71606	1099.812
969.4115	1101.7539
970.10687	1042.7656
970.80225	1041.3109
971.49768	1079.9287
972.19305	1079.6655
972.88849	1096.7347
973.58386	1111.6128
974.27924	1090.0145
974.97467	1083.3236
975.67004	1071.6968
976.36548	1109.6599
977.06085	1136.9619
977.75623	1111.8354
978.45166	1114.9425
979.14703	1093.7428
979.84247	1094.1709
980.53784	1082.2666
981.23322	1063.7582
981.92865	1092.1112
982.62402	1091.7764
983.31946	1077.4369
984.01483	1098.7316
984.71021	1082.2987
985.40564	1096.812
986.10101	1095.0234
986.79645	1111.0273
987.49182	1101.0023
988.18719	1070.4707
988.88263	1091.6362
989.578	1161.1185
990.27344	1090.7229
990.96881	1113.9861
991.66418	1113.0525
992.35962	1103.4799
993.05499	1111.1283
993.75043	1100.8088
994.4458	1066.3915
995.14117	1072.0183
995.83661	1083.3663
996.53198	1085.3579
997.22742	1080.943
997.92279	1094.1362
998.61816	1092.3412
999.3136	1083.2438
1000.009	1073.7228
1000.7044	1075.3953
1001.3998	1047.8236
1002.0952	1065.7128
1002.7906	1071.937
1003.486	1055.3521
1004.1814	1038.0917
1004.8768	1073.9166
1005.5721	1080.9691
1006.2676	1047.5354
1006.963	1061.0765
1007.6584	1074.9229
1008.3538	1061.8146
1009.0491	1051.0835
1009.7446	1059.5424
1010.4399	1041.8376
1011.1354	1106.5387
1011.8307	1060.0142
1012.5261	1041.7904
1013.2216	1034.1676
1013.9169	1049.5077
1014.6124	1064.9862
1015.3077	1073.7896
1016.0031	1061.2302
1016.6985	1035.6156
1017.3939	1038.4834
1018.0894	1032.0719
1018.7847	1021.1807
1019.4801	1031.6377
1020.1755	1034.297
1020.8709	1040.7504
1021.5663	1020.1202
1022.2617	1012.1837
1022.9571	1031.9507
1023.6525	1021.2288
1024.3479	1017.2061
1025.0433	1013.855
1025.7386	1022.6069
1026.4341	993.35144
1027.1295	977.77155
1027.825	984.95465
1028.5203	1002.7183
1029.2157	1002.8972
1029.9111	1002.8275
1030.6064	1003.0385
1031.3019	1007.6027
1031.9973	980.9325
1032.6926	964.50989
1033.3881	993.54865
1034.0835	988.33209
1034.7789	964.07275
1035.4742	973.76331
1036.1697	978.01648
1036.8651	966.95813
1037.5604	940.21631
1038.2559	973.68329
1038.9513	964.42249
1039.6466	943.37262
1040.342	935.125
1041.0375	922.72192
1041.7329	931.57947
1042.4282	941.05402
1043.1237	931.99658
1043.8191	938.53302
1044.5144	952.25812
1045.2098	921.27716
1045.9053	895.59851
1046.6006	873.66943
1047.296	900.68494
1047.9915	908.81744
1048.6869	903.82391
1049.3822	906.56409
1050.0776	891.81189
1050.7731	918.8783
1051.4684	920.72192
1052.1638	920.41553
1052.8593	910.28949
1053.5546	852.91156
1054.25	886.84369
1054.9454	866.11365
1055.6407	870.1311
1056.3362	831.50714
1057.0316	856.70538
1057.7271	862.58533
1058.4224	854.03949
1059.1178	841.29797
1059.8132	834.04602
1060.5085	821.24042
1061.204	829.7486
1061.8994	860.24561
1062.5947	840.33105
1063.2902	848.31781
1063.9856	820.6778
1064.681	808.21777
1065.3763	833.90448
1066.0718	836.23358
1066.7672	801.25281
1067.4625	793.12988
1068.158	815.23059
1068.8534	810.73413
1069.5487	790.3457
1070.2441	790.62909
1070.9396	797.14661
1071.635	808.02234
1072.3303	789.37109
1073.0258	792.71997
1073.7212	771.36792
1074.4165	764.47223
1075.1119	772.34198
1075.8074	759.83209
1076.5027	765.34192
1077.1981	758.21429
1077.8936	751.50391
1078.589	756.38068
1079.2843	750.49927
1079.9797	745.79358
1080.6752	751.00397
1081.3705	754.39551
1082.0659	742.85138
1082.7614	724.09222
1083.4567	714.64722
1084.1521	721.23492
1084.8475	729.40527
1085.543	725.98816
1086.2383	734.75891
1086.9337	703.9104
1087.6292	707.39532
1088.3245	708.03442
1089.0199	684.12201
1089.7153	694.03815
1090.4106	699.33209
1091.1061	712.19708
1091.8015	705.44513
1092.4969	693.33209
1093.1923	690.38287
1093.8877	699.12427
1094.5831	696.94501
1095.2784	685.90265
1095.9739	673.12164
1096.6693	676.55273
1097.3646	662.97565
1098.0601	658.01086
1098.7555	664.69354
1099.4509	666.75293
1100.1462	660.89569
1100.8417	657.42688
1101.5371	657.63507
1102.2324	652.79187
1102.9279	624.01801
1103.6233	642.83459
1104.3186	640.31824
1105.014	626.04657
1105.7095	631.16193
1106.4049	610.84918
1107.1002	622.48981
1107.7957	618.09296
1108.4911	628.95239
1109.1864	623.00867
1109.8818	618.22815
1110.5773	617.95758
1111.2726	604.99689
1111.968	605.49493
1112.6635	609.34705
1113.3588	625.3382
1114.0542	605.34021
1114.7496	610.45929
1115.4451	604.4884
1116.1404	585.76282
1116.8358	594.09241
1117.5313	599.79303
1118.2266	585.56781
1118.922	574.04486
1119.6174	569.44995
1120.3127	583.31274
1121.0082	578.8642
1121.7036	587.95599
1122.399	573.95898
1123.0944	561.98218
1123.7898	551.52014
1124.4852	566.12
1125.1805	572.24457
1125.876	555.39642
1126.5714	553.53186
1127.2667	555.49237
1127.9622	568.52142
1128.6576	566.96899
1129.353	549.04468
1130.0483	552.51733
1130.7438	543.40179
1131.4392	545.75909
1132.1345	551.99017
1132.83	529.32312
1133.5254	528.36743
1134.2207	528.60034
1134.9161	528.21411
1135.6116	532.18402
1136.307	538.89099
1137.0023	533.19843
1137.6978	528.96783
1138.3932	524.68823
1139.0885	525.93921
1139.7839	526.47321
1140.4794	524.18774
1141.1747	510.02655
1141.8701	510.76926
1142.5656	522.16455
1143.261	504.30832
1143.9563	516.6109
1144.6517	513.21613
1145.3472	500.61249
1146.0425	513.13385
1146.7379	499.06534
1147.4333	502.24796
1148.1287	514.65649
1148.8241	504.60672
1149.5195	503.53235
1150.215	494.89157
1150.9103	499.98425
1151.6057	501.59265
1152.3011	490.16467
1152.9965	495.76712
1153.6919	500.63528
1154.3873	496.46561
1155.0826	493.46796
1155.7781	488.10867
1156.4735	490.14255
1157.1689	488.50409
1157.8643	491.98694
1158.5597	463.74857
1159.2551	484.72644
1159.9504	474.62363
1160.6459	463.62411
1161.3413	497.25842
1162.0366	470.35165
1162.7321	485.78836
1163.4275	464.2247
1164.1229	457.77283
1164.8182	469.17822
1165.5137	456.21902
1166.2091	464.12741
1166.9044	453.75839
1167.5999	443.4407
1168.2953	454.45313
1168.9906	463.42383
1169.686	462.69699
1170.3815	476.28613
1171.0768	449.52917
1171.7722	455.55991
1172.4677	469.47971
1173.1631	471.74863
1173.8584	455.3793
1174.5538	458.64511
1175.2493	466.20465
1175.9446	441.75632
1176.64	442.62909
1177.3354	443.57095
1178.0308	448.89871
1178.7262	445.21976
1179.4216	439.04941
1180.1171	446.42191
1180.8124	438.89648
1181.5078	437.90057
1182.2032	438.59668
1182.8986	433.69827
1183.594	435.0289
1184.2894	428.00513
1184.9847	417.15967
1185.6802	407.25623
1186.3756	424.45267
1187.071	420.18369
1187.7664	428.49496
1188.4618	428.27524
1189.1572	415.9679
1189.8525	407.13861
1190.548	414.99362
1191.2434	398.73557
1191.9387	402.34958
1192.6342	400.36996
1193.3296	426.63504
1194.025	406.42245
1194.7203	409.25241
1195.4158	400.62054
1196.1112	391.34628
1196.8065	390.10336
1197.502	379.2674
1198.1974	398.71426
1198.8927	408.81027
1199.5881	407.67947
1200.2836	400.0043
1200.979	400.63132
1201.6743	394.66
1202.3698	396.13382
1203.0652	400.80496
1203.7605	387.00708
1204.4559	383.48013
1205.1514	382.61502
1205.8467	402.60358
1206.5421	386.80902
1207.2375	390.19547
1207.933	386.66675
1208.6283	376.5098
1209.3237	380.45526
1210.0192	375.75726
1210.7145	380.98169
1211.4099	376.70081
1212.1053	378.82724
1212.8007	377.9942
1213.4961	368.25998
1214.1915	349.71954
1214.887	361.42224
1215.5823	365.61945
1216.2777	356.85437
1216.9731	361.08365
1217.6685	367.33325
1218.3639	347.55157
1219.0593	360.15155
1219.7546	371.08023
1220.4501	347.23148
1221.1455	353.00562
1221.8408	363.67816
1222.5363	356.62241
1223.2317	371.7822
1223.9271	354.75174
1224.6224	361.45364
1225.3179	360.28494
1226.0133	355.10693
1226.7086	363.98822
1227.4041	356.37704
1228.0995	366.03543
1228.7948	359.42279
1229.4902	347.73282
1230.1857	352.10898
1230.8811	354.3812
1231.5764	368.85156
1232.2719	361.1236
1232.9673	362.70032
1233.6626	368.39368
1234.358	343.45969
1235.0535	369.3429
1235.7488	366.14645
1236.4442	335.33414
1237.1396	353.05441
1237.8351	351.34894
1238.5304	360.44254
1239.2258	357.43109
1239.9213	355.65561
1240.6166	351.56033
1241.312	348.36273
1242.0074	343.54227
1242.7028	360.39685
1243.3982	348.42722
1244.0936	339.08063
1244.7891	355.77127
1245.4844	331.57626
1246.1798	341.02695
1246.8752	358.25659
1247.5706	350.33893
1248.266	356.65585
1248.9614	347.74329
1249.6567	339.74265
1250.3522	344.49658
1251.0476	339.69724
1251.743	329.03516
1252.4384	332.55615
1253.1338	339.26236
1253.8292	362.91125
1254.5245	364.08664
1255.22	355.07458
1255.9154	350.9595
1256.6107	347.14136
1257.3062	344.84753
1258.0016	349.96616
1258.697	348.18402
1259.3923	343.94327
1260.0878	329.76074
1260.7832	350.07541
1261.4785	345.82883
1262.174	346.79794
1262.8694	351.98737
1263.5647	352.60172
1264.2601	335.99084
1264.9556	333.63861
1265.651	344.06601
1266.3463	349.42444
1267.0417	342.8378
1267.7372	358.33826
1268.4325	364.12207
1269.1279	356.23587
1269.8234	337.84991
1270.5187	332.42795
1271.2141	363.77124
1271.9095	356.88651
1272.605	349.76508
1273.3003	346.29941
1273.9957	347.87289
1274.6912	342.28976
1275.3865	336.82196
1276.0819	335.31622
1276.7773	348.89301
1277.4727	341.00629
1278.1681	337.65912
1278.8635	337.56152
1279.5588	331.6683
1280.2543	342.51584
1280.9497	359.09351
1281.6451	342.6572
1282.3405	343.37064
1283.0359	348.89484
1283.7313	346.65076
1284.4266	349.99292
1285.1221	337.07379
1285.8175	344.82532
1286.5128	354.8179
1287.2083	345.97757
1287.9037	356.95599
1288.5991	363.32147
1289.2944	344.71164
1289.9899	335.72675
1290.6853	351.94183
1291.3806	355.59616
1292.076	351.21573
1292.7715	347.84448
1293.4668	331.50015
1294.1622	340.94968
1294.8577	360.70694
1295.5531	348.52353
1296.2484	354.81461
1296.9438	351.85953
1297.6393	349.75021
1298.3346	336.23752
1299.03	323.0834
1299.7255	341.41379
1300.4208	346.04446
1301.1162	352.60007
1301.8116	358.42847
1302.5071	345.85846
1303.2024	327.01505
1303.8978	345.22122
1304.5933	343.21475
1305.2886	346.33664
1305.984	353.91367
1306.6794	343.00919
1307.3748	342.31183
1308.0702	350.60605
1308.7656	341.02966
1309.4611	349.12369
1310.1564	362.40387
1310.8518	363.06784
1311.5472	347.69644
1312.2426	339.6434
1312.938	345.76096
1313.6334	342.19516
1314.3287	333.91681
1315.0242	346.1394
1315.7196	350.33771
1316.415	342.79379
1317.1104	358.66913
1317.8058	349.22272
1318.5012	349.29776
1319.1965	361.3475
1319.892	359.86362
1320.5874	363.45468
1321.2827	360.87393
1321.9781	355.74014
1322.6736	354.10815
1323.369	364.00699
1324.0643	357.77615
1324.7598	363.85754
1325.4552	319.02219
1326.1505	338.85605
1326.8459	354.6012
1327.5414	372.08615
1328.2367	358.51657
1328.9321	343.79303
1329.6276	333.29123
1330.323	339.27466
1331.0183	353.93817
1331.7137	347.10281
1332.4092	342.50845
1333.1045	358.13049
1333.7999	338.69427
1334.4954	343.34329
1335.1907	339.66708
1335.8861	337.76028
1336.5815	340.42038
1337.2769	316.60654
1337.9723	333.25174
1338.6677	348.70856
1339.3632	346.58807
1340.0585	341.88794
1340.7539	341.62875
1341.4493	346.12799
1342.1447	341.65256
1342.8401	337.29318
1343.5355	327.20724
1344.2308	325.91458
1344.9263	332.7724
1345.6217	363.07617
1346.3171	346.11407
1347.0125	352.4657
1347.7079	359.72638
1348.4033	350.0336
1349.0986	336.86139
1349.7941	343.06149
1350.4895	345.3266
1351.1848	344.87549
1351.8802	349.79459
1352.5757	356.01831
1353.2711	343.21893
1353.9664	340.53665
1354.6619	353.71838
1355.3573	350.99393
1356.0526	366.83762
1356.748	349.62366
1357.4435	351.12589
1358.1388	348.45074
1358.8342	338.26013
1359.5297	333.78134
1360.2251	341.63821
1360.9204	339.9115
1361.6158	344.10931
1362.3113	339.61566
1363.0066	341.4733
1363.702	335.15302
1364.3975	360.50122
1365.0928	332.98401
1365.7882	341.34726
1366.4836	339.7103
1367.1791	339.42563
1367.8744	344.40506
1368.5698	337.36331
1369.2653	341.79996
1369.9606	339.23984
1370.656	345.50168
1371.3514	348.73175
1372.0468	348.6748
1372.7422	356.87866
1373.4376	340.86017
1374.1331	334.5369
1374.8284	339.17636
1375.5238	339.12561
1376.2192	345.10016
1376.9146	352.84485
1377.61	337.46771
1378.3054	341.02454
1379.0007	349.70279
1379.6962	360.87204
1380.3916	369.12387
1381.087	353.75366
1381.7823	350.68808
1382.4778	340.80603
1383.1732	347.05048
1383.8685	336.79141
1384.564	336.88004
1385.2594	344.03909
1385.9547	341.40979
1386.6501	354.07938
1387.3456	343.30249
1388.041	362.63062
1388.7363	374.0961
1389.4318	373.63995
1390.1272	385.84204
1390.8225	362.5304
1391.5179	361.29709
1392.2134	329.93253
1392.9087	346.60468
1393.6041	352.60867
1394.2996	361.38757
1394.9949	362.53003
1395.6903	365.629
1396.3857	374.2254
1397.0812	367.63644
1397.7765	357.73349
1398.4719	339.3649
1399.1674	352.20743
1399.8627	392.20779
1400.5581	353.21188
1401.2535	380.80685
1401.9489	347.77692
1402.6443	358.60132
1403.3397	353.59161
1404.0352	336.0405
1404.7305	349.04776
1405.4259	355.96719
1406.1213	356.20676
1406.8167	356.51233
1407.5121	360.54303
1408.2075	346.93063
1408.9028	364.27057
1409.5983	338.1275
1410.2937	349.08566
1410.9891	350.36044
1411.6844	339.01938
1412.3799	349.49106
1413.0753	359.57037
1413.7706	343.89142
1414.4661	354.31876
1415.1615	367.67453
1415.8568	357.27084
1416.5522	357.27084
1417.2477	357.27084
1417.9431	381.98587
1418.6384	386.84235
1419.3339	390.16373
1420.0293	370.9599
1420.7246	370.11261
1421.42	365.83875
1422.1155	352.98053
1422.8108	347.99802
1423.5062	344.39578
1424.2017	336.45764
1424.8971	354.78607
1425.5924	341.71429
1426.2878	351.43454
1426.9833	340.2554
1427.6786	353.52185
1428.374	352.16647
1429.0695	357.20566
1429.7648	350.29434
1430.4602	349.15219
1431.1556	347.93814
1431.8511	360.11215
1432.5464	350.95526
1433.2418	355.06769
1433.9373	352.3949
1434.6326	357.09998
1435.328	363.37531
1436.0234	359.10074
1436.7188	363.40994
1437.4142	372.65182
1438.1096	361.80646
1438.8051	353.12006
1439.5004	356.15369
1440.1958	353.1987
1440.8912	347.83136
1441.5865	355.15402
1442.282	369.64868
1442.9774	350.48526
1443.6727	350.53943
1444.3682	355.54779
1445.0636	358.20773
1445.7589	354.54953
1446.4543	342.03918
1447.1498	345.71375
1447.8452	350.8725
1448.5405	336.43576
1449.236	346.60184
1449.9314	362.54996
1450.6267	357.59943
1451.3221	361.31946
1452.0176	366.43661
1452.7129	367.74469
1453.4083	356.15799
1454.1038	351.35214
1454.7992	361.57358
1455.4945	370.87799
1456.1899	375.1329
1456.8854	352.71933
1457.5807	362.34686
1458.2761	354.75131
1458.9716	361.77075
1459.6669	372.76544
1460.3623	356.30234
1461.0577	348.59662
1461.7532	350.4053
1462.4485	333.66129
1463.1439	334.87732
1463.8394	366.2569
1464.5347	364.00287
1465.2301	354.8923
1465.9255	348.71976
1466.6208	350.06763
1467.3163	362.85049
1468.0117	360.64865
1468.7072	346.21548
1469.4025	347.65787
1470.0979	357.74747
1470.7933	347.30701
1471.4886	350.30829
1472.1841	338.65817
1472.8795	365.18591
1473.5748	348.36066
1474.2703	357.74445
1474.9657	348.73944
1475.6611	345.16385
1476.3564	353.27115
1477.0519	354.66129
1477.7473	342.42365
1478.4426	354.85129
1479.1381	366.27557
1479.8335	360.31055
1480.5288	369.8222
1481.2242	360.02829
1481.9197	357.6424
1482.6151	355.8287
1483.3104	355.73737
1484.0059	359.45309
1484.7013	360.48944
1485.3966	361.24866
1486.092	355.86172
1486.7875	361.67145
1487.4828	348.75018
1488.1782	354.664
1488.8737	352.84415
1489.5691	352.84912
1490.2644	369.82932
1490.9598	385.0144
1491.6553	393.37714
1492.3506	367.46521
1493.046	357.87454
1493.7415	356.15936
1494.4368	364.37607
1495.1322	350.97113
1495.8276	357.9726
1496.5231	349.1001
1497.2184	349.62299
1497.9138	375.93277
1498.6093	368.04205
1499.3046	357.45529
1500	342.05096
