25.061272	973.22412
25.75667	980.84631
26.452066	981.64453
27.147465	1019.0714
27.842863	951.86487
28.538261	945.1109
29.233658	980.45898
29.929056	982.79333
30.624454	989.89484
31.319851	981.64453
32.015251	981.77087
32.710648	983.58551
33.406044	976.63312
34.101444	1072.8203
34.796841	1168.7632
35.492237	1218.2061
36.187637	1200.0992
36.883034	1062.955
37.57843	1083.4155
38.27383	1083.4155
38.969227	1083.4155
39.664627	1083.4155
40.360023	1062.955
41.05542	1047.8988
41.75082	1055.854
42.446217	1060.5762
43.141613	1048.4857
43.837013	1074.0741
44.53241	1094.2614
45.227806	1081.4945
45.923206	1101.9109
46.618603	1124.4132
47.314003	1097.7214
48.009399	1097.649
48.704796	1175.0848
49.400196	1177.2474
50.095592	1174.3132
50.790989	1164.2477
51.486389	1172.1451
52.181786	1185.392
52.877182	1177.8818
53.572582	1173.0911
54.267979	1180.0093
54.963375	1189.7216
55.658775	1189.6492
56.354172	1169.1802
57.049572	1145.8217
57.744968	1138.3005
58.440365	1164.3971
59.135765	1175.7845
59.831161	1178.4893
60.526558	1181.5219
61.221958	1160.425
61.917355	1192.1475
62.612751	1219.2321
63.308151	1169.1794
64.003548	1202.0131
64.698944	1176.6108
65.394341	1182.7384
66.089745	1206.9395
66.785141	1209.0006
67.480537	1208.5516
68.175934	1226.1592
68.87133	1225.8325
69.566734	1187.4558
70.262131	1171.6466
70.957527	1222.7261
71.652924	1293.3574
72.34832	1278.7714
73.043716	1222.0726
73.73912	1238.3529
74.434517	1235.0486
75.129913	1218.8323
75.82531	1225.4467
76.520706	1229.9292
77.21611	1244.1713
77.911507	1224.2283
78.606903	1189.3181
79.302299	1231.3948
79.997696	1251.2446
80.693092	1232.715
81.388496	1214.116
82.083893	1196.385
82.779289	1193.7458
83.474686	1218.3644
84.170082	1231.0652
84.865479	1203.3795
85.560883	1222.0963
86.256279	1236.8024
86.951675	1235.969
87.647072	1202.7229
88.342468	1226.4072
89.037872	1234.8287
89.733269	1230.6642
90.428665	1243.0551
91.124062	1268.2288
91.819458	1264.7751
92.514854	1238.8622
93.210258	1247.3627
93.905655	1215.5697
94.601051	1248.4613
95.296448	1198.6311
95.991844	1217.7908
96.687248	1226.5476
97.382645	1227.4719
98.078041	1215.4346
98.773438	1218.5859
99.468834	1210.7445
100.16423	1200.1515
100.85963	1218.2297
101.55503	1177.5942
102.25043	1197.6429
102.94582	1211.111
103.64122	1211.111
104.33662	1211.111
105.03202	1211.111
105.72742	1211.111
106.42281	1232.0135
107.11821	1167.1986
107.81361	1156.9136
108.50901	1158.2096
109.20441	1205.9541
109.8998	1232.9801
110.5952	1202.0557
111.2906	1187.4807
111.986	1198.5822
112.6814	1160.4661
113.37679	1154.1412
114.07219	1165.3812
114.76759	1200.3699
115.46298	1200.8258
116.15839	1154.118
116.85378	1125.4918
117.54918	1145.4937
118.24458	1169.7227
118.93997	1199.0671
119.63537	1242.6979
120.33077	1170.0532
121.02617	1124.7578
121.72157	1162.0208
122.41696	1159.923
123.11236	1158.3335
123.80776	1185.8167
124.50316	1186.5985
125.19855	1145.6177
125.89395	1134.7285
126.58935	1163.8948
127.28474	1157.7363
127.98015	1169.4231
128.67554	1151.0629
129.37094	1146.415
130.06635	1148.8947
130.76173	1147.8516
131.45714	1118.0924
132.15253	1143.8687
132.84793	1156.9504
133.54333	1119.056
134.23872	1117.5275
134.93413	1123.3438
135.62952	1127.7545
136.32492	1159.4668
137.02031	1123.2767
137.71571	1155.8529
138.41112	1111.4352
139.10651	1087.3964
139.80191	1101.3857
140.4973	1128.9628
141.1927	1109.374
141.88811	1093.035
142.5835	1119.4275
143.2789	1113.3259
143.97429	1118.9849
144.66969	1115.4943
145.3651	1126.5455
146.06049	1137.5377
146.75589	1101.6552
147.45128	1143.4901
148.14668	1123.974
148.84209	1098.0294
149.53748	1113.3945
150.23288	1130.4426
150.92827	1121.8309
151.62367	1104.8586
152.31906	1083.8668
153.01447	1072.4155
153.70987	1034.4318
154.40526	1050.1722
155.10066	1079.4222
155.79605	1107.351
156.49146	1062.3671
157.18686	1038.9148
157.88225	1065.3112
158.57765	1082.9982
159.27304	1075.7865
159.96844	1069.4611
160.66385	1062.0154
161.35924	1050.2385
162.05464	1062.3149
162.75003	1018.9745
163.44543	1028.2899
164.14084	1088.8735
164.83623	1067.3724
165.53163	1096.698
166.22702	1069.1871
166.92242	1062.8478
167.61781	1073.587
168.31322	1075.4526
169.00862	1083.2694
169.70401	1094.8735
170.39941	1086.4449
171.0948	1047.7251
171.79021	1049.8977
172.48561	1056.3143
173.181	1062.0918
173.8764	1052.0935
174.57179	999.06757
175.2672	1004.7869
175.9626	1025.6177
176.65799	1034.2277
177.35339	1043.7705
178.04878	1055.8904
178.74419	1053
179.43958	1027.0676
180.13498	1008.5262
180.83038	1071.9565
181.52577	1049.621
182.22118	1023.0193
182.91656	1045.3553
183.61197	1069.0745
184.30737	1041.7051
185.00276	1050.2321
185.69817	1031.7628
186.39355	991.90472
187.08896	989.34052
187.78436	1006.0549
188.47975	1010.0379
189.17516	1022.6993
189.87054	989.91193
190.56595	977.77734
191.26135	1038.984
191.95674	1037.4104
192.65215	1034.4811
193.34753	1050.9833
194.04294	1015.1814
194.73833	944.97888
195.43373	944.49524
196.12914	984.23895
196.82452	1007.722
197.51993	1038.2479
198.21532	1043.0782
198.91072	986.04681
199.60612	1006.628
200.30151	1027.6445
200.99692	1021.2339
201.69231	1046.8713
202.38771	976.38373
203.08311	989.60657
203.7785	1004.7799
204.47391	1013.2003
205.1693	1011.9708
205.8647	1000.0079
206.5601	1003.0343
207.25549	1012.8267
207.9509	991.43164
208.64629	993.27972
209.34169	1002.3597
210.03708	937.96222
210.73248	947.32062
211.42789	968.80084
212.12328	994.36884
212.81868	1007.3289
213.51407	993.55933
214.20947	978.68567
214.90488	950.34778
215.60027	951.78406
216.29567	979.63666
216.99106	971.37378
217.68646	971.59363
218.38187	995.35669
219.07726	979.62463
219.77266	951.5636
220.46805	978.62445
221.16345	987.19537
221.85884	1001.4958
222.55424	973.2478
223.24965	974.72937
223.94504	963.11676
224.64044	964.32422
225.33583	966.75842
226.03123	959.30621
226.72664	952.06476
227.42203	933.13354
228.11743	944.65399
228.81282	941.97827
229.50822	947.5589
230.20363	919.69904
230.89902	981.93243
231.59442	948.53577
232.28981	956.62347
232.98521	950.01501
233.68062	945.15649
234.37601	941.35999
235.07141	953.88342
235.7668	968.77826
236.4622	978.42786
237.15759	996.1095
237.853	983.04608
238.5484	935.12732
239.24379	953.93121
239.93919	942.49329
240.63458	938.51166
241.32999	949.22198
242.02539	947.19135
242.72078	911.46313
243.41618	932.0589
244.11157	923.05377
244.80698	903.6264
245.50238	904.42365
246.19777	913.90802
246.89317	905.60773
247.58856	888.40063
248.28397	912.47144
248.97935	945.18695
249.67476	945.18195
250.37016	861.10162
251.06555	906.98584
251.76096	877.06458
252.45634	938.09912
253.15175	933.06696
253.84715	920.10504
254.54254	925.94452
255.23795	924.93823
255.93333	919.54584
256.62872	899.85071
257.32413	882.6991
258.01953	904.3266
258.71494	927.16638
259.41034	921.27869
260.10571	911.90851
260.80112	912.62512
261.49652	881.02332
262.19193	930.77783
262.88733	927.99243
263.5827	911.87854
264.27811	890.46515
264.97351	906.87341
265.66891	923.64636
266.36432	916.9856
267.05969	911.26074
267.7551	905.7821
268.4505	896.66858
269.1459	910.87634
269.84131	921.27179
270.53668	890.00873
271.23209	910.41388
271.92749	892.84387
272.62289	919.01678
273.3183	912.79346
274.01367	910.45551
274.70908	857.10364
275.40448	904.6828
276.09988	922.99988
276.79529	921.38605
277.49066	911.90936
278.18607	909.17932
278.88147	917.10199
279.57687	900.91364
280.27228	871.96356
280.96765	882.37286
281.66306	889.18036
282.35846	882.59222
283.05386	913.73193
283.74924	875.36084
284.44464	900.72351
285.14005	906.79724
285.83545	904.33075
286.53085	886.09857
287.22623	885.63873
287.92163	868.13361
288.61703	865.68878
289.31244	895.22894
290.00784	897.55048
290.70322	879.57111
291.39862	893.91693
292.09402	883.0528
292.78943	859.79279
293.48483	886.65338
294.18021	899.90918
294.87561	907.50311
295.57101	879.41425
296.26642	911.9726
296.96182	926.51923
297.6572	867.30994
298.3526	870.30438
299.048	879.3418
299.74341	883.12689
300.43881	891.27502
301.13419	894.03241
301.82959	891.29797
302.52499	890.98132
303.2204	881.57953
303.9158	864.41248
304.61118	890.17499
305.30658	879.3443
306.00198	849.06696
306.69739	854.79498
307.39279	873.57721
308.08817	863.64453
308.78357	854.75653
309.47897	894.69299
310.17438	864.9599
310.86978	859.75824
311.56516	877.29163
312.26056	839.43445
312.95596	818.59454
313.65137	867.77527
314.34674	898.63458
315.04214	877.55469
315.73755	857.87531
316.43295	856.16241
317.12836	853.00427
317.82373	888.46759
318.51913	881.02728
319.21454	847.98053
319.90994	843.66614
320.60535	851.79639
321.30072	885.47784
321.99612	888.13751
322.69153	889.02502
323.38693	883.41541
324.08234	878.82147
324.77771	867.94849
325.47311	842.8363
326.16852	826.98468
326.86392	845.6134
327.55933	864.8905
328.2547	833.60156
328.9501	848.30194
329.64551	896.04907
330.34091	866.7431
331.03632	851.03796
331.73169	839.43561
332.42709	864.43237
333.1225	893.66132
333.8179	904.36804
334.51331	900.13776
335.20868	872.1001
335.90408	884.79358
336.59949	881.25159
337.29489	872.32697
337.9903	885.62152
338.68567	878.5722
339.38107	863.70154
340.07648	871.6994
340.77188	856.90143
341.46725	870.57825
342.16266	854.32239
342.85806	864.74847
343.55347	862.07153
344.24887	864.9903
344.94424	854.31732
345.63965	862.64282
346.33505	869.14056
347.03046	869.67773
347.72586	874.06335
348.42123	863.62616
349.11664	865.47009
349.81204	884.26483
350.50745	899.8606
351.20285	898.89105
351.89822	890.97577
352.59363	890.73083
353.28903	879.55322
353.98444	858.67078
354.67984	887.85443
355.37521	899.1145
356.07062	890.05896
356.76602	898.98566
357.46143	860.33722
358.15683	878.6084
358.8522	862.83862
359.54761	855.83478
360.24301	886.46741
360.93842	871.1106
361.63382	889.94073
362.32919	896.05267
363.0246	873.9585
363.72	869.23535
364.41541	876.50824
365.11081	882.13959
365.80618	867.9776
366.50159	842.57312
367.19699	892.62122
367.8924	883.8703
368.58777	893.42633
369.28317	897.60614
369.97858	905.34399
370.67398	926.77832
371.36938	917.25769
372.06476	827.46112
372.76016	886.90564
373.45557	864.14648
374.15097	881.86554
374.84637	897.78455
375.54175	888.22253
376.23715	873.88672
376.93256	866.64996
377.62796	868.33563
378.32336	879.96967
379.01874	886.94855
379.71414	895.21289
380.40955	918.98151
381.10495	908.1322
381.80035	878.59216
382.49573	863.89801
383.19113	889.55054
383.88654	888.99091
384.58194	807.09247
385.27734	884.63049
385.97272	894.22729
386.66812	888.89917
387.36353	871.75299
388.05893	862.72418
388.75433	870.47675
389.44971	868.87756
390.14511	867.55725
390.84052	870.69104
391.53592	883.021
392.23132	893.99036
392.9267	889.99768
393.6221	886.56763
394.3175	882.6156
395.01291	872.81793
395.70828	897.49414
396.40369	898.03094
397.09909	896.58057
397.79449	909.72028
398.4899	903.27087
399.18527	910.0235
399.88068	884.35779
400.57608	902.82233
401.27148	904.57465
401.96689	921.68842
402.66226	935.0188
403.35767	898.83673
404.05307	918.03131
404.74847	900.07758
405.44388	915.5896
406.13925	899.90094
406.83466	888.03497
407.53006	902.11621
408.22546	899.87195
408.92087	913.37933
409.61624	913.37933
410.31165	913.37933
411.00705	913.37933
411.70245	966.74066
412.39786	966.60748
413.09323	913.37933
413.78864	949.73694
414.48404	929.55255
415.17944	876.67914
415.87485	882.65039
416.57022	918.61401
417.26563	906.56146
417.96103	914.2807
418.65643	928.73541
419.35184	893.64972
420.04721	898.9895
420.74261	920.89404
421.43802	930.1145
422.13342	918.03033
422.82883	908.27368
423.5242	920.30981
424.2196	926.63147
424.91501	911.95007
425.61041	916.99915
426.30579	943.23572
427.00119	919.72803
427.69659	920.93036
428.392	920.41119
429.0874	909.91254
429.78278	921.68146
430.47818	948.242
431.17358	939.21881
431.86899	964.28949
432.56439	941.86005
433.25977	912.65375
433.95517	932.72321
434.65057	941.45251
435.34598	940.24347
436.04138	931.2345
436.73676	920.45856
437.43216	938.54834
438.12756	970.30371
438.82297	980.34338
439.51837	965.93152
440.21375	963.04272
440.90915	966.48785
441.60455	934.19879
442.29996	904.35571
442.99536	927.93805
443.69073	949.51471
444.38614	937.03333
445.08154	958.72437
445.77695	982.47131
446.47235	1005.5883
447.16772	961.58167
447.86313	993.16034
448.55853	946.75281
449.25394	959.77338
449.94934	949.60614
450.64471	923.70087
451.34012	947.43701
452.03552	927.53101
452.73093	967.39917
453.4263	972.42072
454.1217	989.93793
454.81711	982.51221
455.51251	964.5816
456.20792	932.0354
456.90329	930.81726
457.59869	959.92462
458.2941	973.75623
458.9895	971.05792
459.68491	959.23425
460.38028	960.79663
461.07568	932.63214
461.77109	990.80762
462.46649	982.80469
463.1619	927.57385
463.85727	969.07123
464.55267	986.52802
465.24808	973.23413
465.94348	982.88824
466.63889	972.7149
467.33426	984.95221
468.02966	980.78046
468.72507	985.8479
469.42047	956.13513
470.11588	975.17548
470.81125	1014.5022
471.50665	996.47998
472.20206	993.35944
472.89746	983.06592
473.59286	996.37317
474.28824	1016.975
474.98364	976.48029
475.67905	959.12335
476.37445	982.63538
477.06985	995.18689
477.76523	1009.0237
478.46063	991.87653
479.15604	985.56494
479.85144	1000.6888
480.54681	971.58087
481.24222	991.98096
481.93762	984.17053
482.63303	982.46802
483.32843	1015.8542
484.0238	994.07104
484.71921	981.30872
485.41461	960.15924
486.11002	1018.077
486.80542	956.11731
487.50079	980.88562
488.1962	970.64612
488.8916	979.26312
489.58701	971.63232
490.28241	999.13855
490.97778	1027.6555
491.67319	1004.4144
492.36859	1003.9667
493.064	1009.0557
493.7594	1005.1077
494.45477	991.98761
495.15018	1009.8846
495.84558	1019.4926
496.54099	1002.543
497.23639	998.75397
497.93176	989.46979
498.62717	993.36786
499.32257	1020.3053
500.01797	1024.9703
500.71338	1031.6769
501.40875	1026.8066
502.10416	1030.1387
502.79956	1062.7673
503.49496	1016.4341
504.19037	1000.8777
504.88574	1011.532
505.58115	962.35278
506.27655	1012.4968
506.97195	1014.9344
507.66733	986.36017
508.36273	1021.2089
509.05814	1021.273
509.75354	1030.5292
510.44894	1018.0017
511.14432	986.69275
511.83972	1028.2228
512.53516	1015.9263
513.23053	1030.501
513.9259	1030.1725
514.62134	1002.857
515.31671	991.71503
516.01215	994.30627
516.70752	1021.5031
517.40289	1040.7596
518.09833	1027.9913
518.7937	1002.4293
519.48914	984.98022
520.18451	1005.1399
520.87988	1008.8566
521.57532	967.55988
522.27069	984.50256
522.96606	998.90668
523.6615	1018.1393
524.35687	1033.4199
525.05231	1000.4677
525.74768	961.35724
526.44305	1036.7429
527.13849	1007.6887
527.83386	1019.2771
528.5293	1039.635
529.22467	982.18134
529.92004	1040.2462
530.61548	1053.4203
531.31085	995.42139
532.00629	1001.8712
532.70166	973.87085
533.39703	1005.0048
534.09247	1006.4515
534.78784	1015.2133
535.48328	1010.1515
536.17865	998.22235
536.87402	984.67657
537.56946	969.43677
538.26483	982.07104
538.96027	1018.6855
539.65564	1033.0397
540.35101	1022.4125
541.04645	1012.4357
541.74182	1023.2438
542.43726	1027.6165
543.13263	1020.8895
543.828	1016.123
544.52344	1012.5342
545.21881	1003.679
545.91425	990.16046
546.60962	997.33582
547.30499	985.97919
548.00043	986.80084
548.6958	977.67346
549.39124	992.39722
550.08661	1024.7946
550.78198	1004.995
551.47742	1005.2411
552.17279	987.39777
552.86823	1017.0975
553.5636	983.00293
554.25897	1018.1268
554.95441	974.51953
555.64978	979.68951
556.34521	981.81781
557.04059	1005.2638
557.73596	1008.1891
558.4314	986.81989
559.12677	979.57074
559.8222	964.92212
560.51758	975.88275
561.21295	995.85577
561.90839	979.61456
562.60376	976.69189
563.29919	979.53278
563.99457	990.16687
564.68994	964.99609
565.38538	955.5838
566.08075	945.21039
566.77618	981.10608
567.47156	990.71051
568.16693	971.22253
568.86237	970.73993
569.55774	955.10107
570.25317	967.41479
570.94855	980.60083
571.64392	960.11871
572.33936	945.58661
573.03473	944.2821
573.73016	968.0575
574.42554	967.24109
575.12091	963.12585
575.81635	970.83966
576.51172	956.67987
577.20715	933.77924
577.90253	924.50922
578.5979	931.16071
579.29333	937.47333
579.98871	928.74585
580.68408	937.70227
581.37952	917.28119
582.07489	901.1402
582.77032	924.02362
583.4657	945.02679
584.16107	938.84509
584.85651	924.42035
585.55188	931.07855
586.24731	960.58545
586.94269	914.71655
587.63806	892.13129
588.3335	887.22455
589.02887	916.68646
589.7243	934.06268
590.41968	917.06531
591.11505	906.30127
591.81049	899.8902
592.50586	926.01379
593.20129	924.31549
593.89667	910.40332
594.59204	884.11133
595.28748	901.45532
595.98285	890.13495
596.67828	893.81067
597.37366	881.80347
598.06903	887.48541
598.76447	857.47302
599.45984	866.4693
600.15527	866.04816
600.85065	858.41425
601.54602	872.04358
602.24146	863.3465
602.93683	857.42316
603.63226	874.51215
604.32764	877.55054
605.02301	873.07922
605.71844	866.9859
606.41382	833.83704
607.10925	823.14642
607.80463	823.30243
608.5	817.50842
609.19543	832.73541
609.89081	840.23999
610.58624	833.57233
611.28162	822.66644
611.97699	817.12592
612.67242	819.65002
613.3678	832.74524
614.06323	845.77679
614.75861	814.19678
615.45398	826.35986
616.14941	827.46124
616.84479	800.37201
617.54022	816.05548
618.2356	844.08386
618.93097	835.87091
619.6264	829.08368
620.32178	788.73352
621.01721	782.47913
621.71259	792.72607
622.40796	789.47333
623.10339	769.65277
623.79877	766.43884
624.4942	807.18805
625.18958	799.25427
625.88495	778.09119
626.58038	789.59088
627.27576	802.44482
627.97119	785.17212
628.66656	777.89581
629.36194	772.75848
630.05737	755.80225
630.75275	786.4668
631.44818	759.36395
632.14355	763.3797
632.83893	778.21796
633.53436	760.01532
634.22974	770.08044
634.92511	780.60083
635.62054	783.99463
636.31592	774.44501
637.01135	782.53558
637.70673	787.86401
638.4021	770.37091
639.09753	753.95093
639.79291	775.41095
640.48834	800.62854
641.18372	787.51825
641.87909	770.2337
642.57452	776.99731
643.2699	789.06726
643.96533	768.49249
644.66071	759.45801
645.35608	769.94159
646.05151	760.5993
646.74689	758.09045
647.44232	747.04163
648.1377	742.78375
648.83307	764.00201
649.5285	769.35529
650.22388	762.26331
650.91931	753.68921
651.61469	761.45514
652.31006	778.08594
653.00549	772.81488
653.70087	765.9024
654.3963	779.09399
655.09167	784.93481
655.78705	786.84357
656.48248	767.35083
657.17786	772.35834
657.87329	748.79437
658.56866	765.0733
659.26404	765.06348
659.95947	767.05151
660.65485	763.02545
661.35028	758.45093
662.04565	756.55365
662.74103	758.95337
663.43646	756.43549
664.13184	748.75513
664.82727	755.84546
665.52264	763.50781
666.21802	755.38989
666.91345	746.26422
667.60883	753.94525
668.30426	759.65454
668.99963	759.66705
669.69501	777.97595
670.39044	766.1972
671.08582	746.50494
671.78125	738.49707
672.47662	738.94757
673.172	754.4668
673.86743	753.50189
674.56281	747.51294
675.25824	740.64215
675.95361	748.4068
676.64899	760.9115
677.34442	755.9151
678.03979	746.36584
678.73523	745.14429
679.4306	763.18414
680.12598	764.77661
680.82141	732.99597
681.51678	766.60974
682.21222	756.93024
682.90759	776.7049
683.60297	757.8894
684.2984	765.08862
684.99377	768.92358
685.68921	736.12781
686.38458	754.83765
687.07996	748.06696
687.77539	756.38141
688.47076	772.8501
689.16614	761.92609
689.86157	780.70123
690.55695	764.06311
691.25238	758.60339
691.94775	762.47888
692.64313	749.84052
693.33856	778.16406
694.03394	767.90387
694.72937	754.07526
695.42474	769.82703
696.12012	748.98529
696.81555	768.54993
697.51093	761.56128
698.20636	764.31439
698.90173	765.20282
699.59711	768.84045
700.29254	760.49762
700.98792	781.40393
701.68335	764.12244
702.37872	746.84637
703.0741	747.46326
703.76953	762.48914
704.4649	744.26935
705.16034	760.323
705.85571	796.2149
706.55109	769.14453
707.24652	772.14105
707.94189	763.30347
708.63733	753.48364
709.3327	771.21033
710.02808	764.60962
710.72351	758.80005
711.41888	757.63629
712.11432	748.49609
712.80969	762.4408
713.50507	762.62329
714.2005	740.28259
714.89587	734.74469
715.59131	742.98474
716.28668	772.91986
716.98206	762.27728
717.67749	754.76294
718.37286	759.19037
719.0683	762.25446
719.76367	777.27466
720.45905	771.13763
721.15448	770.77728
721.84985	746.3606
722.54529	745.23053
723.24066	745.4801
723.93604	738.66083
724.63147	731.67303
725.32684	750.73199
726.02228	751.72583
726.71765	727.64282
727.41302	751.22113
728.10846	731.07935
728.80383	757.19476
729.49927	748.31635
730.19464	767.43024
730.89001	758.77661
731.58545	756.36896
732.28082	732.03119
732.97626	756.96411
733.67163	739.53308
734.367	724.43219
735.06244	758.63257
735.75781	764.66235
736.45325	734.75043
737.14862	746.08765
737.84399	767.12115
738.53943	737.2854
739.2348	732.25555
739.93024	749.11108
740.62561	719.49854
741.32098	738.52966
742.01642	762.24359
742.71179	714.65045
743.40723	736.21326
744.1026	745.41058
744.79797	754.4342
745.49341	717.39825
746.18878	752.52081
746.88416	717.03821
747.57959	729.86243
748.27496	739.91547
748.9704	694.08893
749.66577	727.95435
750.36115	703.8689
751.05658	700.54462
751.75195	738.01617
752.44739	732.23199
753.14276	752.89716
753.83813	705.10632
754.53357	740.28168
755.22894	711.90833
755.92438	701.12598
756.61975	695.20197
757.31512	681.52112
758.01056	683.58093
758.70593	704.34814
759.40137	710.73901
760.09674	703.0968
760.79211	707.67749
761.48755	686.09424
762.18292	676.25372
762.87836	699.56055
763.57373	710.72803
764.2691	709.63629
764.96454	709.28711
765.65991	719.81641
766.35535	731.83002
767.05072	712.53168
767.74609	709.98315
768.44153	702.08276
769.1369	705.81189
769.83234	707.52466
770.52771	706.59082
771.22308	701.88281
771.91852	701.53589
772.61389	719.16858
773.30933	725.29645
774.0047	696.01788
774.70007	675.79578
775.39551	686.78528
776.09088	693.60297
776.78632	701.78448
777.48169	715.86615
778.17706	703.31415
778.8725	699.40277
779.56787	689.68945
780.26331	703.30151
780.95868	685.82324
781.65405	706.76569
782.34949	692.84619
783.04486	681.05029
783.7403	690.6286
784.43567	686.79565
785.13104	695.67834
785.82648	696.00006
786.52185	688.06512
787.21729	678.8692
787.91266	676.38477
788.60803	681.47211
789.30347	683.46649
789.99884	664.98132
790.69427	654.61292
791.38965	659.15839
792.08502	686.76501
792.78046	693.98785
793.47583	686.84106
794.17126	681.86267
794.86664	680.62549
795.56201	683.42639
796.25745	692.97504
796.95282	667.84534
797.64825	647.67731
798.34363	665.41034
799.039	693.50018
799.73444	705.32617
800.42981	685.64417
801.12518	670.97156
801.82062	673.03784
802.51599	685.47662
803.21143	672.74261
803.9068	664.27539
804.60217	672.55737
805.29761	666.84991
805.99298	668.59583
806.68842	672.09479
807.38379	671.1507
808.07916	661.05035
808.7746	658.18439
809.46997	667.72644
810.16541	660.24493
810.86078	659.26636
811.55615	653.23328
812.25159	653.92743
812.94696	664.63678
813.6424	672.75488
814.33777	642.26343
815.03314	632.97668
815.72858	643.0564
816.42395	637.47791
817.11938	637.28522
817.81476	648.71606
818.51013	650.60742
819.20557	648.1062
819.90094	647.41968
820.59637	636.22491
821.29175	629.45923
821.98712	619.3371
822.68256	635.9021
823.37793	631.97601
824.07336	639.57495
824.76874	653.27893
825.46411	647.62756
826.15955	640.14734
826.85492	652.86163
827.55035	671.11816
828.24573	667.57257
828.9411	655.76019
829.63654	647.46625
830.33191	651.18658
831.02734	656.22864
831.72272	648.57874
832.41809	646.48303
833.11353	651.26514
833.8089	635.54633
834.50433	634.48022
835.19971	643.30438
835.89508	645.27344
836.59052	629.75214
837.28589	640.10577
837.98132	653.83258
838.6767	663.67432
839.37207	672.82739
840.0675	658.50568
840.76288	660.66382
841.45831	667.58295
842.15369	661.66382
842.84906	638.04651
843.54449	652.18781
844.23987	649.78589
844.9353	672.67365
845.63068	685.69061
846.32605	689.21362
847.02148	688.80798
847.71686	681.92157
848.41229	704.50653
849.10767	685.55402
849.80304	680.89374
850.49847	666.54688
851.19385	673.23138
851.88928	697.38898
852.58466	719.44684
853.28003	718.75726
853.97546	700.08496
854.67084	692.58154
855.36627	702.98627
856.06165	731.72943
856.75702	722.99896
857.45245	724.29425
858.14783	736.79907
858.8432	724.3606
859.53864	711.92383
860.23401	747.32556
860.92944	712.9621
861.62482	732.06165
862.32019	732.77887
863.01563	721.82672
863.711	706.30914
864.40643	753.07068
865.10181	724.37421
865.79718	707.2179
866.49261	757.63794
867.18799	742.50146
867.88342	753.5423
868.5788	722.53204
869.27417	747.18427
869.9696	738.15674
870.66498	767.52612
871.36041	757.21466
872.05579	773.76245
872.75116	781.6275
873.44659	748.8515
874.14197	784.89532
874.8374	762.13031
875.53278	776.08588
876.22815	783.80927
876.92358	798.85187
877.61896	786.58411
878.31439	772.62207
879.00977	806.948
879.70514	802.17566
880.40057	811.94043
881.09595	784.94965
881.79138	794.49078
882.48676	797.61548
883.18213	810.32117
883.87756	784.95142
884.57294	808.07855
885.26837	819.73914
885.96375	842.65887
886.65912	833.3927
887.35455	826.9184
888.04993	829.04083
888.74536	846.25952
889.44073	842.32477
890.13611	836.87006
890.83154	844.64838
891.52692	836.82837
892.22235	853.28168
892.91772	850.06604
893.6131	856.40027
894.30853	867.97345
895.00391	866.45001
895.69934	874.87579
896.39471	849.93353
897.09009	844.20148
897.78552	839.43408
898.4809	859.69507
899.17633	861.98834
899.8717	847.21075
900.56708	864.22491
901.26251	872.62463
901.95789	888.67041
902.65332	883.40851
903.34869	871.66107
904.04407	877.15906
904.7395	899.07324
905.43488	887.11993
906.13031	851.29346
906.82568	878.89221
907.52106	909.17596
908.21649	925.93457
908.91187	939.79211
909.6073	925.82605
910.30267	923.21326
910.99805	913.97504
911.69348	922.89575
912.38885	911.89404
913.08423	921.96136
913.77966	902.30475
914.47504	911.99225
915.17047	891.14276
915.86584	915.50482
916.56122	923.44385
917.25665	919.64087
917.95203	939.00372
918.64746	908.15729
919.34283	938.96661
920.03821	955.52863
920.73364	901.0567
921.42902	934.32129
922.12445	921.38824
922.81982	928.48199
923.5152	929.81921
924.21063	950.19537
924.90601	968.83832
925.60144	954.33881
926.29681	937.05688
926.99219	926.0979
927.68762	954.54108
928.383	936.74841
929.07843	950.24371
929.7738	919.27264
930.46918	930.34094
931.16461	898.90887
931.85999	929.50061
932.55542	953.89758
933.25079	945.03864
933.94617	915.00488
934.6416	944.86438
935.33698	960.45276
936.03241	926.67938
936.72778	935.88123
937.42316	936.64893
938.11859	944.41772
938.81396	942.77441
939.5094	934.07336
940.20477	945.23029
940.90015	956.47198
941.59558	939.70819
942.29095	947.86548
942.98639	964.677
943.68176	955.27258
944.37714	943.5575
945.07257	951.67773
945.76794	989.15051
946.46338	988.52649
947.15875	945.8233
947.85413	924.92902
948.54956	943.71094
949.24493	976.60004
949.94037	962.09467
950.63574	926.85004
951.33112	957.31372
952.02655	956.62445
952.72192	953.3479
953.41736	937.66931
954.11273	969.63641
954.80811	952.95148
955.50354	948.97461
956.19891	950.84418
956.89435	962.31946
957.58972	940.33185
958.2851	966.05603
958.98053	950.55823
959.6759	944.37891
960.37134	964.85077
961.06671	949.78674
961.76208	957.98907
962.45752	942.69708
963.15289	963.76141
963.84833	964.74323
964.5437	956.1936
965.23907	951.44208
965.93451	948.14783
966.62988	969.58478
967.32532	959.27826
968.02069	965.15881
968.71606	981.14917
969.4115	999.75043
970.10687	979.01135
970.80225	951.01093
971.49768	944.81677
972.19305	945.41016
972.88849	936.27191
973.58386	950.25574
974.27924	960.04547
974.97467	940.65851
975.67004	955.90619
976.36548	950.51691
977.06085	955.98389
977.75623	960.90051
978.45166	967.37518
979.14703	968.10699
979.84247	953.41193
980.53784	938.4928
981.23322	932.51196
981.92865	936.84583
982.62402	940.43915
983.31946	976.01666
984.01483	957.98035
984.71021	955.39209
985.40564	950.39111
986.10101	954.54761
986.79645	965.599
987.49182	952.68158
988.18719	941.74036
988.88263	935.00989
989.578	930.95941
990.27344	910.58331
990.96881	968.50415
991.66418	967.57709
992.35962	919.75726
993.05499	916.51605
993.75043	935.41272
994.4458	954.28046
995.14117	954.61389
995.83661	961.02612
996.53198	955.97156
997.22742	939.26898
997.92279	953.30518
998.61816	924.11444
999.3136	902.92596
1000.009	921.42719
1000.7044	920.06195
1001.3998	921.09637
1002.0952	928.59015
1002.7906	952.80719
1003.486	953.82172
1004.1814	931.45477
1004.8768	912.22058
1005.5721	931.06244
1006.2676	941.6861
1006.963	961.25397
1007.6584	927.48083
1008.3538	932.64331
1009.0491	870.76257
1009.7446	899.90094
1010.4399	872.66895
1011.1354	935.25372
1011.8307	897.29041
1012.5261	929.02972
1013.2216	886.33264
1013.9169	903.03973
1014.6124	908.4505
1015.3077	881.83545
1016.0031	912.21466
1016.6985	925.14594
1017.3939	880.54486
1018.0894	870.20575
1018.7847	887.78772
1019.4801	884.86237
1020.1755	896.30048
1020.8709	894.76086
1021.5663	893.14258
1022.2617	890.2276
1022.9571	891.87341
1023.6525	884.87183
1024.3479	873.57593
1025.0433	880.49432
1025.7386	893.4292
1026.4341	889.40149
1027.1295	861.48694
1027.825	852.28656
1028.5203	852.81116
1029.2157	874.70294
1029.9111	881.50043
1030.6064	816.97284
1031.3019	858.40308
1031.9973	819.92865
1032.6926	852.77655
1033.3881	842.91687
1034.0835	856.91455
1034.7789	844.07379
1035.4742	851.37024
1036.1697	813.28857
1036.8651	837.28754
1037.5604	852.61676
1038.2559	847.15424
1038.9513	840.38171
1039.6466	828.33032
1040.342	834.80005
1041.0375	847.05096
1041.7329	804.07373
1042.4282	785.2486
1043.1237	807.79053
1043.8191	803.83008
1044.5144	804.40344
1045.2098	808.71277
1045.9053	812.98431
1046.6006	802.88806
1047.296	800.75824
1047.9915	800.33722
1048.6869	815.14392
1049.3822	807.12952
1050.0776	792.83722
1050.7731	804.70612
1051.4684	796.21021
1052.1638	779.35431
1052.8593	779.21692
1053.5546	778.65607
1054.25	765.65094
1054.9454	770.83209
1055.6407	763.4245
1056.3362	766.01233
1057.0316	745.29468
1057.7271	735.85352
1058.4224	759.20258
1059.1178	762.77576
1059.8132	754.55701
1060.5085	743.92938
1061.204	744.41809
1061.8994	754.67249
1062.5947	740.77716
1063.2902	720.8833
1063.9856	744.83466
1064.681	754.22247
1065.3763	721.76526
1066.0718	720.9118
1066.7672	711.13159
1067.4625	719.77704
1068.158	721.25232
1068.8534	705.02826
1069.5487	712.75989
1070.2441	706.79248
1070.9396	711.85431
1071.635	721.4577
1072.3303	713.19928
1073.0258	694.80975
1073.7212	700.92371
1074.4165	693.92255
1075.1119	679.68042
1075.8074	689.19556
1076.5027	698.31781
1077.1981	684.91217
1077.8936	670.49573
1078.589	681.15308
1079.2843	674.63
1079.9797	662.77942
1080.6752	660.64032
1081.3705	670.61914
1082.0659	672.81134
1082.7614	675.74023
1083.4567	664.66962
1084.1521	649.3728
1084.8475	655.03748
1085.543	645.16302
1086.2383	641.07483
1086.9337	667.2876
1087.6292	647.71069
1088.3245	650.70789
1089.0199	636.45856
1089.7153	627.78119
1090.4106	660.7525
1091.1061	642.65686
1091.8015	632.02905
1092.4969	624.20013
1093.1923	618.89233
1093.8877	612.19531
1094.5831	604.16443
1095.2784	622.79596
1095.9739	629.6001
1096.6693	619.19653
1097.3646	614.68823
1098.0601	603.03748
1098.7555	591.79993
1099.4509	587.86688
1100.1462	607.39618
1100.8417	600.90564
1101.5371	579.2915
1102.2324	595.35364
1102.9279	594.87134
1103.6233	590.56018
1104.3186	579.02344
1105.014	587.30096
1105.7095	585.89099
1106.4049	573.72736
1107.1002	575.24817
1107.7957	557.7085
1108.4911	579.79614
1109.1864	574.18005
1109.8818	562.065
1110.5773	578.51764
1111.2726	578.83771
1111.968	568.44733
1112.6635	553.0719
1113.3588	574.90845
1114.0542	581.34766
1114.7496	562.45868
1115.4451	539.42609
1116.1404	545.62573
1116.8358	558.35016
1117.5313	534.07196
1118.2266	547.83881
1118.922	556.07001
1119.6174	550.27472
1120.3127	538.38617
1121.0082	542.28119
1121.7036	547.06519
1122.399	531.28052
1123.0944	534.58582
1123.7898	520.71625
1124.4852	534.0611
1125.1805	529.4621
1125.876	526.34888
1126.5714	521.46228
1127.2667	530.81421
1127.9622	527.42615
1128.6576	527.69006
1129.353	518.15027
1130.0483	519.63812
1130.7438	509.66403
1131.4392	494.70511
1132.1345	509.54846
1132.83	501.08078
1133.5254	505.6369
1134.2207	517.32166
1134.9161	493.69452
1135.6116	493.57962
1136.307	507.5127
1137.0023	513.42633
1137.6978	501.90244
1138.3932	494.69284
1139.0885	496.13644
1139.7839	492.15527
1140.4794	488.10062
1141.1747	462.45926
1141.8701	487.68298
1142.5656	498.74042
1143.261	482.76483
1143.9563	478.17783
1144.6517	463.12656
1145.3472	470.2663
1146.0425	471.48279
1146.7379	478.50916
1147.4333	478.15076
1148.1287	475.15518
1148.8241	469.09299
1149.5195	464.78604
1150.215	467.83759
1150.9103	477.21921
1151.6057	483.10272
1152.3011	476.28485
1152.9965	460.13947
1153.6919	457.26437
1154.3873	461.80661
1155.0826	467.28122
1155.7781	471.68283
1156.4735	473.04794
1157.1689	474.70117
1157.8643	462.62683
1158.5597	442.46542
1159.2551	433.62228
1159.9504	433.54318
1160.6459	460.543
1161.3413	467.35071
1162.0366	455.64481
1162.7321	428.81046
1163.4275	440.8382
1164.1229	446.88876
1164.8182	450.72571
1165.5137	452.46585
1166.2091	442.23788
1166.9044	440.31924
1167.5999	433.9371
1168.2953	435.4494
1168.9906	437.14804
1169.686	439.94485
1170.3815	444.15115
1171.0768	446.74219
1171.7722	454.54715
1172.4677	431.92673
1173.1631	427.16452
1173.8584	432.52289
1174.5538	409.42511
1175.2493	408.05136
1175.9446	415.42157
1176.64	426.57025
1177.3354	406.41528
1178.0308	426.32126
1178.7262	428.12979
1179.4216	421.01208
1180.1171	433.98407
1180.8124	428.44583
1181.5078	423.34299
1182.2032	411.60217
1182.8986	416.92435
1183.594	421.86008
1184.2894	416.0553
1184.9847	413.29233
1185.6802	414.45535
1186.3756	416.91748
1187.071	411.8681
1187.7664	400.09189
1188.4618	405.2897
1189.1572	403.86099
1189.8525	414.79657
1190.548	404.51758
1191.2434	394.76224
1191.9387	408.98126
1192.6342	412.73944
1193.3296	406.88885
1194.025	401.87576
1194.7203	408.99564
1195.4158	406.31464
1196.1112	400.16089
1196.8065	386.83212
1197.502	388.086
1198.1974	389.34207
1198.8927	387.39343
1199.5881	389.69748
1200.2836	390.80679
1200.979	387.67538
1201.6743	402.32919
1202.3698	387.82431
1203.0652	386.86105
1203.7605	396.54715
1204.4559	393.16052
1205.1514	393.0293
1205.8467	382.54147
1206.5421	351.776
1207.2375	370.35532
1207.933	358.72076
1208.6283	383.68661
1209.3237	378.15616
1210.0192	372.88715
1210.7145	348.42664
1211.4099	355.37289
1212.1053	364.62878
1212.8007	364.42661
1213.4961	345.70316
1214.1915	349.75095
1214.887	365.21204
1215.5823	350.01639
1216.2777	349.73001
1216.9731	361.56146
1217.6685	373.50113
1218.3639	357.45987
1219.0593	344.70929
1219.7546	347.26315
1220.4501	346.17328
1221.1455	348.8688
1221.8408	360.90015
1222.5363	361.33838
1223.2317	368.47501
1223.9271	359.06937
1224.6224	359.37546
1225.3179	389.58267
1226.0133	378.55328
1226.7086	369.51132
1227.4041	357.14709
1228.0995	359.31158
1228.7948	371.9906
1229.4902	376.57687
1230.1857	347.71396
1230.8811	355.59204
1231.5764	393.29559
1232.2719	371.49408
1232.9673	355.2919
1233.6626	361.8075
1234.358	341.13187
1235.0535	349.6452
1235.7488	363.39847
1236.4442	365.03928
1237.1396	358.14471
1237.8351	340.71243
1238.5304	351.14032
1239.2258	350.21054
1239.9213	349.76154
1240.6166	349.30148
1241.312	345.18936
1242.0074	348.40491
1242.7028	333.34579
1243.3982	327.89255
1244.0936	341.11075
1244.7891	347.29257
1245.4844	353.75131
1246.1798	351.77887
1246.8752	345.05624
1247.5706	342.02533
1248.266	329.18173
1248.9614	332.08618
1249.6567	344.48447
1250.3522	354.22495
1251.0476	357.78732
1251.743	355.49731
1252.4384	351.27829
1253.1338	343.12607
1253.8292	333.70395
1254.5245	336.69879
1255.22	336.03912
1255.9154	348.2338
1256.6107	348.76221
1257.3062	347.28244
1258.0016	349.55493
1258.697	348.59851
1259.3923	374.01697
1260.0878	332.12018
1260.7832	355.84933
1261.4785	329.81982
1262.174	329.7641
1262.8694	333.05017
1263.5647	347.01059
1264.2601	360.18463
1264.9556	348.80951
1265.651	358.98166
1266.3463	345.65613
1267.0417	343.45676
1267.7372	347.50653
1268.4325	354.87082
1269.1279	352.16351
1269.8234	345.4491
1270.5187	353.94141
1271.2141	346.86594
1271.9095	349.92725
1272.605	351.34943
1273.3003	353.16879
1273.9957	347.46658
1274.6912	340.38162
1275.3865	338.28214
1276.0819	342.38083
1276.7773	341.54657
1277.4727	334.11414
1278.1681	353.13245
1278.8635	353.43024
1279.5588	329.38455
1280.2543	329.19138
1280.9497	358.21371
1281.6451	356.24475
1282.3405	340.50674
1283.0359	346.71127
1283.7313	344.28851
1284.4266	330.21393
1285.1221	348.63016
1285.8175	341.97141
1286.5128	339.9577
1287.2083	344.86346
1287.9037	347.60928
1288.5991	353.71597
1289.2944	340.49899
1289.9899	333.99777
1290.6853	338.07132
1291.3806	371.21747
1292.076	360.32535
1292.7715	358.27902
1293.4668	372.11676
1294.1622	329.32224
1294.8577	349.74332
1295.5531	352.92627
1296.2484	345.10983
1296.9438	340.94052
1297.6393	342.06378
1298.3346	342.08774
1299.03	341.52289
1299.7255	334.67438
1300.4208	342.15515
1301.1162	356.38452
1301.8116	346.20804
1302.5071	341.31613
1303.2024	348.18228
1303.8978	362.81598
1304.5933	343.86075
1305.2886	341.98199
1305.984	329.49237
1306.6794	339.21924
1307.3748	344.33652
1308.0702	330.99091
1308.7656	345.87488
1309.4611	351.82983
1310.1564	357.97266
1310.8518	358.6539
1311.5472	352.19339
1312.2426	345.42947
1312.938	344.41058
1313.6334	333.94809
1314.3287	351.22403
1315.0242	350.01367
1315.7196	349.38266
1316.415	358.82471
1317.1104	355.95236
1317.8058	352.59695
1318.5012	337.13315
1319.1965	338.68121
1319.892	356.26337
1320.5874	358.72375
1321.2827	337.38834
1321.9781	332.77258
1322.6736	340.54855
1323.369	325.93665
1324.0643	336.45108
1324.7598	335.28522
1325.4552	350.3576
1326.1505	343.02179
1326.8459	354.81998
1327.5414	348.92999
1328.2367	342.79141
1328.9321	339.17767
1329.6276	341.11642
1330.323	351.85876
1331.0183	355.11798
1331.7137	351.37668
1332.4092	341.81967
1333.1045	335.88245
1333.7999	352.46378
1334.4954	357.76315
1335.1907	351.52203
1335.8861	351.80136
1336.5815	330.66013
1337.2769	350.13275
1337.9723	335.70328
1338.6677	346.92194
1339.3632	357.28864
1340.0585	348.79971
1340.7539	340.28378
1341.4493	348.45343
1342.1447	336.98761
1342.8401	329.75824
1343.5355	347.33185
1344.2308	356.20682
1344.9263	366.44232
1345.6217	339.38565
1346.3171	333.07822
1347.0125	340.54532
1347.7079	350.09708
1348.4033	344.27032
1349.0986	342.70215
1349.7941	349.80646
1350.4895	341.95691
1351.1848	348.70184
1351.8802	357.65878
1352.5757	361.46152
1353.2711	352.37708
1353.9664	349.22028
1354.6619	332.60217
1355.3573	352.47794
1356.0526	338.18546
1356.748	339.56943
1357.4435	354.09741
1358.1388	352.61877
1358.8342	337.9252
1359.5297	340.75415
1360.2251	337.31528
1360.9204	333.34805
1361.6158	326.18381
1362.3113	334.69614
1363.0066	346.35468
1363.702	334.76035
1364.3975	353.79288
1365.0928	342.57056
1365.7882	349.51288
1366.4836	356.53622
1367.1791	357.22018
1367.8744	361.65784
1368.5698	349.69867
1369.2653	337.9082
1369.9606	335.29965
1370.656	340.68604
1371.3514	341.06555
1372.0468	348.3208
1372.7422	344.19583
1373.4376	339.05853
1374.1331	336.68198
1374.8284	328.18607
1375.5238	355.45114
1376.2192	350.14673
1376.9146	341.56995
1377.61	346.95898
1378.3054	346.56708
1379.0007	349.77493
1379.6962	347.09998
1380.3916	345.32318
1381.087	355.24353
1381.7823	352.29001
1382.4778	336.49936
1383.1732	344.94031
1383.8685	340.54428
1384.564	351.17767
1385.2594	350.94931
1385.9547	361.74893
1386.6501	349.04047
1387.3456	352.23416
1388.041	349.32037
1388.7363	359.0896
1389.4318	357.61041
1390.1272	349.46539
1390.8225	351.60641
1391.5179	349.23993
1392.2134	360.00885
1392.9087	338.1239
1393.6041	344.92944
1394.2996	342.67972
1394.9949	339.5585
1395.6903	354.48563
1396.3857	356.57605
1397.0812	350.33643
1397.7765	349.83792
1398.4719	351.0863
1399.1674	341.21646
1399.8627	349.29385
1400.5581	352.03857
1401.2535	342.22284
1401.9489	342.54849
1402.6443	345.85745
1403.3397	335.62378
1404.0352	334.16736
1404.7305	339.97989
1405.4259	347.79556
1406.1213	359.56073
1406.8167	350.09338
1407.5121	344.44647
1408.2075	346.86041
1408.9028	362.50418
1409.5983	355.10321
1410.2937	341.04593
1410.9891	347.12589
1411.6844	340.34619
1412.3799	347.37598
1413.0753	359.29968
1413.7706	363.8371
1414.4661	361.65366
1415.1615	344.13702
1415.8568	345.90591
1416.5522	344.89056
1417.2477	335.96506
1417.9431	346.69345
1418.6384	355.14301
1419.3339	362.66776
1420.0293	361.14111
1420.7246	351.13284
1421.42	339.23215
1422.1155	344.02142
1422.8108	342.39459
1423.5062	346.8811
1424.2017	367.24066
1424.8971	350.96075
1425.5924	342.98087
1426.2878	370.2886
1426.9833	323.57938
1427.6786	358.92932
1428.374	368.16055
1429.0695	351.19189
1429.7648	345.01361
1430.4602	344.02365
1431.1556	341.37186
1431.8511	354.40805
1432.5464	345.36121
1433.2418	353.56909
1433.9373	368.16141
1434.6326	355.64319
1435.328	354.66464
1436.0234	359.07941
1436.7188	358.46564
1437.4142	360.59097
1438.1096	363.86484
1438.8051	363.34052
1439.5004	355.99701
1440.1958	340.87521
1440.8912	336.75568
1441.5865	342.97495
1442.282	353.77271
1442.9774	352.96268
1443.6727	339.27905
1444.3682	353.90112
1445.0636	367.19647
1445.7589	357.67181
1446.4543	340.58929
1447.1498	348.31967
1447.8452	346.21494
1448.5405	350.83893
1449.236	370.22296
1449.9314	347.64127
1450.6267	355.2648
1451.3221	347.72586
1452.0176	348.32922
1452.7129	363.80933
1453.4083	350.34744
1454.1038	341.98502
1454.7992	352.18265
1455.4945	369.67648
1456.1899	372.92294
1456.8854	370.33807
1457.5807	368.25409
1458.2761	350.20499
1458.9716	350.07056
1459.6669	356.58755
1460.3623	380.76419
1461.0577	376.48154
1461.7532	358.40686
1462.4485	372.64276
1463.1439	343.84949
1463.8394	346.21103
1464.5347	370.71249
1465.2301	348.95721
1465.9255	355.41928
1466.6208	358.68607
1467.3163	360.67108
1468.0117	366.24026
1468.7072	360.55322
1469.4025	349.91159
1470.0979	359.91257
1470.7933	370.45193
1471.4886	363.79935
1472.1841	352.36047
1472.8795	373.00851
1473.5748	377.09277
1474.2703	361.08875
1474.9657	369.4946
1475.6611	362.51163
1476.3564	356.22321
1477.0519	353.72324
1477.7473	354.32779
1478.4426	349.52402
1479.1381	358.9537
1479.8335	363.93124
1480.5288	338.82245
1481.2242	367.25464
1481.9197	371.86188
1482.6151	365.58569
1483.3104	369.20102
1484.0059	357.84183
1484.7013	363.35141
1485.3966	354.07523
1486.092	358.69553
1486.7875	347.2135
1487.4828	369.80966
1488.1782	357.04196
1488.8737	358.27585
1489.5691	349.51334
1490.2644	352.68216
1490.9598	359.21597
1491.6553	356.20132
1492.3506	348.24506
1493.046	378.0921
1493.7415	378.98904
1494.4368	377.60883
1495.1322	372.12524
1495.8276	363.84549
1496.5231	362.68793
1497.2184	356.79056
1497.9138	350.64719
1498.6093	368.32101
1499.3046	372.30075
1500	361.02423
