580.4009	22628.3
580.6010	22642.1
580.8010	22652.4
581.0009	22655.6
581.2009	22648.1
581.4009	22627.2
581.6010	22598.6
581.8010	22572.9
582.0009	22561.2
582.2009	22573.9
582.4009	22611
582.6010	22657.7
582.8010	22698.2
583.0009	22716.5
583.2009	22701.8
583.4009	22659.9
583.6010	22600.2
583.8010	22531.8
584.0009	22464
584.2009	22403.4
584.4009	22355.9
584.6010	22327.1
584.8010	22322.6
585.0009	22341.4
585.2009	22375.6
585.4009	22416.4
585.6010	22455.5
585.8010	22485.4
586.0009	22502.1
586.2009	22502
586.4009	22481.6
586.6010	22438.6
586.8010	22379.4
587.0009	22314.2
587.2009	22253
587.4009	22205.8
587.6010	22177.9
587.8010	22170.7
588.0009	22185.4
588.2009	22222.9
588.4009	22279.5
588.6010	22340.2
588.8010	22389
589.0009	22409.7
589.2009	22390
589.4009	22337.4
589.6010	22266.3
589.8010	22191.2
590.0009	22125.8
590.2009	22076.8
590.4009	22045.5
590.6010	22033.2
590.8010	22040.7
591.0009	22065.7
591.2009	22099.7
591.4009	22133.5
591.6010	22157.9
591.8010	22165.6
592.0009	22155.7
592.2009	22129.3
592.4009	22087.2
592.6010	22031
592.8010	21967.7
593.0009	21907.8
593.2009	21861.9
593.4009	21840.3
593.6010	21845.1
593.8010	21867.2
594.0009	21897.2
594.2009	21925.3
594.4009	21943.3
594.6010	21947.8
594.8010	21935.9
595.0009	21905
595.2009	21853.3
595.4009	21785.9
595.6010	21711.2
595.8010	21637.5
596.0009	21573.1
596.2009	21524
596.4009	21493.8
596.6010	21486
596.8010	21504.1
597.0009	21545.5
597.2009	21593.3
597.4009	21629
597.6010	21633.9
597.8010	21593.6
598.0009	21516.2
598.2009	21418
598.4009	21314.7
598.6010	21221.9
598.8010	21147.5
599.0009	21093.6
599.2009	21062.2
599.4009	21055.2
599.6010	21070
599.8010	21096
600.0009	21122
600.2009	21136.8
600.4009	21131.2
600.6010	21103.8
600.8010	21055.3
601.0009	20985.9
601.2009	20897.1
601.4009	20798.1
601.6010	20702.4
601.8010	20623.7
602.0009	20575.3
602.2009	20559.7
602.4009	20566.7
602.6010	20585.2
602.8010	20604.2
603.0009	20614
603.2009	20608.5
603.4009	20582.1
603.6010	20529.4
603.8010	20446.8
604.0009	20343.5
604.2009	20233.6
604.4009	20131.3
604.6010	20050
604.8010	19994
605.0009	19959.6
605.2009	19942.5
605.4009	19938.7
605.6010	19943
605.8010	19948.1
606.0009	19946.7
606.2009	19931.5
606.4009	19896.8
606.6010	19845.2
606.8010	19781.2
607.0009	19709.3
607.2009	19634.1
607.4009	19559.7
607.6010	19490.3
607.8010	19429.8
608.0009	19382
608.2009	19347.4
608.4009	19321.5
608.6010	19299.9
608.8010	19277.8
609.0009	19251.1
609.2009	19216.2
609.4009	19169.9
609.6010	19108.9
609.8010	19031.3
610.0009	18943.5
610.2009	18855.8
610.4009	18778.1
610.6010	18720.2
610.8010	18683.8
611.0009	18663.7
611.2009	18654.4
611.4009	18650.5
611.6010	18646.5
611.8010	18636.4
612.0009	18614.1
612.2009	18573.6
612.4009	18511.3
612.6010	18432.5
612.8010	18345
613.0009	18256.9
613.2009	18175.6
613.4009	18106.9
613.6010	18055.1
613.8010	18024.7
614.0009	18019.9
614.2009	18036.9
614.4009	18061.9
614.6010	18080.8
614.8010	18079.3
615.0009	18048.5
615.2009	17993.8
615.4009	17922.5
615.6010	17842.2
615.8010	17760.1
616.0009	17681.9
616.2009	17612.9
616.4009	17558.3
616.6010	17523
616.8010	17504.6
617.0009	17495.5
617.2009	17487.5
617.4009	17472.9
617.6010	17446.8
617.8010	17409.3
618.0009	17361.3
618.2009	17303.3
618.4009	17237.2
618.6010	17168.2
618.8010	17102.7
619.0009	17046.8
619.2009	17006.1
619.4009	16980
619.6010	16964.8
619.8010	16957
620.0009	16952.9
620.2009	16948
620.4009	16937.6
620.6010	16916.4
620.8010	16879.5
621.0009	16825.3
621.2009	16759.3
621.4009	16688.1
621.6010	16618.2
621.8010	16555.6
622.0009	16503.3
622.2009	16463.4
622.4009	16438.1
622.6010	16429
622.8010	16431.5
623.0009	16436.8
623.2009	16436.4
623.4009	16421.5
623.6010	16388.6
623.8010	16340.1
624.0009	16279.2
624.2009	16208.8
624.4009	16133.1
624.6010	16059.1
624.8010	15994.4
625.0009	15946.6
625.2009	15921.5
625.4009	15914.9
625.6010	15918.9
625.8010	15925.4
626.0009	15926.8
626.2009	15919.4
626.4009	15903
626.6010	15877.4
626.8010	15842.2
627.0009	15798.5
627.2009	15748.8
627.4009	15695.8
627.6010	15642.3
627.8010	15591
628.0009	15545.2
628.2009	15508.3
628.4009	15483.6
628.6010	15473.5
628.8010	15473.1
629.0009	15474
629.2009	15468
629.4009	15447
629.6010	15409.4
629.8010	15359
630.0009	15300.1
630.2009	15236.8
630.4009	15174.2
630.6010	15118.2
630.8010	15075.2
631.0009	15051.3
631.2009	15050
631.4009	15063
631.6010	15078.8
631.8010	15086.4
632.0009	15075.7
632.2009	15047
632.4009	15006.5
632.6010	14960.2
632.8010	14914.1
633.0009	14870.9
633.2009	14829.7
633.4009	14789.6
633.6010	14749.7
633.8010	14710.1
634.0009	14674
634.2009	14645
634.4009	14626.5
634.6010	14620.3
634.8010	14620.2
635.0009	14618.1
635.2009	14605.5
635.4009	14574.9
635.6010	14527.9
635.8010	14470.9
636.0009	14410.9
636.2009	14354.3
636.4009	14306
636.6010	14268
636.8010	14242.6
637.0009	14231.9
637.2009	14235.2
637.4009	14245.2
637.6010	14254
637.8010	14253.3
638.0009	14236.7
638.2009	14205.4
638.4009	14163.6
638.6010	14114.9
638.8010	14063.2
639.0009	14011.8
639.2009	13963.7
639.4009	13921.8
639.6010	13888.9
639.8010	13866.2
640.0009	13852.6
640.2009	13847.1
640.4009	13848.3
640.6010	13853.8
640.8010	13857.8
641.0009	13854.1
641.2009	13836.5
641.4009	13800.3
641.6010	13750
641.8010	13692.7
642.0009	13635.8
642.2009	13586.1
642.4009	13546.8
642.6010	13518.3
642.8010	13501.1
643.0009	13495.4
643.2009	13498.9
643.4009	13505.4
643.6010	13508.7
643.8010	13502.5
644.0009	13482.6
644.2009	13450.4
644.4009	13408.2
644.6010	13358
644.8010	13302.6
645.0009	13247.5
645.2009	13198.9
645.4009	13163.1
645.6010	13145.9
645.8010	13144.7
646.0009	13151.9
646.2009	13159.8
646.4009	13160.8
646.6010	13151
646.8010	13131.9
647.0009	13105.1
647.2009	13072.3
647.4009	13035.3
647.6010	12996.5
647.8010	12958.4
648.0009	12923.6
648.2009	12894.3
648.4009	12871.3
648.6010	12855.1
648.8010	12846.2
649.0009	12844.8
649.2009	12847.1
649.4009	12847
649.6010	12838.4
649.8010	12815.3
650.0009	12777.5
650.2009	12731.5
650.4009	12684.4
650.6010	12643.1
650.8010	12612.3
651.0009	12590.8
651.2009	12576.4
651.4009	12567.1
651.6010	12561
651.8010	12556.4
652.0009	12551.9
652.2009	12546
652.4009	12537
652.6010	12523.3
652.8010	12503.1
653.0009	12474.3
653.2009	12435.4
653.4009	12388.6
653.6010	12340.4
653.8010	12297.7
654.0009	12267.4
654.2009	12252.5
654.4009	12248.7
654.6010	12250.7
654.8010	12253
655.0009	12250.9
655.2009	12242.2
655.4009	12225.4
655.6010	12198.9
655.8010	12161.7
656.0009	12117.4
656.2009	12072
656.4009	12031.4
656.6010	12001.5
656.8010	11983.5
657.0009	11974.3
657.2009	11970.4
657.4009	11968.5
657.6010	11965.8
657.8010	11961
658.0009	11952.8
658.2009	11939.8
658.4009	11921
658.6010	11896
658.8010	11864.5
659.0009	11826.5
659.2009	11782.1
659.4009	11735.6
659.6010	11692.8
659.8010	11659.4
660.0009	11641.1
660.2009	11637.6
660.4009	11644
660.6010	11655.1
660.8010	11665.9
661.0009	11672.3
661.2009	11671.8
661.4009	11662.1
661.6010	11641
661.8010	11607.7
662.0009	11566.3
662.2009	11521.7
662.4009	11478.9
662.6010	11442.5
662.8010	11414.3
663.0009	11395.4
663.2009	11386.7
663.4009	11389
663.6010	11399
663.8010	11410.6
664.0009	11417.9
664.2009	11414.8
664.4009	11399.2
664.6010	11373.4
664.8010	11340.3
665.0009	11302.8
665.2009	11263.7
665.4009	11226.9
665.6010	11195.9
665.8010	11174.4
666.0009	11165.1
666.2009	11165.1
666.4009	11170.1
666.6010	11175.6
666.8010	11177.6
667.0009	11173.5
667.2009	11162.3
667.4009	11142.4
667.6010	11112.7
667.8010	11075.3
668.0009	11035.9
668.2009	10999.8
668.4009	10972.9
668.6010	10957.7
668.8010	10951.3
669.0009	10950.3
669.2009	10951.4
669.4009	10951.3
669.6010	10948.3
669.8010	10940.8
670.0009	10927.2
670.2009	10906.2
670.4009	10879.2
670.6010	10848.6
670.8010	10816.9
671.0009	10786.2
671.2009	10758.5
671.4009	10735.1
671.6010	10717.3
671.8010	10706.4
672.0009	10702.2
672.2009	10702.1
672.4009	10703.7
672.6010	10704.3
672.8010	10701.5
673.0009	10693.5
673.2009	10678.3
673.4009	10654.2
673.6010	10620.5
673.8010	10581.6
674.0009	10544
674.2009	10513.7
674.4009	10496.4
674.6010	10491.4
674.8010	10494.7
675.0009	10501.9
675.2009	10508.9
675.4009	10512.1
675.6010	10508.3
675.8010	10494.4
676.0009	10467.3
676.2009	10427.7
676.4009	10383.1
676.6010	10341.8
676.8010	10311.9
677.0009	10298.9
677.2009	10298.5
677.4009	10304.5
677.6010	10310.7
677.8010	10311.9
678.0009	10307.7
678.2009	10299.9
678.4009	10290.1
678.6010	10279.9
678.8010	10268.8
679.0009	10254.3
679.2009	10234.4
679.4009	10206.8
679.6010	10173.2
679.8010	10140.1
680.0009	10114.1
680.2009	10102
680.4009	10106
680.6010	10119
680.8010	10132.3
681.0009	10137.4
681.2009	10127.9
681.4009	10107.2
681.6010	10080.6
681.8010	10053.7
682.0009	10031.5
682.2009	10013.8
682.4009	9997.76
682.6010	9980.89
682.8010	9960.7
683.0009	9938.16
683.2009	9917.14
683.4009	9901.59
683.6010	9895.41
683.8010	9898.93
684.0009	9907.37
684.2009	9915.52
684.4009	9918.18
684.6010	9911.87
684.8010	9897.5
685.0009	9876.67
685.2009	9850.99
685.4009	9822.22
685.6010	9792.69
685.8010	9764.96
686.0009	9741.54
686.2009	9724.76
686.4009	9714.69
686.6010	9710.26
686.8010	9710.35
687.0009	9713.8
687.2009	9717.92
687.4009	9718.63
687.6010	9711.77
687.8010	9693.28
688.0009	9663.12
688.2009	9627.82
688.4009	9594.49
688.6010	9570.24
688.8010	9559.54
689.0009	9559.32
689.2009	9565.18
689.4009	9572.72
689.6010	9577.96
689.8010	9579.04
690.0009	9574.82
690.2009	9564.17
690.4009	9546.2
690.6010	9522.54
690.8010	9496.29
691.0009	9470.58
691.2009	9448.46
691.4009	9431.12
691.6010	9417.98
691.8010	9408.34
692.0009	9401.54
692.2009	9396.97
692.4009	9394.2
692.6010	9392.79
692.8010	9392.32
693.0009	9391.81
693.2009	9388.77
693.4009	9380.38
693.6010	9363.85
693.8010	9337.44
694.0009	9305.23
694.2009	9273.26
694.4009	9247.55
694.6010	9233.56
694.8010	9230.84
695.0009	9235.5
695.2009	9243.59
695.4009	9251.23
695.6010	9255.6
695.8010	9254.96
696.0009	9247.61
696.2009	9231.87
696.4009	9208.26
696.6010	9180.97
696.8010	9154.52
697.0009	9133.41
697.2009	9120.79
697.4009	9115.76
697.6010	9116.72
697.8010	9122.06
698.0009	9129.95
698.2009	9137.52
698.4009	9141.54
698.6010	9138.77
698.8010	9126.44
699.0009	9106.06
699.2009	9081.57
699.4009	9056.94
699.6010	9035.99
699.8010	9019.92
700.0009	9007.41
700.2009	8997.07
700.4009	8987.5
700.6010	8978.41
700.8010	8971.15
701.0009	8967.22
701.2009	8968.14
701.4009	8973.73
701.6010	8979.39
701.8010	8979.79
702.0009	8969.59
702.2009	8945.34
702.4009	8912.28
702.6010	8878.24
702.8010	8851.03
703.0009	8837.48
703.2009	8836.03
703.4009	8840.91
703.6010	8846.3
703.8010	8846.63
704.0009	8840.47
704.2009	8829.85
704.4009	8816.93
704.6010	8803.81
704.8010	8791.49
705.0009	8779.42
705.2009	8766.91
705.4009	8753.3
705.6010	8738.71
705.8010	8725.07
706.0009	8714.54
706.2009	8709.33
706.4009	8710.6
706.6010	8715.54
706.8010	8720.35
707.0009	8721.23
707.2009	8714.91
707.4009	8701.73
707.6010	8683.63
707.8010	8662.51
708.0009	8640.31
708.2009	8618.77
708.4009	8599.52
708.6010	8584.2
708.8010	8574.4
709.0009	8570.38
709.2009	8570.85
709.4009	8574.46
709.6010	8579.83
709.8010	8585.32
710.0009	8588.75
710.2009	8587.88
710.4009	8580.46
710.6010	8565.4
710.8010	8545.15
711.0009	8522.85
711.2009	8501.67
711.4009	8484.38
711.6010	8471.58
711.8010	8463.18
712.0009	8459.07
712.2009	8459.03
712.4009	8461.82
712.6010	8465.65
712.8010	8468.69
713.0009	8469.18
713.2009	8466.07
713.4009	8459.02
713.6010	8447.71
713.8010	8431.84
714.0009	8412.33
714.2009	8391.85
714.4009	8373.25
714.6010	8359.36
714.8010	8351.84
715.0009	8349.57
715.2009	8351.01
715.4009	8354.66
715.6010	8358.87
715.8010	8361.69
716.0009	8361.04
716.2009	8354.86
716.4009	8341.61
716.6010	8323.48
716.8010	8304.22
717.0009	8287.58
717.2009	8277.05
717.4009	8272.78
717.6010	8272.62
717.8010	8274.37
718.0009	8275.89
718.2009	8276.11
718.4009	8275.16
718.6010	8273.21
718.8010	8270.45
719.0009	8266.88
719.2009	8262.22
719.4009	8256.13
719.6010	8248.29
719.8010	8238.63
720.0009	8227.71
720.2009	8216.25
720.4009	8204.92
720.6010	8194.53
720.8010	8186.31
721.0009	8181.61
721.2009	8181.81
721.4009	8187.82
721.6010	8197.08
721.8010	8205.31
722.0009	8208.25
722.2009	8201.95
722.4009	8187.32
722.6010	8168.97
722.8010	8151.61
723.0009	8139.87
723.2009	8135.31
723.4009	8135.93
723.6010	8139.48
723.8010	8143.73
724.0009	8147.02
724.2009	8148.71
724.4009	8148.29
724.6010	8145.26
724.8010	8139.38
725.0009	8131.34
725.2009	8121.95
725.4009	8112.06
725.6010	8102.37
725.8010	8092.99
726.0009	8083.84
726.2009	8074.83
726.4009	8066.02
726.6010	8058.71
726.8010	8054.78
727.0009	8056.15
727.2009	8064.49
727.4009	8077.81
727.6010	8091.3
727.8010	8100.03
728.0009	8099.23
728.2009	8088.12
728.4009	8070.76
728.6010	8051.51
728.8010	8034.73
729.0009	8023.32
729.2009	8017.47
729.4009	8017.09
729.6010	8022.06
729.8010	8031.61
730.0009	8042.94
730.2009	8052.87
730.4009	8058.22
730.6010	8056.62
730.8010	8049.61
731.0009	8039.91
731.2009	8030.24
731.4009	8023.01
731.6010	8018.23
731.8010	8014.7
732.0009	8011.24
732.2009	8006.78
732.4009	8001.88
732.6010	7998.32
732.8010	7997.91
733.0009	8002.37
733.2009	8011.04
733.4009	8020.6
733.6010	8027.55
733.8010	8028.44
734.0009	8022.14
734.2009	8011.55
734.4009	7999.96
734.6010	7990.68
734.8010	7986.15
735.0009	7986.56
735.2009	7991.7
735.4009	8001.38
735.6010	8014.84
735.8010	8029.09
736.0009	8040.49
736.2009	8045.42
736.4009	8041.02
736.6010	8029.91
736.8010	8017.04
737.0009	8007.35
737.2009	8005.38
737.4009	8010.87
737.6010	8020.4
737.8010	8030.52
738.0009	8037.88
738.2009	8041.71
738.4009	8043.73
738.6010	8045.78
738.8010	8049.69
739.0009	8055.67
739.2009	8061.68
739.4009	8065.45
739.6010	8064.73
739.8010	8058.8
740.0009	8050.32
740.2009	8042.44
740.4009	8038.27
740.6010	8040.06
740.8010	8046.93
741.0009	8057.31
741.2009	8069.64
741.4009	8082.4
741.6010	8094.3
741.8010	8104.13
742.0009	8110.66
742.2009	8112.9
742.4009	8111.64
742.6010	8108.6
742.8010	8105.53
743.0009	8104.1
743.2009	8105.02
743.4009	8108.19
743.6010	8113.49
743.8010	8120.82
744.0009	8129.96
744.2009	8140.61
744.4009	8152.44
744.6010	8165.13
744.8010	8177.8
745.0009	8188.63
745.2009	8195.71
745.4009	8197.11
745.6010	8192.24
745.8010	8183.84
746.0009	8175.22
746.2009	8169.67
746.4009	8169.77
746.6010	8175.18
746.8010	8184.81
747.0009	8197.58
747.2009	8212.39
747.4009	8227.84
747.6010	8242.45
747.8010	8254.73
748.0009	8263.36
748.2009	8268.73
748.4009	8272.21
748.6010	8275.18
748.8010	8278.98
749.0009	8284.26
749.2009	8291.06
749.4009	8299.42
749.6010	8309.37
749.8010	8321.04
750.0009	8334.69
750.2009	8350.6
750.4009	8369.01
750.6010	8389.07
750.8010	8407.88
751.0009	8422.36
751.2009	8429.41
751.4009	8427.73
751.6010	8420.86
751.8010	8413.17
752.0009	8409.01
752.2009	8411.86
752.4009	8421.78
752.6010	8437.92
752.8010	8459.43
753.0009	8485.17
753.2009	8512.14
753.4009	8536.59
753.6010	8554.79
753.8010	8563.48
754.0009	8564.07
754.2009	8560.59
754.4009	8557.13
754.6010	8557.61
754.8010	8563.17
755.0009	8572.69
755.2009	8584.98
755.4009	8598.86
755.6010	8613.83
755.8010	8630.17
756.0009	8648.19
756.2009	8668.21
756.4009	8689.38
756.6010	8708.87
756.8010	8723.7
757.0009	8730.86
757.2009	8729.4
757.4009	8723.42
757.6010	8717.81
757.8010	8717.44
758.0009	8725.86
758.2009	8741.74
758.4009	8762.64
758.6010	8786.12
758.8010	8809.77
759.0009	8831.59
759.2009	8849.66
759.4009	8862.07
759.6010	8867.29
759.8010	8866.75
760.0009	8863.4
760.2009	8860.22
760.4009	8860.03
760.6010	8864.18
760.8010	8872.87
761.0009	8886.33
761.2009	8904.68
761.4009	8926.63
761.6010	8949.4
761.8010	8970.15
762.0009	8986.07
762.2009	8996.15
762.4009	9001.89
762.6010	9005
762.8010	9007.18
763.0009	9009.76
763.2009	9013.27
763.4009	9018.13
763.6010	9024.79
763.8010	9033.44
764.0009	9043.65
764.2009	9054.82
764.4009	9066.38
764.6010	9077.77
764.8010	9088.55
765.0009	9098.29
765.2009	9106.56
765.4009	9113.03
765.6010	9117.99
765.8010	9121.93
766.0009	9125.39
766.2009	9128.9
766.4009	9133.39
766.6010	9139.99
766.8010	9149.83
767.0009	9163.91
767.2009	9181.63
767.4009	9201.05
767.6010	9220.24
767.8010	9237.25
768.0009	9250.7
768.2009	9259.76
768.4009	9263.64
768.6010	9261.59
768.8010	9254.68
769.0009	9246.74
769.2009	9241.81
769.4009	9243.94
769.6010	9254.85
769.8010	9271.37
770.0009	9289.7
770.2009	9306.07
770.4009	9317.83
770.6010	9325.8
770.8010	9331.45
771.0009	9336.21
771.2009	9341.09
771.4009	9344.95
771.6010	9346.12
771.8010	9342.93
772.0009	9334.34
772.2009	9323.32
772.4009	9314.36
772.6010	9311.96
772.8010	9320.04
773.0009	9337.18
773.2009	9359.11
773.4009	9381.49
773.6010	9400.15
773.8010	9412.72
774.0009	9418.15
774.2009	9415.44
774.4009	9403.72
774.6010	9385.31
774.8010	9365.73
775.0009	9350.63
775.2009	9345.6
775.4009	9352.39
775.6010	9367.44
775.8010	9386.84
776.0009	9406.66
776.2009	9423.84
776.4009	9436.92
776.6010	9444.63
776.8010	9445.7
777.0009	9439.55
777.2009	9427.5
777.4009	9411.15
777.6010	9392.09
777.8010	9372.33
778.0009	9355.29
778.2009	9344.74
778.4009	9344.43
778.6010	9356.98
778.8010	9379.15
779.0009	9405.78
779.2009	9431.7
779.4009	9452.09
779.6010	9464.43
779.8010	9467.24
780.0009	9459.05
780.2009	9438.86
780.4009	9410.82
780.6010	9382.23
780.8010	9360.42
781.0009	9352.3
781.2009	9358.01
781.4009	9372.07
781.6010	9388.85
781.8010	9402.82
782.0009	9411.09
782.2009	9413.73
782.4009	9410.94
782.6010	9402.92
782.8010	9390.78
783.0009	9376.87
783.2009	9363.67
783.4009	9353.63
783.6010	9348.11
783.8010	9346.24
784.0009	9346.91
784.2009	9348.99
784.4009	9351.67
784.6010	9354.91
784.8010	9358.81
785.0009	9363.47
785.2009	9368.46
785.4009	9371.37
785.6010	9369.35
785.8010	9359.53
786.0009	9340.36
786.2009	9316.87
786.4009	9296.16
786.6010	9285.35
786.8010	9290.14
787.0009	9306.32
787.2009	9325.35
787.4009	9338.73
787.6010	9338.75
787.8010	9326.17
788.0009	9306.6
788.2009	9285.72
788.4009	9268.86
788.6010	9256.66
788.8010	9246.12
789.0009	9234.15
789.2009	9217.85
789.4009	9198.4
789.6010	9181.07
789.8010	9171.29
790.0009	9174.37
790.2009	9189.94
790.4009	9210.2
790.6010	9226.88
790.8010	9231.76
791.0009	9221.96
791.2009	9203.8
791.4009	9184.49
791.6010	9171.23
791.8010	9167.8
792.0009	9170.17
792.2009	9173.23
792.4009	9171.88
792.6010	9163.02
792.8010	9149.59
793.0009	9135.68
793.2009	9125.38
793.4009	9121.6
793.6010	9122.44
793.8010	9124.78
794.0009	9125.48
794.2009	9121.87
794.4009	9113.69
794.6010	9101.5
794.8010	9085.88
795.0009	9067.57
795.2009	9048.64
795.4009	9031.78
795.6010	9019.65
795.8010	9014.59
796.0009	9015.3
796.2009	9018.35
796.4009	9020.3
796.6010	9017.88
796.8010	9010.7
797.0009	9000.57
797.2009	8989.35
797.4009	8978.85
797.6010	8969.43
797.8010	8960.07
798.0009	8949.68
798.2009	8937.22
798.4009	8923.02
798.6010	8909.16
798.8010	8897.83
799.0009	8891.17
799.2009	8889.36
799.4009	8889.43
799.6010	8888.08
799.8010	8882.07
800.0009	8869.58
800.2009	8851.85
800.4009	8830.5
800.6010	8807.16
800.8010	8783.76
801.0009	8763.19
801.2009	8748.48
801.4009	8742.64
801.6010	8746.89
801.8010	8756.08
802.0009	8763.65
802.2009	8763.02
802.4009	8749.51
802.6010	8727.07
802.8010	8702.15
803.0009	8681.22
803.2009	8669.49
803.4009	8664.68
803.6010	8661.69
803.8010	8655.41
804.0009	8641.48
804.2009	8621.48
804.4009	8599.9
804.6010	8581.23
804.8010	8569.55
805.0009	8564.44
805.2009	8562.68
805.4009	8561.03
805.6010	8556.37
805.8010	8547.38
806.0009	8534.17
806.2009	8516.89
806.4009	8495.74
806.6010	8472.02
806.8010	8448.12
807.0009	8426.47
807.2009	8409.48
807.4009	8398.11
807.6010	8391.62
807.8010	8389.16
808.0009	8389.87
808.2009	8392.04
808.4009	8392.7
808.6010	8388.75
808.8010	8377.13
809.0009	8356.92
809.2009	8331.36
809.4009	8304.14
809.6010	8278.94
809.8010	8258.36
810.0009	8242.44
810.2009	8230.82
810.4009	8223.12
810.6010	8218.87
810.8010	8217.18
811.0009	8217.1
811.2009	8217.67
811.4009	8217.98
811.6010	8217.26
811.8010	8214.77
812.0009	8209.8
812.2009	8201.72
812.4009	8190.47
812.6010	8176.15
812.8010	8158.86
813.0009	8139.04
813.2009	8119.14
813.4009	8102.41
813.6010	8092.12
813.8010	8090.71
814.0009	8094
814.2009	8094.62
814.4009	8085.12
814.6010	8058.96
814.8010	8018.75
815.0009	7972.64
815.2009	7928.86
815.4009	7895.15
815.6010	7872.52
815.8010	7856.96
816.0009	7844.33
816.2009	7830.67
816.4009	7815.09
816.6010	7799.54
816.8010	7786.04
817.0009	7776.52
817.2009	7770.12
817.4009	7762.88
817.6010	7750.7
817.8010	7729.55
818.0009	7699.38
818.2009	7665.49
818.4009	7633.55
818.6010	7609.18
818.8010	7594.67
819.0009	7586.82
819.2009	7581.97
819.4009	7576.42
819.6010	7567.83
819.8010	7556.54
820.0009	7543.21
820.2009	7528.47
820.4009	7512.6
820.6010	7494.89
820.8010	7474.48
821.0009	7450.55
821.2009	7423.28
821.4009	7396.04
821.6010	7372.77
821.8010	7357.42
822.0009	7352.19
822.2009	7352.74
822.4009	7353.23
822.6010	7347.82
822.8010	7332.21
823.0009	7309.32
823.2009	7284.11
823.4009	7261.54
823.6010	7245.64
823.8010	7235.08
824.0009	7226.65
824.2009	7217.12
824.4009	7203.78
824.6010	7187.32
824.8010	7169.89
825.0009	7153.64
825.2009	7140.47
825.4009	7129.86
825.6010	7120.04
825.8010	7109.25
826.0009	7095.84
826.2009	7079.38
826.4009	7060.24
826.6010	7038.78
826.8010	7015.41
827.0009	6991.16
827.2009	6967.51
827.4009	6945.94
827.6010	6927.88
827.8010	6913.5
828.0009	6901.87
828.2009	6892.02
828.4009	6882.96
828.6010	6873.45
828.8010	6861.94
829.0009	6846.9
829.2009	6826.82
829.4009	6802.32
829.6010	6776.56
829.8010	6752.87
830.0009	6734.51
830.2009	6722.19
830.4009	6712.89
830.6010	6703.32
830.8010	6690.2
831.0009	6672.33
831.2009	6652.06
831.4009	6632.07
831.6010	6615.02
831.8010	6602.18
832.0009	6592.04
832.2009	6582.71
832.4009	6572.34
832.6010	6559.7
832.8010	6545.08
833.0009	6528.99
833.2009	6511.95
833.4009	6494.52
833.6010	6477.34
833.8010	6461.12
834.0009	6446.53
834.2009	6433.81
834.4009	6421.77
834.6010	6408.88
834.8010	6393.64
835.0009	6375.07
835.2009	6354.39
835.4009	6333.34
835.6010	6313.68
835.8010	6296.84
836.0009	6282.83
836.2009	6271.24
836.4009	6261.63
836.6010	6253.56
836.8010	6246.43
837.0009	6239.56
837.2009	6232.3
837.4009	6224.01
837.6010	6214.4
837.8010	6203.27
838.0009	6190.42
838.2009	6175.77
838.4009	6159.96
838.6010	6144
838.8010	6128.87
839.0009	6115.5
839.2009	6103.77
839.4009	6093.07
839.6010	6082.74
839.8010	6072.19
840.0009	6061.08
840.2009	6049.29
840.4009	6036.69
840.6010	6023.16
840.8010	6008.72
841.0009	5993.44
841.2009	5977.43
841.4009	5960.82
841.6010	5944.33
841.8010	5929.21
842.0009	5916.71
842.2009	5908.03
842.4009	5903.16
842.6010	5900.95
842.8010	5900.21
843.0009	5899.73
843.2009	5898.1
843.4009	5893.67
843.6010	5884.82
843.8010	5869.94
844.0009	5849.75
844.2009	5827.82
844.4009	5807.86
844.6010	5793.53
844.8010	5785.78
845.0009	5781.69
845.2009	5778.09
845.4009	5771.82
845.6010	5761.68
845.8010	5749.56
846.0009	5737.62
846.2009	5728
846.4009	5721.75
846.6010	5717.89
846.8010	5715.25
847.0009	5712.68
847.2009	5709.47
847.4009	5705.93
847.6010	5702.47
847.8010	5699.49
848.0009	5697.15
848.2009	5694.91
848.4009	5692.18
848.6010	5688.35
848.8010	5683.02
849.0009	5676.25
849.2009	5668.2
849.4009	5659.02
849.6010	5649.09
849.8010	5639.42
850.0009	5631.15
850.2009	5625.42
850.4009	5622.71
850.6010	5621.38
850.8010	5619.36
851.0009	5614.54
851.2009	5605.69
851.4009	5594.75
851.6010	5584.43
851.8010	5577.43
852.0009	5575.6
852.2009	5577.07
852.4009	5578.99
852.6010	5578.51
852.8010	5573.45
853.0009	5564.91
853.2009	5555
853.4009	5545.81
853.6010	5539.13
853.8010	5535.11
854.0009	5533.38
854.2009	5533.52
854.4009	5535.05
854.6010	5536.86
854.8010	5537.61
855.0009	5535.97
855.2009	5530.88
855.4009	5523.18
855.6010	5514.5
855.8010	5506.47
856.0009	5500.59
856.2009	5497.18
856.4009	5496
856.6010	5496.84
856.8010	5499.38
857.0009	5502.57
857.2009	5504.99
857.4009	5505.21
857.6010	5501.97
857.8010	5495.73
858.0009	5487.92
858.2009	5479.99
858.4009	5473.31
858.6010	5468.7
858.8010	5466.63
859.0009	5467.55
859.2009	5471.78
859.4009	5478.06
859.6010	5484.03
859.8010	5487.3
860.0009	5485.68
860.2009	5479.56
860.4009	5471.26
860.6010	5463.12
860.8010	5457.39
861.0009	5454.84
861.2009	5455.06
861.4009	5457.58
861.6010	5461.93
861.8010	5467.07
862.0009	5471.52
862.2009	5473.79
862.4009	5472.46
862.6010	5467.88
862.8010	5462.08
863.0009	5457.16
863.2009	5455.11
863.4009	5455.83
863.6010	5457.08
863.8010	5456.52
864.0009	5451.91
864.2009	5443.73
864.4009	5435.42
864.6010	5430.55
864.8010	5432.6
865.0009	5441.51
865.2009	5453.08
865.4009	5462.87
865.6010	5466.52
865.8010	5462.9
866.0009	5454.94
866.2009	5445.81
866.4009	5438.66
866.6010	5434.81
866.8010	5433.13
867.0009	5432.32
867.2009	5431.11
867.4009	5429.01
867.6010	5426.73
867.8010	5425.06
868.0009	5424.77
868.2009	5426.15
868.4009	5428.74
868.6010	5431.99
868.8010	5435.37
869.0009	5438.28
869.2009	5440.03
869.4009	5439.92
869.6010	5437.27
869.8010	5432.13
870.0009	5425.95
870.2009	5420.27
870.4009	5416.65
870.6010	5415.83
870.8010	5417.14
871.0009	5419.73
871.2009	5422.74
871.4009	5425.44
871.6010	5427.35
871.8010	5428
872.0009	5426.92
872.2009	5423.98
872.4009	5419.75
872.6010	5414.88
872.8010	5410.03
873.0009	5405.64
873.2009	5401.76
873.4009	5398.39
873.6010	5395.49
873.8010	5393.09
874.0009	5391.21
874.2009	5389.93
874.4009	5389.27
874.6010	5389.32
874.8010	5390.23
875.0009	5392.14
875.2009	5395.22
875.4009	5399.1
875.6010	5402.11
875.8010	5402.39
876.0009	5398.07
876.2009	5388.73
876.4009	5377.81
876.6010	5369.4
876.8010	5367.6
877.0009	5374.39
877.2009	5385.95
877.4009	5397.43
877.6010	5403.99
877.8010	5402.64
878.0009	5395.75
878.2009	5386.67
878.4009	5378.73
878.6010	5374.37
878.8010	5373.29
879.0009	5374.64
879.2009	5377.61
879.4009	5381.43
879.6010	5385.57
879.8010	5389.55
880.0009	5392.86
880.2009	5395.04
880.4009	5395.64
880.6010	5394.23
880.8010	5390.38
881.0009	5384.08
881.2009	5376.79
881.4009	5370.26
881.6010	5366.23
881.8010	5365.74
882.0009	5367.32
882.2009	5368.94
882.4009	5368.6
882.6010	5365.07
882.8010	5360.1
883.0009	5356.07
883.2009	5355.38
883.4009	5359.46
883.6010	5366.23
883.8010	5372.82
884.0009	5376.35
884.2009	5374.9
884.4009	5370.16
884.6010	5364.67
884.8010	5360.98
885.0009	5360.92
885.2009	5363.54
885.4009	5367.22
885.6010	5370.35
885.8010	5371.67
886.0009	5371.42
886.2009	5370.22
886.4009	5368.67
886.6010	5367.3
886.8010	5366.41
887.0009	5366.23
887.2009	5366.99
887.4009	5368.72
887.6010	5370.64
887.8010	5371.73
888.0009	5371.02
888.2009	5368
888.4009	5364.29
888.6010	5362
888.8010	5363.28
889.0009	5369.43
889.2009	5378.22
889.4009	5386.55
889.6010	5391.3
889.8010	5390.22
890.0009	5384.71
890.2009	5377.11
890.4009	5369.78
890.6010	5364.68
890.8010	5362.2
891.0009	5362.3
891.2009	5364.93
891.4009	5369.84
891.6010	5375.83
891.8010	5381.46
892.0009	5385.29
892.2009	5386.34
892.4009	5385.59
892.6010	5384.53
892.8010	5384.65
893.0009	5386.99
893.2009	5390.72
893.4009	5394.49
893.6010	5396.98
893.8010	5397.2
894.0009	5395.74
894.2009	5393.58
894.4009	5391.69
894.6010	5390.79
894.8010	5390.52
895.0009	5390.26
895.2009	5389.35
895.4009	5387.47
895.6010	5385.55
895.8010	5384.86
896.0009	5386.64
896.2009	5391.54
896.4009	5397.63
896.6010	5402.31
896.8010	5403
897.0009	5398.11
897.2009	5389.98
897.4009	5381.94
897.6010	5377.33
897.8010	5378.45
898.0009	5383.53
898.2009	5389.76
898.4009	5394.36
898.6010	5395.21
898.8010	5392.86
899.0009	5388.47
899.2009	5383.24
899.4009	5378.28
899.6010	5374.42
899.8010	5372.42
900.0009	5373.05
900.2009	5376.61
900.4009	5381.61
900.6010	5386.16
900.8010	5388.35
901.0009	5386.99
901.2009	5383.38
901.4009	5379.41
901.6010	5376.95
901.8010	5377.33
902.0009	5379.92
902.2009	5383.67
902.4009	5387.53
902.6010	5390.47
902.8010	5391.6
903.0009	5390.03
903.2009	5384.87
903.4009	5376.02
903.6010	5365.85
903.8010	5357.29
904.0009	5353.25
904.2009	5355.33
904.4009	5361
904.6010	5366.91
904.8010	5369.7
905.0009	5367.35
905.2009	5361.82
905.4009	5355.83
905.6010	5352.14
905.8010	5352.5
906.0009	5355.88
906.2009	5360.74
906.4009	5365.51
906.6010	5368.78
906.8010	5369.55
907.0009	5366.86
907.2009	5359.77
907.4009	5348.46
907.6010	5336.15
907.8010	5326.56
908.0009	5323.41
908.2009	5328.43
908.4009	5338.23
908.6010	5348.61
908.8010	5355.36
909.0009	5356.07
909.2009	5352.65
909.4009	5347.7
909.6010	5343.81
909.8010	5342.5
910.0009	5342.82
910.2009	5343.46
910.4009	5343.13
910.6010	5341.2
910.8010	5338.54
911.0009	5336.22
911.2009	5335.3
911.4009	5336.22
911.6010	5338.03
911.8010	5339.62
912.0009	5339.89
912.2009	5338.4
912.4009	5336.05
912.6010	5333.88
912.8010	5332.92
913.0009	5333.62
913.2009	5335.28
913.4009	5337.08
913.6010	5338.21
913.8010	5338.33
914.0009	5338.02
914.2009	5337.93
914.4009	5338.69
914.6010	5340.29
914.8010	5341.58
915.0009	5341.33
915.2009	5338.3
915.4009	5332.49
915.6010	5325.79
915.8010	5320.29
916.0009	5318.02
916.2009	5319.8
916.4009	5324.68
916.6010	5331.55
916.8010	5339.3
917.0009	5347
917.2009	5353.92
917.4009	5359.39
917.6010	5362.71
917.8010	5363.73
918.0009	5363
918.2009	5361.07
918.4009	5358.55
918.6010	5356.43
918.8010	5356.19
919.0009	5359.34
919.2009	5367.31
919.4009	5379.42
919.6010	5392.62
919.8010	5403.77
920.0009	5409.79
920.2009	5410.13
920.4009	5406.86
920.6010	5402.15
920.8010	5398.15
921.0009	5396.1
921.2009	5396.45
921.4009	5399.56
921.6010	5405.78
921.8010	5414.62
922.0009	5424.85
922.2009	5435.2
922.4009	5444.46
922.6010	5452.13
922.8010	5458.31
923.0009	5463.12
923.2009	5466.67
923.4009	5469.09
923.6010	5470.49
923.8010	5471.01
924.0009	5470.84
924.2009	5471.08
924.4009	5473.48
924.6010	5479.77
924.8010	5491.45
925.0009	5506.81
925.2009	5522.18
925.4009	5533.82
925.6010	5538.44
925.8010	5537.14
926.0009	5533.6
926.2009	5531.51
926.4009	5534.18
926.6010	5541.27
926.8010	5550.49
927.0009	5559.54
927.2009	5566.45
927.4009	5571.62
927.6010	5576.65
927.8010	5583.14
928.0009	5592.36
928.2009	5603.29
928.4009	5613.88
928.6010	5622.08
928.8010	5626.37
929.0009	5628.47
929.2009	5631.39
929.4009	5638.16
929.6010	5650.99
929.8010	5667.52
930.0009	5683.74
930.2009	5695.7
930.4009	5700.46
930.6010	5700.45
930.8010	5699.74
931.0009	5702.44
931.2009	5711.57
931.4009	5725.28
931.6010	5740.38
931.8010	5753.69
932.0009	5762.87
932.2009	5769.05
932.4009	5774.2
932.6010	5780.31
932.8010	5788.72
933.0009	5798.62
933.2009	5808.71
933.4009	5817.68
933.6010	5824.74
933.8010	5830.62
934.0009	5836.33
934.2009	5842.92
934.4009	5851.1
934.6010	5860.75
934.8010	5871.6
935.0009	5883.4
935.2009	5895.46
935.4009	5906.12
935.6010	5913.57
935.8010	5916.02
936.0009	5913.35
936.2009	5909.08
936.4009	5907.19
936.6010	5911.64
936.8010	5923.91
937.0009	5940.78
937.2009	5958.5
937.4009	5973.35
937.6010	5983.72
937.8010	5991.51
938.0009	5998.96
938.2009	6008.28
938.4009	6020.01
938.6010	6032.26
938.8010	6042.91
939.0009	6049.9
939.2009	6053.05
939.4009	6054.57
939.6010	6056.86
939.8010	6062.25
940.0009	6071.21
940.2009	6082.06
940.4009	6093.01
940.6010	6102.3
940.8010	6109.28
941.0009	6114.36
941.2009	6118.01
941.4009	6120.73
941.6010	6123.23
941.8010	6126.46
942.0009	6131.34
942.2009	6138.74
942.4009	6148.25
942.6010	6158.49
942.8010	6168.05
943.0009	6175.6
943.2009	6180.92
943.4009	6184.56
943.6010	6187.05
943.8010	6188.93
944.0009	6190.43
944.2009	6191.59
944.4009	6192.48
944.6010	6193.2
944.8010	6194.2
945.0009	6196.16
945.2009	6199.73
945.4009	6205.41
945.6010	6212.67
945.8010	6220.45
946.0009	6227.74
946.2009	6233.65
946.4009	6238.27
946.6010	6242.04
946.8010	6245.38
947.0009	6248.72
947.2009	6252.19
947.4009	6255.88
947.6010	6259.88
947.8010	6264.16
948.0009	6268.23
948.2009	6271.51
948.4009	6273.36
948.6010	6273.59
948.8010	6273.45
949.0009	6274.55
949.2009	6278.48
949.4009	6285.77
949.6010	6293.55
949.8010	6298.31
950.0009	6296.55
950.2009	6286.98
950.4009	6274.1
950.6010	6263.37
950.8010	6260.23
951.0009	6267
951.2009	6279.17
951.4009	6291.29
951.6010	6297.93
951.8010	6296.95
952.0009	6292.34
952.2009	6288.78
952.4009	6290.89
952.6010	6299.84
952.8010	6311.38
953.0009	6320.73
953.2009	6323.2
953.4009	6317.07
953.6010	6304.66
953.8010	6288.55
954.0009	6271.33
954.2009	6255.48
954.4009	6243.31
954.6010	6237.14
954.8010	6239.11
955.0009	6247.89
955.2009	6258.71
955.4009	6266.68
955.6010	6267.18
955.8010	6260.5
956.0009	6250.96
956.2009	6242.98
956.4009	6240.64
956.6010	6243.63
956.8010	6248.51
957.0009	6251.83
957.2009	6250.48
957.4009	6245.14
957.6010	6238.72
957.8010	6234.15
958.0009	6233.92
958.2009	6237.12
958.4009	6241.12
958.6010	6243.32
958.8010	6241.46
959.0009	6235.52
959.2009	6226.44
959.4009	6215.15
959.6010	6202.69
959.8010	6190.74
960.0009	6181.23
960.2009	6176.06
960.4009	6176.5
960.6010	6181.09
960.8010	6187.63
961.0009	6193.91
961.2009	6198.08
961.4009	6199.57
961.6010	6198.07
961.8010	6193.28
962.0009	6185.4
962.2009	6176.16
962.4009	6167.53
962.6010	6161.5
962.8010	6159.09
963.0009	6159.13
963.2009	6160.15
963.4009	6160.68
963.6010	6159.84
963.8010	6157.96
964.0009	6155.46
964.2009	6152.79
964.4009	6150.16
964.6010	6147.46
964.8010	6144.56
965.0009	6141.3
965.2009	6137.44
965.4009	6132.52
965.6010	6126.1
965.8010	6117.78
966.0009	6108.26
966.2009	6099.41
966.4009	6093.13
966.6010	6091.24
966.8010	6093.25
967.0009	6096.74
967.2009	6099.19
967.4009	6098.26
967.6010	6093.75
967.8010	6087.04
968.0009	6079.51
968.2009	6072.54
968.4009	6067.34
968.6010	6065.01
968.8010	6066.67
969.0009	6073.08
969.2009	6082.38
969.4009	6091.49
969.6010	6097.29
969.8010	6097.29
970.0009	6092.62
970.2009	6085.79
970.4009	6079.33
970.6010	6075.2
970.8010	6072.83
971.0009	6070.86
971.2009	6067.93
971.4009	6063.31
971.6010	6058.67
971.8010	6056.2
972.0009	6058.12
972.2009	6065.41
972.4009	6075.41
972.6010	6084.79
972.8010	6090.21
973.0009	6089.93
973.2009	6085.94
973.4009	6080.76
973.6010	6076.92
973.8010	6075.76
974.0009	6076.49
974.2009	6078.04
974.4009	6079.38
974.6010	6079.99
974.8010	6080.1
975.0009	6080.02
975.2009	6080.04
975.4009	6080.36
975.6010	6081.01
975.8010	6082.03
976.0009	6083.44
976.2009	6085.07
976.4009	6086.55
976.6010	6087.51
976.8010	6087.63
977.0009	6087.32
977.2009	6087.55
977.4009	6089.31
977.6010	6093.44
977.8010	6099.28
978.0009	6105.23
978.2009	6109.69
978.4009	6111.3
978.6010	6110.75
978.8010	6109.69
979.0009	6109.8
979.2009	6112.4
979.4009	6116.7
979.6010	6121.08
979.8010	6123.93
980.0009	6124.06
980.2009	6122.26
980.4009	6119.89
980.6010	6118.3
980.8010	6118.58
981.0009	6120.76
981.2009	6124.66
981.4009	6130.11
981.6010	6136.76
981.8010	6143.81
982.0009	6150.4
982.2009	6155.66
982.4009	6159.12
982.6010	6161.2
982.8010	6162.41
983.0009	6163.26
983.2009	6164.16
983.4009	6165.34
983.6010	6167.01
983.8010	6169.4
984.0009	6172.88
984.2009	6178.05
984.4009	6185.51
984.6010	6195.81
984.8010	6208.02
985.0009	6219.67
985.2009	6228.27
985.4009	6231.49
985.6010	6229.88
985.8010	6226.27
986.0009	6223.55
986.2009	6224.37
986.4009	6228.98
986.6010	6236.1
986.8010	6244.46
987.0009	6252.82
987.2009	6260.35
987.4009	6266.41
987.6010	6270.36
987.8010	6271.69
988.0009	6270.77
988.2009	6268.24
988.4009	6264.76
988.6010	6261.16
988.8010	6258.96
989.0009	6259.87
989.2009	6265.61
989.4009	6277.16
989.6010	6293.13
989.8010	6311.67
990.0010	6330.92
990.2009	6348.96
990.4009	6363.72
990.6010	6373.09
990.8010	6375.01
991.0010	6369.55
991.2009	6360.73
991.4009	6352.99
991.6010	6350.71
991.8010	6355.39
992.0010	6364.47
992.2009	6375.08
992.4009	6384.43
992.6010	6391.48
992.8010	6397.06
993.0010	6402.11
993.2009	6407.53
993.4009	6413.69
993.6010	6420.49
993.8010	6427.85
994.0010	6435.66
994.2009	6443.87
994.4009	6452.44
994.6010	6461.33
994.8010	6470.49
995.0010	6479.64
995.2009	6488.42
995.4009	6496.46
995.6010	6503.52
995.8010	6509.97
996.0010	6516.46
996.2009	6523.58
996.4009	6531.79
996.6010	6540.79
996.8010	6550.08
997.0010	6559.17
997.2009	6567.84
997.4009	6576.64
997.6010	6586.26
997.8010	6597.4
998.0010	6610.33
998.2009	6624.36
998.4009	6638.68
998.6010	6652.49
998.8010	6665.06
999.0010	6675.85
999.2009	6684.33
999.4009	6689.99
999.6010	6693.24
999.8010	6695.63
1000.0010	6698.78
1000.2009	6704.25
1000.4009	6712.63
1000.6010	6723.59
1000.8010	6736.74
1001.0010	6751.64
1001.2009	6767.09
1001.4009	6781.3
1001.6010	6792.51
1001.8010	6799.29
1002.0010	6803.28
1002.2009	6807.76
1002.4009	6815.99
1002.6010	6830.51
1002.8010	6849.2
1003.0010	6868.2
1003.2009	6883.62
1003.4009	6892.88
1003.6010	6898.89
1003.8010	6906.13
1004.0010	6919.05
1004.2009	6940.22
1004.4009	6966.26
1004.6010	6992.63
1004.8010	7014.8
1005.0010	7030.43
1005.2009	7042.01
1005.4009	7052.75
1005.6010	7065.81
1005.8010	7082.49
1006.0010	7101.02
1006.2009	7119.36
1006.4009	7135.48
1006.6010	7148.87
1006.8010	7160.84
1007.0010	7172.8
1007.2009	7186.09
1007.4009	7200.85
1007.6010	7216.12
1007.8010	7230.91
1008.0010	7244.33
1008.2009	7257.07
1008.4009	7270.77
1008.6010	7287.13
1008.8010	7307.52
1009.0010	7330.85
1009.2009	7354.82
1009.4009	7377.16
1009.6010	7396.09
1009.8010	7412.67
1010.0010	7428.94
1010.2009	7446.93
1010.4009	7467.92
1010.6010	7490.25
1010.8010	7511.54
1011.0010	7529.44
1011.2009	7542.97
1011.4009	7554.93
1011.6010	7568.76
1011.8010	7587.87
1012.0010	7613.9
1012.2009	7645.11
1012.4009	7679.36
1012.6010	7714.51
1012.8010	7748.45
1013.0010	7779.09
1013.2009	7804.34
1013.4009	7822.24
1013.6010	7833.64
1013.8010	7842.27
1014.0010	7851.93
1014.2009	7866.25
1014.4009	7885.68
1014.6010	7908.39
1014.8010	7932.51
1015.0010	7956.31
1015.2009	7979.43
1015.4009	8002.21
1015.6010	8025
1015.8010	8048.14
1016.0010	8071.89
1016.2009	8096.5
1016.4009	8122.19
1016.6010	8149.08
1016.8010	8176.76
1017.0010	8204.68
1017.2009	8232.31
1017.4009	8259.33
1017.6010	8286.12
1017.8010	8313.18
1018.0010	8340.99
1018.2009	8369.98
1018.4009	8400.42
1018.6010	8432.59
1018.8010	8466.73
1019.0010	8502.43
1019.2009	8538.33
1019.4009	8573.02
1019.6010	8605.1
1019.8010	8633.95
1020.0010	8659.66
1020.2009	8682.39
1020.4009	8702.39
1020.6010	8721.63
1020.8010	8743.25
1021.0010	8770.42
1021.2009	8805.69
1021.4009	8846.46
1021.6010	8887.61
1021.8010	8923.98
1022.0010	8951.72
1022.2009	8974.18
1022.4009	8997.19
1022.6010	9026.56
1022.8010	9066.14
1023.0010	9112.52
1023.2009	9160.61
1023.4009	9205.32
1023.6010	9243.45
1023.8010	9276.6
1024.0010	9307.08
1024.2009	9337.23
1024.4010	9368.89
1024.6010	9403.14
1024.8009	9440.96
1025.0010	9483.26
1025.2009	9528.61
1025.4010	9572.7
1025.6010	9611.09
1025.8009	9639.64
1026.0010	9660.37
1026.2009	9680.55
1026.4010	9707.61
1026.6010	9748.24
1026.8009	9801.63
1027.0010	9862.44
1027.2009	9925.3
1027.4010	9985.13
1027.6010	10038.9
1027.8009	10084.3
1028.0010	10119.1
1028.2009	10142.7
1028.4010	10160.5
1028.6010	10179.9
1028.8009	10208.4
1029.0010	10250.3
1029.2009	10302
1029.4010	10358
1029.6010	10413.2
1029.8009	10464.2
1030.0010	10511.8
1030.2009	10557.3
1030.4010	10601.8
1030.6010	10646
1030.8009	10690.1
1031.0010	10734.1
1031.2009	10778.1
1031.4010	10821.2
1031.6010	10862.1
1031.8009	10899.3
1032.0010	10931.8
1032.2009	10962.5
1032.4010	10997
1032.6010	11041
1032.8009	11099
1033.0010	11167.8
1033.2009	11240.4
1033.4010	11310.1
1033.6010	11371.2
1033.8009	11423.4
1034.0010	11468
1034.2009	11506
1034.4010	11539.5
1034.6010	11572.4
1034.8009	11608.8
1035.0010	11653.2
1035.2009	11707.3
1035.4010	11768.1
1035.6010	11832.2
1035.8009	11895.8
1036.0010	11956.7
1036.2009	12014.1
1036.4010	12067.3
1036.6010	12115.7
1036.8009	12160.3
1037.0010	12203.6
1037.2009	12248.2
1037.4010	12296.4
1037.6010	12349.5
1037.8009	12408.1
1038.0010	12472.9
1038.2009	12543.8
1038.4010	12618
1038.6010	12691.4
1038.8009	12759.8
1039.0010	12820.1
1039.2009	12874.2
1039.4010	12925.3
1039.6010	12976.6
1039.8009	13030.1
1040.0010	13084.8
1040.2009	13138.7
1040.4010	13190.2
1040.6010	13239.5
1040.8009	13290.3
1041.0010	13346.9
1041.2009	13413.2
1041.4010	13488.5
1041.6010	13566
1041.8009	13638.5
1042.0010	13699.3
1042.2009	13749
1042.4010	13794.1
1042.6010	13841.3
1042.8009	13896.6
1043.0010	13958.6
1043.2009	14022.2
1043.4010	14082.1
1043.6010	14134.3
1043.8009	14184
1044.0010	14239.3
1044.2009	14308.3
1044.4010	14395.4
1044.6010	14491.6
1044.8009	14584.3
1045.0010	14661.4
1045.2009	14716.7
1045.4010	14759
1045.6010	14799.2
1045.8009	14848.2
1046.0010	14910.9
1046.2009	14983.6
1046.4010	15062
1046.6010	15141.5
1046.8009	15219.9
1047.0010	15296.7
1047.2009	15371.6
1047.4010	15444.4
1047.6010	15515.2
1047.8009	15584.3
1048.0010	15652.1
1048.2009	15718.9
1048.4010	15785.1
1048.6010	15851.2
1048.8009	15917.4
1049.0010	15984.2
1049.2009	16051.4
1049.4010	16118.8
1049.6010	16186.5
1049.8009	16254.5
1050.0010	16324.6
1050.2009	16398.6
1050.4010	16478.4
1050.6010	16562.9
1050.8009	16646.4
1051.0010	16722.7
1051.2009	16785.8
1051.4010	16837.3
1051.6010	16887.2
1051.8009	16946.5
1052.0010	17024.8
1052.2009	17121
1052.4010	17225.2
1052.6010	17327.3
1052.8009	17418.5
1053.0010	17499.7
1053.2009	17576.5
1053.4010	17654.7
1053.6010	17738.6
1053.8009	17824.8
1054.0010	17907.7
1054.2009	17981.8
1054.4010	18044
1054.6010	18098.6
1054.8009	18151.5
1055.0010	18208.4
1055.2009	18274.1
1055.4010	18351
1055.6010	18441.1
1055.8009	18546.7
1056.0010	18664
1056.2009	18782.7
1056.4010	18892
1056.6010	18981.8
1056.8009	19053.1
1057.0010	19115.4
1057.2009	19178.7
1057.4010	19251.7
1057.6010	19334.4
1057.8009	19422.1
1058.0010	19510.1
1058.2009	19594.5
1058.4010	19676.3
1058.6010	19757.8
1058.8009	19841.5
1059.0010	19928.8
1059.2009	20019
1059.4010	20110.7
1059.6010	20202.6
1059.8009	20293.9
1060.0010	20383.8
1060.2009	20472
1060.4010	20558.1
1060.6010	20642.6
1060.8009	20727.2
1061.0010	20813.6
1061.2009	20903.6
1061.4010	20997.8
1061.6010	21096
1061.8009	21198.2
1062.0010	21303.9
1062.2009	21409.9
1062.4010	21511.6
1062.6010	21604.5
1062.8009	21685.4
1063.0010	21757.4
1063.2009	21825.1
1063.4010	21893.6
1063.6010	21966.9
1063.8009	22047.6
1064.0010	22137.8
1064.2009	22239.6
1064.4010	22352.3
1064.6010	22470.6
1064.8009	22588.7
1065.0010	22700.8
1065.2009	22804.1
1065.4010	22899.4
1065.6010	22987.3
1065.8009	23069
1066.0010	23147.7
1066.2009	23228.9
1066.4010	23317.8
1066.6010	23418.9
1066.8009	23532
1067.0010	23654.4
1067.2009	23783.8
1067.4010	23916.9
1067.6010	24048.3
1067.8009	24171.6
1068.0010	24280.7
1068.2009	24373.3
1068.4010	24456.6
1068.6010	24539.2
1068.8009	24629.5
1069.0010	24729.5
1069.2009	24831.4
1069.4010	24926.7
1069.6010	25007.6
1069.8009	25078.1
1070.0010	25153.7
1070.2009	25250.2
1070.4010	25381.2
1070.6010	25537.9
1070.8009	25698.5
1071.0010	25841.1
1071.2009	25948.4
1071.4010	26028.3
1071.6010	26097.9
1071.8009	26174.2
1072.0010	26269.3
1072.2009	26379.7
1072.4010	26498.8
1072.6010	26620
1072.8009	26738.8
1073.0010	26855.6
1073.2009	26971.1
1073.4010	27085.8
1073.6010	27200.3
1073.8009	27314.9
1074.0010	27429.7
1074.2009	27545.1
1074.4010	27660.9
1074.6010	27776.9
1074.8009	27892.8
1075.0010	28008.5
1075.2009	28124.9
1075.4010	28243.3
1075.6010	28365.1
1075.8009	28491.1
1076.0010	28619.4
1076.2009	28747.7
1076.4010	28873.6
1076.6010	28995.3
1076.8009	29113.3
1077.0010	29227.9
1077.2009	29339.6
1077.4010	29450
1077.6010	29561.7
1077.8009	29677.5
1078.0010	29800.2
1078.2009	29930.3
1078.4010	30066.9
1078.6010	30208.8
1078.8009	30354.7
1079.0010	30501.8
1079.2009	30646.2
1079.4010	30784.4
1079.6010	30912.8
1079.8009	31030
1080.0010	31134.8
1080.2009	31226.1
1080.4010	31305.2
1080.6010	31380.2
1080.8009	31460.4
1081.0010	31554.9
1081.2009	31666.3
1081.4010	31786.4
1081.6010	31905.6
1081.8009	32015
1082.0010	32112.8
1082.2009	32204.8
1082.4010	32297
1082.6010	32394.6
1082.8009	32492.7
1083.0010	32580.4
1083.2009	32646.8
1083.4010	32684.2
1083.6010	32704.5
1083.8009	32726.1
1084.0010	32767.6
1084.2009	32841.5
1084.4010	32940.9
1084.6010	33055
1084.8009	33172.9
1085.0010	33285.1
1085.2009	33384.1
1085.4010	33462.8
1085.6010	33514.3
1085.8009	33541.4
1086.0010	33557.8
1086.2009	33577.5
1086.4010	33613.5
1086.6010	33667.8
1086.8009	33735.3
1087.0010	33810.4
1087.2009	33888.5
1087.4010	33969.4
1087.6010	34054.5
1087.8009	34145.2
1088.0010	34240.7
1088.2009	34332.1
1088.4010	34408.9
1088.6010	34460.5
1088.8009	34484.2
1089.0010	34491.5
1089.2009	34495.7
1089.4010	34509.6
1089.6010	34539.4
1089.8009	34583.1
1090.0010	34638.5
1090.2009	34703
1090.4010	34772.6
1090.6010	34841.8
1090.8009	34905.4
1091.0010	34958.5
1091.2009	34998.1
1091.4010	35022.4
1091.6010	35029.2
1091.8009	35019.2
1092.0010	35000.7
1092.2009	34984.1
1092.4010	34979.5
1092.6010	34992.4
1092.8009	35018.8
1093.0010	35053.7
1093.2009	35092.2
1093.4010	35132.4
1093.6010	35175.5
1093.8009	35223.1
1094.0010	35275.7
1094.2009	35324.3
1094.4010	35353.8
1094.6010	35348.7
1094.8009	35298.4
1095.0010	35218.5
1095.2009	35134.8
1095.4010	35073.1
1095.6010	35050.7
1095.8009	35057.7
1096.0010	35078.8
1096.2009	35098.5
1096.4010	35108.1
1096.6010	35109.5
1096.8009	35106.4
1097.0010	35101.7
1097.2009	35094.2
1097.4010	35077.7
1097.6010	35045.8
1097.8009	34993.3
1098.0010	34925.2
1098.2009	34853.5
1098.4010	34789.8
1098.6010	34743.8
1098.8009	34714.3
1099.0010	34696.3
1099.2009	34684.5
1099.4010	34673.9
1099.6010	34658.1
1099.8009	34631.2
1100.0010	34587
1100.2009	34524
1100.4010	34448.6
1100.6010	34367.8
1100.8009	34288.4
1101.0010	34213.8
1101.2009	34144.2
1101.4010	34079.6
1101.6010	34020.2
1101.8009	33968
1102.0010	33925.9
1102.2009	33896.7
1102.4010	33880.6
1102.6010	33866.5
1102.8009	33839.8
1103.0010	33785.9
1103.2009	33697.4
1103.4010	33584.8
1103.6010	33461
1103.8009	33338.9
1104.0010	33227.4
1104.2009	33129.9
1104.4010	33049.6
1104.6010	32989.3
1104.8009	32947.2
1105.0010	32918.5
1105.2009	32898
1105.4010	32880.2
1105.6010	32855
1105.8009	32810.8
1106.0010	32736
1106.2009	32623.8
1106.4010	32487.2
1106.6010	32343.2
1106.8009	32208.9
1107.0010	32096.6
1107.2009	32008.9
1107.4010	31947.3
1107.6010	31912.9
1107.8009	31897.3
1108.0010	31881.5
1108.2009	31845.9
1108.4010	31772.8
1108.6010	31664.7
1108.8009	31537.3
1109.0010	31406.1
1109.2009	31284.6
1109.4010	31173.7
1109.6010	31069.9
1109.8009	30970.1
1110.0010	30873.3
1110.2009	30785.4
1110.4010	30713.6
1110.6010	30664.8
1110.8009	30637.5
1111.0010	30616.5
1111.2009	30585.6
1111.4010	30529.5
1111.6010	30444.4
1111.8009	30337.1
1112.0010	30214.4
1112.2009	30083.5
1112.4010	29953.3
1112.6010	29833.8
1112.8009	29734.7
1113.0010	29662.5
1113.2009	29610.5
1113.4010	29568.6
1113.6010	29526.7
1113.8009	29476.9
1114.0010	29415.4
1114.2009	29339.1
1114.4010	29244.8
1114.6010	29134.6
1114.8009	29016
1115.0010	28896.8
1115.2009	28784.3
1115.4010	28679.7
1115.6010	28580.2
1115.8009	28482.9
1116.0010	28386.4
1116.2009	28297
1116.4010	28223.4
1116.6010	28174.4
1116.8009	28151.5
1117.0010	28136.2
1117.2009	28106.7
1117.4010	28041.5
1117.6010	27934.7
1117.8009	27803.3
1118.0010	27665.9
1118.2009	27540.5
1118.4010	27434.2
1118.6010	27344.9
1118.8009	27270.2
1119.0010	27207.8
1119.2009	27154
1119.4010	27104.6
1119.6010	27055.5
1119.8009	27002.8
1120.0010	26943.4
1120.2009	26874.5
1120.4010	26793.1
1120.6010	26699
1120.8009	26596.2
1121.0010	26489.2
1121.2009	26382.6
1121.4010	26281.8
1121.6010	26193
1121.8009	26122.5
1122.0010	26075.3
1122.2009	26046.8
1122.4010	26026.9
1122.6010	26005.5
1122.8009	25973.6
1123.0010	25927
1123.2009	25863
1123.4010	25778.5
1123.6010	25674.6
1123.8009	25559.9
1124.0010	25444.6
1124.2009	25338.4
1124.4010	25247.8
1124.6010	25175.4
1124.8009	25123.5
1125.0010	25093.7
1125.2009	25078.5
1125.4010	25064.5
1125.6010	25038.5
1125.8009	24989.4
1126.0010	24918.3
1126.2009	24830.4
1126.4010	24730.9
1126.6010	24625.5
1126.8009	24521.6
1127.0010	24426.5
1127.2009	24347.6
1127.4010	24287.3
1127.6010	24240.7
1127.8009	24202.5
1128.0010	24167.5
1128.2009	24132.5
1128.4010	24095.3
1128.6010	24054
1128.8009	24006.5
1129.0010	23950.4
1129.2009	23883.5
1129.4010	23803.3
1129.6010	23710.4
1129.8009	23614.5
1130.0010	23527
1130.2009	23459.3
1130.4010	23414.9
1130.6010	23385.9
1130.8009	23363.4
1131.0010	23338.7
1131.2009	23308.1
1131.4010	23272
1131.6010	23230.9
1131.8009	23184.9
1132.0010	23131.6
1132.2009	23067.6
1132.4010	22989.3
1132.6010	22896.5
1132.8009	22799.3
1133.0010	22710.2
1133.2009	22641.5
1133.4010	22597.9
1133.6010	22572
1133.8009	22555.1
1134.0010	22538.4
1134.2009	22517
1134.4010	22488.5
1134.6010	22450.7
1134.8009	22401.8
1135.0010	22340.8
1135.2009	22267.5
1135.4010	22181.6
1135.6010	22085.3
1135.8009	21990.2
1136.0010	21910
1136.2009	21858
1136.4010	21837.8
1136.6010	21834.7
1136.8009	21832.8
1137.0010	21816.2
1137.2009	21780.3
1137.4010	21730.2
1137.6010	21671.4
1137.8009	21609
1138.0010	21544.6
1138.2009	21478
1138.4010	21409.2
1138.6010	21339
1138.8009	21272.3
1139.0010	21215.1
1139.2009	21173.1
1139.4010	21147.7
1139.6010	21133.3
1139.8009	21123
1140.0010	21110.2
1140.2009	21089.4
1140.4010	21056.1
1140.6010	21005.7
1140.8009	20935
1141.0010	20849.4
1141.2009	20758.4
1141.4010	20671.7
1141.6010	20597.5
1141.8009	20538.9
1142.0010	20498
1142.2009	20476.7
1142.4010	20471.8
1142.6010	20471.3
1142.8009	20461.9
1143.0010	20431.2
1143.2009	20377.9
1143.4010	20310.4
1143.6010	20237.9
1143.8009	20168.5
1144.0010	20104.8
1144.2009	20046.8
1144.4010	19994.3
1144.6010	19947.6
1144.8009	19908
1145.0010	19877
1145.2009	19856.2
1145.4010	19843.5
1145.6010	19831.6
1145.8009	19812.1
1146.0010	19777.4
1146.2009	19727.2
1146.4010	19667.8
1146.6010	19605.6
1146.8009	19546.3
1147.0010	19491.6
1147.2009	19441.4
1147.4010	19395.4
1147.6010	19353.5
1147.8009	19315.6
1148.0010	19281.3
1148.2009	19250.5
1148.4010	19222
1148.6010	19193.5
1148.8009	19162.2
1149.0010	19125.6
1149.2009	19081.9
1149.4010	19030.1
1149.6010	18968.9
1149.8009	18898.2
1150.0010	18822.7
1150.2009	18749.2
1150.4010	18684.8
1150.6010	18634.3
1150.8009	18597.6
1151.0010	18573.8
1151.2009	18561.7
1151.4010	18556.5
1151.6010	18548.1
1151.8009	18526.1
1152.0010	18481
1152.2009	18415.9
1152.4010	18342.4
1152.6010	18272.4
1152.8009	18215.6
1153.0010	18170.2
1153.2009	18130.6
1153.4010	18091
1153.6010	18048.2
1153.8009	18005.2
1154.0010	17965.6
1154.2009	17933.2
1154.4010	17907.9
1154.6010	17884.8
1154.8009	17858.9
1155.0010	17825.6
1155.2009	17783.1
1155.4010	17731.6
1155.6010	17671.3
1155.8009	17603.6
1156.0010	17534.3
1156.2009	17470.7
1156.4010	17420.1
1156.6010	17385.3
1156.8009	17360.8
1157.0010	17339.8
1157.2009	17315.7
1157.4010	17284.6
1157.6010	17245.8
1157.8009	17198.6
1158.0010	17142.5
1158.2009	17080
1158.4010	17014.6
1158.6010	16950.1
1158.8009	16889.7
1159.0010	16835.4
1159.2009	16789
1159.4010	16751.9
1159.6010	16723.6
1159.8009	16699.2
1160.0010	16673.4
1160.2009	16641.3
1160.4010	16602
1160.6010	16557.8
1160.8009	16511.1
1161.0010	16464
1161.2009	16415.7
1161.4010	16364.3
1161.6010	16307.9
1161.8009	16246.6
1162.0010	16185.7
1162.2009	16131.6
1162.4010	16090.7
1162.6010	16063.3
1162.8009	16042.3
1163.0010	16019.7
1163.2009	15988.3
1163.4010	15947
1163.6010	15898.3
1163.8009	15845.2
1164.0010	15790.2
1164.2009	15734.8
1164.4010	15680.3
1164.6010	15627.9
1164.8009	15578.4
1165.0010	15532.6
1165.2009	15491
1165.4010	15453.9
1165.6010	15420.2
1165.8009	15386.8
1166.0010	15350.6
1166.2009	15309
1166.4010	15261.5
1166.6010	15209.1
1166.8009	15152.7
1167.0010	15092.8
1167.2009	15029.1
1167.4010	14960.7
1167.6010	14886.9
1167.8009	14810.4
1168.0010	14739.6
1168.2009	14683.5
1168.4010	14650.1
1168.6010	14636.2
1168.8009	14630.2
1169.0010	14619.8
1169.2009	14594.8
1169.4010	14554.9
1169.6010	14503.4
1169.8009	14443.9
1170.0010	14379.4
1170.2009	14313
1170.4010	14247.6
1170.6010	14185.9
1170.8009	14130.9
1171.0010	14085.1
1171.2009	14051.3
1171.4010	14031.3
1171.6010	14020
1171.8009	14008.3
1172.0010	13986.9
1172.2009	13949.1
1172.4010	13897.2
1172.6010	13836.3
1172.8009	13771.2
1173.0010	13706
1173.2009	13644.1
1173.4010	13588.7
1173.6010	13542.6
1173.8009	13504.8
1174.0010	13470.9
1174.2009	13436.3
1174.4010	13397.3
1174.6010	13355.1
1174.8009	13312.4
1175.0010	13272.3
1175.2009	13235.2
1175.4010	13195.5
1175.6010	13146.5
1175.8009	13081.7
1176.0010	13003.3
1176.2009	12923.7
1176.4010	12856.2
1176.6010	12812.4
1176.8009	12788.9
1177.0010	12773.9
1177.2009	12755.6
1177.4010	12724.8
1177.6010	12683.2
1177.8009	12635.2
1178.0010	12585.1
1178.2009	12536
1178.4010	12488
1178.6010	12441.2
1178.8009	12395.7
1179.0010	12350.2
1179.2009	12302.9
1179.4010	12251.7
1179.6010	12195.5
1179.8009	12139.3
1180.0010	12090
1180.2009	12054.5
1180.4010	12035.1
1180.6010	12022.7
1180.8009	12006.3
1181.0010	11975.1
1181.2009	11926
1181.4010	11864.2
1181.6010	11795.5
1181.8009	11725.6
1182.0010	11658.7
1182.2009	11598.5
1182.4010	11548.6
1182.6010	11511
1182.8009	11482.6
1183.0010	11459
1183.2009	11435.7
1183.4010	11409.5
1183.6010	11378.5
1183.8009	11341.2
1184.0010	11296.1
1184.2009	11245.1
1184.4010	11192
1184.6010	11141.1
1184.8009	11095.3
1185.0010	11053.2
1185.2009	11011.9
1185.4010	10968.5
1185.6010	10922.3
1185.8009	10877.9
1186.0010	10840.6
1186.2009	10815.2
1186.4010	10798.9
1186.6010	10781.6
1186.8009	10752.8
1187.0010	10703.9
1187.2009	10638.5
1187.4010	10565.7
1187.6010	10494.3
1187.8009	10431.8
1188.0010	10380.6
1188.2009	10342.2
1188.4010	10318.2
1188.6010	10305.8
1188.8009	10296.8
1189.0010	10282.8
1189.2009	10256.2
1189.4010	10217.2
1189.6010	10170.8
1189.8009	10122.1
1190.0010	10074.8
1190.2009	10029
1190.4010	9983.57
1190.6010	9937.38
1190.8009	9890.46
1191.0010	9844.51
1191.2009	9801.42
1191.4010	9762.95
1191.6010	9729.77
1191.8009	9701.64
1192.0010	9678.36
1192.2009	9658.82
1192.4010	9637.58
1192.6010	9607.79
1192.8009	9562.64
1193.0010	9501.14
1193.2009	9434.53
1193.4010	9375.57
1193.6010	9336.42
1193.8009	9316.93
1194.0010	9305.45
1194.2009	9289.88
1194.4010	9260.03
1194.6010	9218.31
1194.8009	9172.3
1195.0010	9129.59
1195.2009	9094.69
1195.4010	9063.85
1195.6010	9032
1195.8009	8994.18
1196.0010	8949.33
1196.2009	8900.96
1196.4010	8852.81
1196.6010	8808.38
1196.8009	8769
1197.0010	8734.95
1197.2009	8706.45
1197.4010	8683.01
1197.6010	8661.57
1197.8009	8638.58
1198.0010	8610.52
1198.2009	8576.22
1198.4010	8537.86
1198.6010	8497.83
1198.8009	8458.4
1199.0010	8420.08
1199.2009	8382.28
1199.4010	8344.43
1199.6010	8306.4
1199.8009	8270.04
1200.0010	8237.68
1200.2009	8211.65
1200.4010	8191.99
1200.6010	8174.91
1200.8009	8156.24
1201.0010	8131.99
1201.2009	8101.04
1201.4010	8064.35
1201.6010	8022.96
1201.8009	7978.26
1202.0010	7933.43
1202.2009	7892.26
1202.4010	7858.5
1202.6010	7833.56
1202.8009	7814.14
1203.0010	7796.42
1203.2009	7776.66
1203.4010	7753.49
1203.6010	7727.62
1203.8009	7699.8
1204.0010	7670.64
1204.2009	7639.8
1204.4010	7606.64
1204.6010	7570.49
1204.8009	7531.48
1205.0010	7491.65
1205.2009	7453.29
1205.4010	7418.62
1205.6010	7388.53
1205.8009	7362.54
1206.0010	7340.11
1206.2009	7320.58
1206.4010	7302.42
1206.6010	7283.74
1206.8009	7262.63
1207.0010	7237.61
1207.2009	7208.3
1207.4010	7174.49
1207.6010	7136.06
1207.8009	7094.76
1208.0010	7054.48
1208.2009	7019.25
1208.4010	6992.49
1208.6010	6972.89
1208.8009	6956.85
1209.0010	6940.76
1209.2009	6921.92
1209.4010	6900.46
1209.6010	6877.05
1209.8009	6852.34
1210.0010	6826.35
1210.2009	6798.33
1210.4010	6767.45
1210.6010	6733.17
1210.8009	6697.12
1211.0010	6662.13
1211.2009	6631.05
1211.4010	6605.8
1211.6010	6585.16
1211.8009	6567.24
1212.0010	6550.18
1212.2009	6532.4
1212.4010	6512.76
1212.6010	6490.12
1212.8009	6463.59
1213.0010	6434.51
1213.2009	6405.53
1213.4010	6379.33
1213.6010	6357.58
1213.8009	6338.23
1214.0010	6318.42
1214.2009	6295.29
1214.4010	6268.45
1214.6010	6241.08
1214.8009	6216.65
1215.0010	6198.2
1215.2009	6184.08
1215.4010	6169.73
1215.6010	6150.53
1215.8009	6123.43
1216.0010	6091.55
1216.2009	6059.5
1216.4010	6031.86
1216.6010	6010.37
1216.8009	5992.34
1217.0010	5974.73
1217.2009	5954.72
1217.4010	5932.11
1217.6010	5908.42
1217.8009	5885.2
1218.0010	5863.68
1218.2009	5843.71
1218.4010	5824.81
1218.6010	5806.48
1218.8009	5787.88
1219.0010	5767.6
1219.2009	5744.17
1219.4010	5716.4
1219.6010	5686.34
1219.8009	5658.22
1220.0010	5636.3
1220.2009	5623.28
1220.4010	5615.26
1220.6010	5606.58
1220.8009	5591.65
1221.0010	5568.4
1221.2009	5540.52
1221.4010	5512.26
1221.6010	5487.57
1221.8009	5467.05
1222.0010	5448.99
1222.2009	5431.67
1222.4010	5413.71
1222.6010	5395.17
1222.8009	5376.56
1223.0010	5358.34
1223.2009	5341.12
1223.4010	5325.73
1223.6010	5313
1223.8009	5303.57
1224.0010	5295.53
1224.2009	5285.31
1224.4010	5269.29
1224.6010	5245.14
1224.8009	5215.99
1225.0010	5186.37
1225.2009	5160.79
1225.4010	5141.52
1225.6010	5127.29
1225.8009	5116.51
1226.0010	5107.59
1226.2009	5099.04
1226.4010	5089.44
1226.6010	5077.37
1226.8009	5061.87
1227.0010	5043.93
1227.2009	5025.03
1227.4010	5006.62
1227.6010	4989.35
1227.8009	4972.61
1228.0010	4955.67
1228.2009	4937.91
1228.4010	4919.9
1228.6010	4902.98
1228.8009	4888.47
1229.0010	4877.16
1229.2009	4867.75
1229.4010	4858.44
1229.6010	4847.47
1229.8009	4834.57
1230.0010	4821.67
1230.2009	4810.87
1230.4010	4804.01
1230.6010	4800.23
1230.8009	4797.08
1231.0010	4792.07
1231.2009	4783.08
1231.4010	4769.32
1231.6010	4750.27
1231.8009	4725.46
1232.0010	4696.43
1232.2009	4667.37
1232.4010	4642.71
1232.6010	4626.39
1232.8009	4617.98
1233.0010	4614.67
1233.2009	4613.6
1233.4010	4611.92
1233.6010	4606.7
1233.8009	4594.99
1234.0010	4573.97
1234.2009	4545.31
1234.4010	4516.23
1234.6010	4494.31
1234.8009	4485.99
1235.0010	4488.3
1235.2009	4493.61
1235.4010	4494.28
1235.6010	4485.29
1235.8009	4469.32
1236.0010	4450.39
1236.2009	4432.48
1236.4010	4417.14
1236.6010	4403.29
1236.8009	4389.71
1237.0010	4375.39
1237.2009	4361.01
1237.4010	4347.96
1237.6010	4337.63
1237.8009	4330.43
1238.0010	4324.17
1238.2009	4316.29
1238.4010	4304.35
1238.6010	4288.87
1238.8009	4273.3
1239.0010	4261.24
1239.2009	4255.48
1239.4010	4254.02
1239.6010	4253.02
1239.8009	4248.63
1240.0010	4238.85
1240.2009	4225.65
1240.4010	4211.53
1240.6010	4198.94
1240.8009	4189.02
1241.0010	4181.79
1241.2009	4177.27
1241.4010	4175.13
1241.6010	4173.36
1241.8009	4169.43
1242.0010	4160.79
1242.2009	4147.02
1242.4010	4131.63
1242.6010	4118.55
1242.8009	4111.41
1243.0010	4109.66
1243.2009	4109.68
1243.4010	4107.77
1243.6010	4101.28
1243.8009	4091.91
1244.0010	4082.52
1244.2009	4075.98
1244.4010	4073
1244.6010	4070.93
1244.8009	4066.83
1245.0010	4058.09
1245.2009	4045.38
1245.4010	4031.39
1245.6010	4018.86
1245.8009	4009.71
1246.0010	4003.03
1246.2009	3997.29
1246.4010	3990.99
1246.6010	3984.08
1246.8009	3978.33
1247.0010	3975.64
1247.2009	3977.5
1247.4010	3981.82
1247.6010	3984.71
1247.8009	3982.3
1248.0010	3972.57
1248.2009	3958.71
1248.4010	3944.85
1248.6010	3934.97
1248.8009	3929.77
1249.0010	3926.52
1249.2009	3922.29
1249.4010	3914.85
1249.6010	3906.29
1249.8009	3900.46
1250.0010	3901.18
1250.2009	3909.47
1250.4010	3920.05
1250.6010	3926.8
1250.8009	3923.98
1251.0010	3911.94
1251.2009	3896.19
1251.4010	3882.43
1251.6010	3875.17
1251.8009	3873.14
1252.0010	3873.28
1252.2009	3872.52
1252.4010	3869.2
1252.6010	3864.06
1252.8009	3858.08
1253.0010	3852.16
1253.2009	3846.45
1253.4010	3840.58
1253.6010	3834.19
1253.8009	3827.11
1254.0010	3820.01
1254.2009	3813.74
1254.4010	3809.12
1254.6010	3806.13
1254.8009	3803.64
1255.0010	3800.39
1255.2009	3795.36
1255.4010	3789.21
1255.6010	3783.48
1255.8009	3779.7
1256.0010	3778.77
1256.2009	3779.84
1256.4010	3781.75
1256.6010	3783.33
1256.8009	3783.71
1257.0010	3782.28
1257.2009	3778.44
1257.4010	3771.84
1257.6010	3763.61
1257.8009	3755.47
1258.0010	3749.13
1258.2009	3745.71
1258.4010	3745.18
1258.6010	3747.39
1258.8009	3752.06
1259.0010	3757.71
1259.2009	3761.88
1259.4010	3762.08
1259.6010	3756.6
1259.8009	3747.05
1260.0010	3735.94
1260.2009	3725.78
1260.4010	3718.23
1260.6010	3713.67
1260.8009	3712.39
1261.0010	3714.51
1261.2009	3718.62
1261.4010	3722.42
1261.6010	3723.61
1261.8009	3720.85
1262.0010	3715.75
1262.2009	3710.48
1262.4010	3707.13
1262.6010	3705.7
1262.8009	3703.79
1263.0010	3698.91
1263.2009	3689.23
1263.4010	3677.17
1263.6010	3666.85
1263.8009	3662.41
1264.0010	3665.52
1264.2009	3672.53
1264.4010	3679.1
1264.6010	3681.14
1264.8009	3678.16
1265.0010	3672.57
1265.2009	3666.84
1265.4010	3662.95
1265.6010	3660.83
1265.8009	3659.77
1266.0010	3659.11
1266.2009	3658.51
1266.4010	3658.14
1266.6010	3658.21
1266.8009	3658.9
1267.0010	3660.12
1267.2009	3661.62
1267.4010	3663.15
1267.6010	3664.3
1267.8009	3664.18
1268.0010	3661.79
1268.2009	3656.22
1268.4010	3648.31
1268.6010	3640.73
1268.8009	3636.22
1269.0010	3636.9
1269.2009	3640.85
1269.4010	3644.65
1269.6010	3644.89
1269.8009	3640.11
1270.0010	3632.68
1270.2009	3625.43
1270.4010	3620.99
1270.6010	3619.69
1270.8009	3620.16
1271.0010	3621.01
1271.2009	3621.03
1271.4010	3619.86
1271.6010	3617.3
1271.8009	3613.2
1272.0010	3608.01
1272.2009	3603.06
1272.4010	3599.72
1272.6010	3599.18
1272.8009	3601.15
1273.0010	3604.63
1273.2009	3608.65
1273.4010	3612.04
1273.6010	3613.34
1273.8009	3611
1274.0010	3603.62
1274.2009	3592.37
1274.4010	3580.67
1274.6010	3572.04
1274.8009	3569.19
1275.0010	3571.01
1275.2009	3575.24
1275.4010	3579.64
1275.6010	3583.04
1275.8009	3586.07
1276.0010	3589.49
1276.2009	3593.93
1276.4010	3598.57
1276.6010	3601.75
1276.8009	3601.82
1277.0010	3597.86
1277.2009	3591.11
1277.4010	3583.25
1277.6010	3575.9
1277.8009	3569.93
1278.0010	3565.38
1278.2009	3562.28
1278.4010	3560.68
1278.6010	3560.89
1278.8009	3563.29
1279.0010	3568.28
1279.2009	3575.15
1279.4010	3581.21
1279.6010	3583.56
1279.8009	3579.6
1280.0010	3570.33
1280.2009	3559.08
1280.4010	3549.23
1280.6010	3543.46
1280.8009	3542.1
1281.0010	3544.98
1281.2009	3551.9
1281.4010	3561.56
1281.6010	3571.42
1281.8009	3578.88
1282.0010	3581.69
1282.2009	3580.07
1282.4010	3575.19
1282.6010	3568.24
1282.8009	3560.51
1283.0010	3553.53
1283.2009	3548.84
1283.4010	3547.87
1283.6010	3550.41
1283.8009	3555.08
1284.0010	3560.48
1284.2009	3565.36
1284.4010	3569.03
1284.6010	3570.93
1284.8009	3570.51
1285.0010	3568.04
1285.2009	3564.77
1285.4010	3562.01
1285.6010	3560.78
1285.8009	3560.22
1286.0010	3558.66
1286.2009	3554.43
1286.4010	3547.27
1286.6010	3539.88
1286.8009	3535.34
1287.0010	3536.45
1287.2009	3542.26
1287.4010	3549.05
1287.6010	3553.03
1287.8009	3551.62
1288.0010	3546.8
1288.2009	3541.63
1288.4010	3539.07
1288.6010	3539.45
1288.8009	3539.75
1289.0010	3536.79
1289.2009	3528.1
1289.4010	3516.21
1289.6010	3505.78
1289.8009	3501.46
1290.0010	3505.11
1290.2009	3512.73
1290.4010	3519.59
1290.6010	3521.32
1290.8009	3518.39
1291.0010	3514.75
1291.2009	3514.41
1291.4010	3519.77
1291.6010	3527.3
1291.8009	3532.06
1292.0010	3529.3
1292.2009	3518.98
1292.4010	3506.74
1292.6010	3498.54
1292.8009	3499.25
1293.0010	3506.42
1293.2009	3514.66
1293.4010	3518.63
1293.6010	3515.97
1293.8009	3510.33
1294.0010	3506.04
1294.2009	3507.08
1294.4010	3512.79
1294.6010	3519.39
1294.8009	3523.06
1295.0010	3521.24
1295.2009	3515.63
1295.4010	3508.86
1295.6010	3503.5
1295.8009	3500.81
1296.0010	3500.6
1296.2009	3502.6
1296.4010	3506.41
1296.6010	3510.77
1296.8009	3514.11
1297.0010	3514.87
1297.2009	3512.74
1297.4010	3509.57
1297.6010	3507.45
1297.8009	3508.23
1298.0010	3511.2
1298.2009	3514.18
1298.4010	3514.91
1298.6010	3511.92
1298.8009	3505.94
1299.0010	3498.12
1299.2009	3489.63
1299.4010	3482.19
1299.6010	3478.08
1299.8009	3479.61
1300.0010	3488.12
1300.2009	3500.38
1300.4010	3511.68
1300.6010	3517.38
1300.8009	3515.64
1301.0010	3508.88
1301.2009	3499.9
1301.4010	3491.3
1301.6010	3484.15
1301.8009	3478.7
1302.0010	3475.23
1302.2009	3473.91
1302.4010	3474.71
1302.6010	3477.55
1302.8009	3482.33
1303.0010	3488.08
1303.2009	3493.19
1303.4010	3496
1303.6010	3495.47
1303.8009	3492.95
1304.0010	3490.4
1304.2009	3489.71
1304.4010	3491.14
1304.6010	3492.87
1304.8009	3492.95
1305.0010	3489.89
1305.2009	3485.12
1305.4010	3481.3
1305.6010	3481.08
1305.8009	3485.26
1306.0010	3491.03
1306.2009	3495.19
1306.4010	3494.82
1306.6010	3490.23
1306.8009	3483.78
1307.0010	3477.9
1307.2009	3474.44
1307.4010	3473.62
1307.6010	3475.29
1307.8009	3479.31
1308.0010	3484.57
1308.2009	3489.06
1308.4010	3490.71
1308.6010	3488.07
1308.8009	3482.59
1309.0010	3476.65
1309.2009	3472.58
1309.4010	3471.13
1309.6010	3470.71
1309.8009	3469.55
1310.0010	3466.17
1310.2009	3461.54
1310.4010	3457.84
1310.6010	3457.22
1310.8009	3460.63
1311.0010	3466.27
1311.2009	3471.95
1311.4010	3475.62
1311.6010	3476.86
1311.8009	3476.47
1312.0010	3475.27
1312.2009	3473.88
1312.4010	3472.17
1312.6010	3469.88
1312.8009	3466.76
1313.0010	3463.44
1313.2009	3461.52
1313.4010	3462.64
1313.6010	3467.98
1313.8009	3476.19
1314.0010	3485.06
1314.2009	3492.41
1314.4010	3496.59
1314.6010	3496.86
1314.8009	3492.54
1315.0010	3483.28
1315.2009	3471.53
1315.4010	3461.13
1315.6010	3455.96
1315.8009	3457.75
1316.0010	3463.21
1316.2009	3468.31
1316.4010	3469.28
1316.6010	3466.22
1316.8009	3462.11
1317.0010	3459.99
1317.2009	3461.85
1317.4010	3465.7
1317.6010	3468.72
1317.8009	3468.14
1318.0010	3463.77
1318.2009	3458.14
1318.4010	3453.91
1318.6010	3453.29
1318.8009	3455.86
1319.0010	3460.3
1319.2009	3465.3
1319.4010	3469.68
1319.6010	3472.41
1319.8009	3472.48
1320.0010	3469.14
1320.2009	3463.65
1320.4010	3458.31
1320.6010	3455.39
1320.8009	3456.01
1321.0010	3458.57
1321.2009	3461.12
1321.4010	3461.84
1321.6010	3460.77
1321.8009	3459.26
1322.0010	3458.68
1322.2009	3459.9
1322.4010	3462.05
1322.6010	3463.9
1322.8009	3464.28
1323.0010	3463
1323.2009	3460.89
1323.4010	3458.78
1323.6010	3457.31
1323.8009	3455.94
1324.0010	3453.8
1324.2009	3450.03
1324.4010	3444.77
1324.6010	3439.55
1324.8009	3436.01
1325.0010	3435.58
1325.2009	3438.23
1325.4010	3443.32
1325.6010	3450.17
1325.8009	3457.84
1326.0010	3464.83
1326.2009	3469.57
1326.4010	3470.64
1326.6010	3468.5
1326.8009	3464.72
1327.0010	3460.9
1327.2009	3458.23
1327.4010	3456.9
1327.6010	3456.91
1327.8009	3458.24
1328.0010	3460.35
1328.2009	3462.27
1328.4010	3463
1328.6010	3462.03
1328.8009	3460.69
1329.0010	3460.74
1329.2009	3463.92
1329.4010	3470.86
1329.6010	3480.96
1329.8009	3493.55
1330.0010	3507.86
1330.2009	3522.59
1330.4010	3536.26
1330.6010	3547.36
1330.8009	3553.87
1331.0010	3552.89
1331.2009	3541.5
1331.4010	3517.69
1331.6010	3486.92
1331.8009	3458.16
1332.0010	3440.38
1332.2009	3437.84
1332.4010	3445.07
1332.6010	3455.4
1332.8009	3462.54
1333.0010	3464.72
1333.2009	3463.07
1333.4010	3458.72
1333.6010	3453
1333.8009	3447.72
1334.0010	3444.75
1334.2009	3445.86
1334.4010	3450.5
1334.6010	3456.18
1334.8009	3460.37
1335.0010	3461.25
1335.2009	3459.78
1335.4010	3457.58
1335.6010	3456.24
1335.8009	3456.25
1336.0010	3456.88
1336.2009	3457.33
1336.4010	3456.98
1336.6010	3456.11
1336.8009	3455.26
1337.0010	3455
1337.2009	3455.31
1337.4010	3455.4
1337.6010	3454.39
1337.8009	3451.63
1338.0010	3448.02
1338.2009	3445.11
1338.4010	3444.46
1338.6010	3446.42
1338.8009	3449.06
1339.0010	3450.24
1339.2009	3448.12
1339.4010	3444.25
1339.6010	3442.05
1339.8009	3444.99
1340.0010	3454.21
1340.2009	3465.26
1340.4010	3472.81
1340.6010	3471.99
1340.8009	3463.6
1341.0010	3452.65
1341.2009	3444.24
1341.4010	3441.89
1341.6010	3444.09
1341.8009	3448.34
1342.0010	3452.2
1342.2009	3454.69
1342.4010	3456.16
1342.6010	3456.99
1342.8009	3457.62
1343.0010	3458.57
1343.2009	3460.4
1343.4010	3463.61
1343.6010	3467.61
1343.8009	3470.49
1344.0010	3470.27
1344.2009	3465.63
1344.4010	3458.77
1344.6010	3453.1
1344.8009	3451.97
1345.0010	3456.26
1345.2009	3463.2
1345.4010	3469.74
1345.6010	3473.21
1345.8009	3473.56
1346.0010	3471.88
1346.2009	3469.24
1346.4010	3466.55
1346.6010	3464.34
1346.8009	3463.1
1347.0010	3463.24
1347.2009	3464.31
1347.4010	3465.4
1347.6010	3465.59
1347.8009	3464.34
1348.0010	3461.95
1348.2009	3458.83
1348.4010	3455.44
1348.6010	3452.63
1348.8009	3451.57
1349.0010	3453.4
1349.2009	3458.54
1349.4010	3465.31
1349.6010	3471.64
1349.8009	3475.58
1350.0010	3476.71
1350.2009	3475.87
1350.4010	3473.9
1350.6010	3471.56
1350.8009	3469.22
1351.0010	3467.16
1351.2009	3465.65
1351.4010	3464.84
1351.6010	3464.73
1351.8009	3465.31
1352.0010	3466.57
1352.2009	3468.53
1352.4010	3471.19
1352.6010	3474.55
1352.8009	3477.82
1353.0010	3479.35
1353.2009	3477.42
1353.4010	3471.02
1353.6010	3462.86
1353.8009	3456.88
1354.0010	3456.95
1354.2009	3463.72
1354.4010	3473.37
1354.6010	3481.73
1354.8009	3485.26
1355.0010	3484.52
1355.2009	3481.69
1355.4010	3478.95
1355.6010	3477.24
1355.8009	3475.46
1356.0010	3472.34
1356.2009	3466.84
1356.4010	3460.01
1356.6010	3453.9
1356.8009	3450.52
1357.0010	3450.95
1357.2009	3454.35
1357.4010	3459.65
1357.6010	3465.77
1357.8009	3471.26
1358.0010	3474.5
1358.2009	3473.83
1358.4010	3468.94
1358.6010	3462.47
1358.8009	3457.48
1359.0010	3456.76
1359.2009	3459.98
1359.4010	3464.77
1359.6010	3468.74
1359.8009	3470.36
1360.0010	3470.52
1360.2009	3470.47
1360.4010	3471.38
1360.6010	3473.04
1360.8009	3474.18
1361.0010	3473.51
1361.2009	3470.37
1361.4010	3466.08
1361.6010	3462.35
1361.8009	3460.81
1362.0010	3461.53
1362.2009	3463.26
1362.4010	3464.7
1362.6010	3465.04
1362.8009	3465.16
1363.0010	3466.33
1363.2009	3469.74
1363.4010	3474.91
1363.6010	3479.72
1363.8009	3482
1364.0010	3480.27
1364.2009	3476.06
1364.4010	3471.65
1364.6010	3469.26
1364.8009	3469.43
1365.0010	3470.9
1365.2009	3472.29
1365.4010	3472.6
1365.6010	3472.64
1365.8009	3473.72
1366.0010	3477.12
1366.2009	3482.43
1366.4010	3487.26
1366.6010	3489.08
1366.8009	3486.02
1367.0010	3479.78
1367.2009	3473.25
1367.4010	3469.27
1367.6010	3468.85
1367.8009	3470.56
1368.0010	3472.76
1368.2009	3473.99
1368.4010	3473.83
1368.6010	3472.2
1368.8009	3469.08
1369.0010	3465.19
1369.2009	3462.44
1369.4010	3462.82
1369.6010	3467.73
1369.8009	3474.57
1370.0010	3479.1
1370.2009	3477.11
1370.4010	3467.95
1370.6010	3456.7
1370.8009	3448.96
1371.0010	3449.51
1371.2009	3456.71
1371.4010	3466.1
1371.6010	3473.21
1371.8009	3475.84
1372.0010	3475.8
1372.2009	3475.29
1372.4010	3476.2
1372.6010	3477.88
1372.8009	3478.44
1373.0010	3475.98
1373.2009	3470.09
1373.4010	3463.13
1373.6010	3457.78
1373.8009	3456.43
1374.0010	3458.74
1374.2009	3462.94
1374.4010	3467.26
1374.6010	3470.6
1374.8009	3473.24
1375.0010	3475.64
1375.2009	3478.17
1375.4010	3480.37
1375.6010	3481.35
1375.8009	3480.21
1376.0010	3476.77
1376.2009	3472.49
1376.4010	3468.98
1376.6010	3467.75
1376.8009	3468.57
1377.0010	3470.22
1377.2009	3471.49
1377.4010	3471.6
1377.6010	3470.79
1377.8009	3469.47
