24.7175	9894.14
25.3936	9650.14
26.0696	9457.14
26.7455	9450.14
27.4237	9424.14
28.0996	9234.14
28.7754	9338.14
29.4512	9073.14
30.1269	9071.14
30.8026	9009.14
31.4782	8800.14
32.1538	8778.14
32.8294	8961.14
33.5049	8965.14
34.1803	8971.14
34.8557	8870.14
35.531	8881.14
36.2063	8929.14
36.8793	8797.14
37.5545	8889.14
38.2297	8716.14
38.9048	8836.14
39.5798	8741.14
40.2549	8865.14
40.9298	9046.14
41.6048	9035.14
42.2797	9201.14
42.9545	9202.14
43.627	9293.14
44.3017	9356.14
44.9764	9474.14
45.651	9473.14
46.3256	9439.14
47.0002	9722.14
47.6724	9594.14
48.3469	9651.14
49.0213	9923.14
49.6956	10041.1
50.3677	10093.1
51.0419	10192.1
51.7162	10399.1
52.3903	10399.1
53.0622	10257.1
53.7362	10462.1
54.4103	10617.1
55.0843	10839.1
55.7559	10939.1
56.4298	11175.1
57.1037	10929.1
57.7752	10939.1
58.4489	10948.1
59.1226	11011.1
59.794	11147.1
60.4676	11288.1
61.1412	11190.1
61.8124	11276.1
62.4859	11510.1
63.157	11400.1
63.8304	11569.1
64.5037	11508.1
65.1747	11874.1
65.848	11831.1
66.5189	11869.1
67.192	11889.1
67.8628	11910.1
68.5359	11842.1
69.2066	11957.1
69.8796	11900.1
70.5502	12129.1
71.2231	11995.1
71.8936	12028.1
72.5664	11933.1
73.2368	11978.1
73.9095	12430.1
74.5798	12282.1
75.2524	12309.1
75.9227	12363.1
76.5952	12406.1
77.2653	12374.1
77.9354	12473.1
78.6078	12475.1
79.2778	12484.1
79.9501	12465.1
80.62	12520.1
81.2899	12363.1
81.962	12555.1
82.6318	12725.1
83.3015	12809.1
83.9735	12711.1
84.6431	12657.1
85.3127	12515.1
85.9846	12373.1
86.6541	12544.1
87.3236	12552.1
87.993	12518.1
88.6646	12657.1
89.334	12522.1
90.0032	12720.1
90.6747	12610.1
91.3439	12525.1
92.0131	12543.1
92.6822	12627.1
93.3512	12666.1
94.0225	12575.1
94.6914	12575.1
95.3604	12443.1
96.0292	12440.1
96.698	12638.1
97.3668	12621.1
98.0378	12797.1
98.7065	12610.1
99.3751	12516.1
100.044	12648.1
100.712	12598.1
101.381	12649.1
102.049	12792.1
102.718	12426.1
103.386	12364.1
104.056	12440.1
104.725	12361.1
105.393	12510.1
106.061	12529.1
106.729	12635.1
107.397	12700.1
108.065	12632.1
108.733	12431.1
109.401	12342.1
110.069	12290.1
110.737	12435.1
111.405	12530.1
112.073	12556.1
112.74	12432.1
113.408	12571.1
114.076	12500.1
114.741	12276.1
115.408	12252.1
116.076	12437.1
116.743	12377.1
117.411	12257.1
118.078	12233.1
118.745	12241.1
119.412	12258.1
120.08	12137.1
120.745	12417.1
121.412	12461.1
122.079	12346.1
122.746	12134.1
123.413	12215.1
124.08	12017.1
124.744	12303.1
125.411	12187.1
126.078	12106.1
126.745	12188.1
127.409	12213.1
128.076	12101.1
128.742	12185.1
129.409	12174.1
130.073	12000.1
130.74	12205.1
131.406	12059.1
132.072	12025.1
132.736	11915.1
133.403	12210.1
134.069	12166.1
134.733	12133.1
135.399	12069.1
136.065	12161.1
136.729	11937.1
137.395	11932.1
138.058	12021.1
138.724	11930.1
139.39	11911.1
140.054	11863.1
140.72	11825.1
141.383	11693.1
142.049	11636.1
142.714	11633.1
143.378	11825.1
144.043	11917.1
144.706	11653.1
145.372	11861.1
146.035	11669.1
146.7	11759.1
147.363	11637.1
148.029	11723.1
148.692	11603.1
149.357	11633.1
150.02	11804.1
150.682	11481.1
151.348	11426.1
152.01	11433.1
152.675	11554.1
153.338	11669.1
154.003	11455.1
154.665	11542.1
155.328	11390.1
155.992	11412.1
156.655	11304.1
157.319	11430.1
157.982	11541.1
158.644	11327.1
159.309	11441.1
159.971	11369.1
160.633	11301.1
161.297	11197.1
161.959	11402.1
162.621	11325.1
163.283	11336.1
163.947	11297.1
164.609	11383.1
165.271	11270.1
165.933	11298.1
166.597	11213.1
167.258	11283.1
167.92	11410.1
168.582	11265.1
169.245	11110.1
169.907	11241.1
170.568	11175.1
171.23	11064.1
171.891	11243.1
172.552	11079.1
173.216	11097.1
173.877	10899.1
174.538	10909.1
175.2	11087.1
175.861	11109.1
176.522	11170.1
177.183	11018.1
177.844	10951.1
178.505	10887.1
179.165	10933.1
179.828	10919.1
180.489	11065.1
181.15	11076.1
181.811	10955.1
182.471	11024.1
183.132	10795.1
183.792	10639.1
184.453	10629.1
185.113	10882.1
185.774	10867.1
186.434	10831.3
187.094	10794.1
187.755	10907.1
188.413	10609.1
189.073	10763.1
189.733	10733.1
190.393	10656.1
191.053	10745.1
191.713	10758.1
192.373	10707.1
193.033	10740.1
193.693	10653.1
194.353	10534.1
195.01	10735.1
195.67	10611.1
196.33	10801.1
196.989	10598.1
197.649	10457.1
198.308	10450.1
198.966	10590.1
199.625	10559.1
200.284	10446.1
200.944	10580.1
201.601	10575.1
202.26	10515.1
202.919	10363.1
203.579	10480.1
204.235	10505.1
204.895	10539.1
205.554	10625.1
206.213	10387.1
206.869	10533.1
207.528	10397.1
208.187	10355.1
208.844	10450.1
209.502	10414.1
210.161	10566.1
210.818	10225.1
211.476	10243.1
212.133	10331.1
212.791	10388.1
213.45	10321.1
214.106	10431.1
214.764	10422.1
215.42	10145.1
216.079	10134.1
216.735	10106.1
217.393	10258.1
218.051	10178.1
218.707	10139.1
219.365	10262.1
220.021	10060.1
220.679	10242.1
221.335	10057.1
221.993	10081.1
222.648	10068.1
223.306	10067.1
223.962	10181.1
224.617	10125.1
225.275	10016.1
225.93	9929.14
226.588	10090.1
227.243	9886.14
227.901	10107.1
228.556	10247.1
229.211	9888.14
229.868	9900.14
230.523	10097.1
231.179	9930.14
231.836	10031.1
232.491	10105.1
233.146	9944.14
233.803	9902.14
234.458	10033.1
235.112	9921.14
235.769	9873.14
236.424	10020.1
237.079	10110.1
237.733	9922.14
238.39	9985.14
239.045	9877.14
239.699	9740.14
240.353	9849.14
241.01	9870.14
241.664	9943.14
242.319	9795.14
242.973	9828.14
243.627	9836.14
244.283	9820.14
244.938	9635.14
245.592	9928.14
246.246	9900.14
246.9	9961.14
247.554	9801.14
248.21	9642.14
248.864	9661.14
249.517	9623.14
250.171	9742.14
250.825	9953.14
251.478	9784.14
252.132	9921.14
252.786	9807.14
253.439	9590.14
254.093	9452.14
254.746	9605.14
255.399	9654.14
256.053	9622.14
256.706	9795.14
257.359	9778.14
258.013	9691.14
258.666	9685.14
259.319	9538.14
259.972	9559.14
260.625	9678.14
261.278	9636.14
261.931	9465.14
262.584	9541.14
263.237	9528.14
263.889	9475.14
264.542	9540.14
265.193	9573.14
265.845	9619.14
266.498	9495.14
267.151	9510.14
267.803	9437.14
268.456	9508.14
269.108	9443.14
269.758	9441.14
270.411	9509.14
271.063	9221.14
271.715	9514.14
272.367	9265.14
273.017	9185.14
273.67	9426.14
274.322	9568.14
274.974	9420.14
275.624	9441.14
276.276	9383.14
276.927	9422.14
277.577	9446.14
278.229	9486.14
278.881	9309.14
279.532	9557.14
280.182	9508.14
280.834	9405.14
281.485	9255.14
282.135	9332.14
282.786	9462.14
283.435	9354.14
284.087	9348.14
284.738	9363.14
285.387	9318.14
286.039	9256.14
286.688	9258.14
287.339	9393.14
287.99	9359.14
288.639	9358.14
289.29	9272.14
289.939	9299.14
290.59	9138.14
291.238	9245.14
291.889	9239.14
292.538	9201.14
293.189	9134.14
293.837	9420.14
294.488	9206.14
295.137	9122.14
295.787	9207.14
296.436	9239.14
297.086	9341.14
297.734	9413.14
298.383	9380.14
299.033	9093.14
299.681	9239.14
300.331	9125.14
300.98	9249.14
301.628	9115.14
302.278	9240.14
302.926	9259.14
303.574	9292.14
304.224	9286.14
304.871	9085.14
305.519	9233.14
306.169	9024.14
306.817	9103.14
307.464	9229.14
308.112	9078.14
308.762	9240.14
309.409	9070.14
310.057	9167.14
310.704	9227.14
311.354	9029.14
312.001	9175.14
312.648	9132.14
313.295	9087.14
313.945	9179.14
314.592	9066.14
315.239	9179.14
315.886	9129.14
316.533	9213.14
317.18	9225.14
317.829	9079.14
318.476	9059.14
319.123	9005.14
319.77	9050.14
320.416	9050.14
321.063	9170.14
321.71	9133.14
322.356	9073.14
323.003	9051.14
323.649	9005.14
324.296	9017.14
324.942	8969.14
325.589	8983.14
326.235	9156.14
326.884	8969.14
327.53	8995.14
328.174	8947.14
328.82	9042.14
329.466	8859.14
330.112	9076.14
330.758	9049.14
331.404	8974.14
332.05	8997.14
332.696	8866.14
333.342	9057.14
333.988	8900.14
334.634	9229.14
335.279	9046.14
335.925	9011.14
336.571	8817.14
337.214	8757.14
337.86	8792.14
338.505	8808.14
339.151	8996.14
339.796	9063.14
340.441	8922.14
341.084	8877.14
341.73	8811.14
342.375	8959.14
343.02	8830.14
343.663	8969.14
344.308	8937.14
344.953	8953.14
345.598	8875.14
346.241	8837.14
346.886	8921.14
347.531	8958.14
348.176	8924.14
348.818	8846.14
349.463	9053.14
350.108	8981.14
350.75	8990.14
351.395	8951.14
352.04	8912.14
352.682	8829.14
353.327	8945.14
353.969	9094.14
354.613	9044.14
355.258	8817.14
355.9	8899.14
356.544	9082.14
357.186	8784.14
357.83	8938.14
358.474	8935.14
359.116	8922.14
359.76	8996.14
360.402	8992.14
361.046	8937.14
361.688	8945.14
362.332	8875.14
362.973	8994.14
363.617	8974.14
364.259	8791.14
364.903	9031.14
365.544	8786.14
366.185	8895.14
366.829	8823.14
367.47	8908.14
368.114	9019.14
368.755	8870.14
369.399	8826.14
370.04	8860.14
370.681	8795.14
371.324	9012.14
371.965	8841.14
372.606	8929.14
373.249	9009.14
373.89	8797.14
374.531	8878.14
375.174	8741.14
375.815	8852.14
376.456	8933.14
377.099	8992.14
377.739	8881.14
378.38	8766.14
379.02	8822.14
379.663	8886.14
380.304	8781.14
380.944	8792.14
381.585	8905.14
382.225	8867.14
382.867	8860.14
383.508	8732.14
384.148	8843.14
384.788	8889.14
385.428	8889.14
386.068	8915.14
386.71	8894.14
387.35	8925.14
387.99	8790.14
388.63	8871.14
389.27	8689.14
389.91	8961.14
390.55	8848.14
391.19	8946.14
391.829	9048.14
392.469	8915.14
393.109	8927.14
393.75	8802.14
394.39	8814.14
395.029	8865.14
395.669	8850.14
396.308	8918.14
396.948	8856.14
397.587	8800.14
398.226	8804.14
398.863	8858.14
399.502	8981.14
400.142	9054.14
400.781	8883.14
401.42	8831.14
402.059	8740.14
402.698	8928.14
403.337	8765.14
403.975	8855.14
404.614	8980.14
405.253	8915.14
405.89	8992.14
406.528	8911.14
407.167	8868.14
407.806	8775.14
408.444	9037.14
409.083	8658.14
409.719	8902.14
410.358	8974.14
410.996	8997.14
411.634	8961.14
412.27	9160.14
412.909	8983.14
413.547	9016.14
414.185	9078.14
414.821	8948.14
415.459	9016.14
416.097	8963.14
416.735	8932.14
417.371	9085.14
418.009	9073.14
418.647	9109.14
419.283	8905.14
419.92	9052.14
420.558	9089.14
421.194	8917.14
421.831	9048.14
422.467	8929.14
423.104	8993.14
423.742	9142.14
424.377	9071.14
425.015	8932.14
425.65	8979.14
426.287	8992.14
426.923	9154.14
427.56	9115.14
428.195	9020.14
428.832	9175.14
429.469	9086.14
430.104	9195.14
430.739	9081.14
431.376	9122.14
432.011	9014.14
432.648	9119.14
433.283	9187.14
433.92	9185.14
434.554	9123.14
435.191	9112.14
435.826	9009.14
436.46	9175.14
437.097	9263.14
437.731	9338.14
438.368	9213.14
439.002	9152.14
439.636	9217.14
440.273	9097.14
440.907	9293.14
441.541	9313.14
442.177	9179.14
442.811	9297.14
443.446	9322.14
444.082	9167.14
444.716	9210.14
445.35	9213.14
445.983	9385.14
446.62	9420.14
447.253	9396.14
447.887	9335.14
448.521	9315.14
449.157	9269.14
449.79	9263.14
450.424	9480.14
451.057	9436.14
451.691	9347.14
452.324	9333.14
452.96	9421.14
453.593	9379.14
454.227	9443.14
454.86	9324.14
455.493	9546.14
456.126	9423.14
456.759	9474.14
457.392	9543.14
458.026	9529.14
458.661	9430.14
459.294	9597.14
459.927	9594.14
460.56	9535.14
461.192	9709.14
461.825	9516.14
462.458	9619.14
463.091	9329.14
463.723	9408.14
464.356	9508.14
464.989	9660.14
465.621	9705.14
466.254	9609.14
466.886	9683.14
467.516	9554.14
468.149	9444.14
468.781	9699.14
469.413	9912.14
470.046	9777.14
470.678	9661.14
471.31	9831.14
471.942	9652.14
472.574	9671.14
473.204	9819.14
473.836	9700.14
474.468	9844.14
475.1	9759.14
475.732	9721.14
476.364	9708.14
476.993	9672.14
477.625	9631.14
478.257	9730.14
478.889	9777.14
479.518	9930.14
480.15	9807.14
480.781	9966.14
481.413	9850.14
482.042	9762.14
482.673	9828.14
483.305	9958.14
483.934	9875.14
484.565	10014.1
485.196	9842.14
485.825	9705.14
486.457	9963.14
487.088	9853.14
487.717	10000.1
488.348	10092.1
488.979	10048.1
489.607	9933.14
490.238	9875.14
490.867	9815.14
491.498	9897.14
492.126	9977.14
492.757	9850.14
493.388	9871.14
494.016	10006.1
494.647	9941.14
495.275	10017.1
495.906	9881.14
496.534	10045.1
497.165	9977.14
497.793	10089.1
498.421	10033.1
499.051	10045.1
499.68	10164.1
500.31	10106.1
500.938	9938.14
501.568	10246.1
502.196	10057.1
502.824	10207.1
503.454	10228.1
504.082	10109.1
504.712	10049.1
505.339	10041.1
505.967	10239.1
506.597	10254.1
507.224	10302.1
507.852	10228.1
508.482	10078.1
509.109	10082.1
509.737	10207.1
510.364	10100.1
510.993	10229.1
511.621	10173.1
512.248	10217.1
512.875	10219.1
513.505	9843.14
514.132	10109.1
514.759	9922.14
515.386	10028.1
516.015	10258.1
516.642	10186.1
517.269	10180.1
517.896	10087.1
518.523	10142.1
519.15	10174.1
519.776	10111.1
520.405	10135.1
521.032	10314.1
521.659	10144.1
522.285	10261.1
522.912	10199.1
523.538	10161.1
524.165	10163.1
524.791	10283.1
525.418	10116.1
526.044	10261.1
526.67	10203.1
527.297	9934.14
527.923	10089.1
528.549	10059.1
529.175	10212.1
529.801	10249.1
530.427	10267.1
531.053	10254.1
531.679	10294.1
532.305	9895.54
532.931	10120.8
533.557	10299.6
534.183	10192.8
534.808	10305.1
535.434	10053.1
536.06	10048.7
536.683	9956.62
537.309	10001.4
537.935	10006.3
538.56	10126.2
539.186	10147.1
539.811	10162.4
540.434	10051.1
541.06	9981.83
541.685	9976.49
542.31	10050.8
542.935	10120.8
543.558	9927.56
544.184	10033.9
544.809	10036.8
545.434	10063.7
546.057	9875.63
546.682	9947.53
547.306	9873.45
547.929	10036.9
548.554	10084.3
549.179	9912.33
549.801	10067
550.426	10021
551.051	9991.15
551.673	9933.44
552.298	9971.5
552.923	10069.6
553.545	10070.7
554.169	9812.83
554.792	10030.6
555.416	9949.1
556.04	10007.3
556.663	9842.94
557.287	9954.3
557.909	9748
558.533	9883.52
559.155	9995.55
559.779	9840.13
560.401	9796.67
561.025	9829.68
561.647	9831.95
562.271	9873.02
562.893	9831.87
563.517	9899.67
564.138	9773.63
564.76	9708.4
565.384	9801.62
566.005	9739.72
566.629	9833.44
567.25	9842.74
567.874	9834.3
568.495	9668.26
569.117	9795.97
569.74	9622.34
570.361	9787.4
570.982	9783.55
571.606	9545.5
572.227	9616.94
572.848	9583.53
573.471	9590.14
574.092	9579.71
574.713	9473.62
575.334	9526.09
575.957	9591.48
576.578	9598.69
577.199	9544.51
577.82	9538.09
578.442	9467.02
579.063	9460.78
579.684	9361.48
580.304	9401.07
580.925	9395.17
581.545	9344.11
582.168	9315.6
582.788	9357.83
583.409	9311.17
584.029	9292.85
584.649	9249.74
585.27	9195.36
585.89	9226.51
586.51	9293.5
587.13	9032.77
587.753	9150.89
588.373	9208.34
588.993	9108.71
589.613	9088.68
590.233	9213.41
590.852	9170.21
591.472	9064.4
592.092	8932.35
592.712	8834.86
593.332	8981.97
593.951	8979.63
594.571	8904.61
595.191	8808.31
595.81	8836.63
596.427	8783.29
597.047	8745.15
597.666	8719.99
598.286	8702.04
598.905	8750.08
599.525	8618.02
600.144	8558
600.763	8550.06
601.382	8455.71
601.999	8586.43
602.618	8472.45
603.237	8396.05
603.857	8437.3
604.476	8334.87
605.092	8264.53
605.711	8359.11
606.33	8313.59
606.949	8261.49
607.568	8297.1
608.184	8174.04
608.803	8245.27
609.422	8240.94
610.038	8122.95
610.657	8093.14
611.275	8032.64
611.892	7928.98
612.51	8006.01
613.129	8003.95
613.745	8024.97
614.363	7943.23
614.982	7935.8
615.598	7804.39
616.216	7868.29
616.834	7784.75
617.45	7792.11
618.068	7742.13
618.684	7635.96
619.302	7650.86
619.918	7591.58
620.536	7650.58
621.154	7584.57
621.769	7529.03
622.387	7540.12
623.003	7448.33
623.621	7463.49
624.236	7385.21
624.854	7413.46
625.469	7394.26
626.085	7368.69
626.702	7452.33
627.318	7432.39
627.935	7408.67
628.55	7469.91
629.168	7214.45
629.783	7198.64
630.398	7202.81
631.015	7185.01
631.63	7151.11
632.245	7072.42
632.862	7054.91
633.477	7051.98
634.092	7011.06
634.709	7058.21
635.324	7116.87
635.939	7031.4
636.556	7093.64
637.171	7138.02
637.785	6989.8
638.4	6924.08
639.017	6924.8
639.631	6884.59
640.246	6883.39
640.86	7005.86
641.477	6810.85
642.091	6901.16
642.705	6867.67
643.32	6774.14
643.934	6847.33
644.548	6841.12
645.164	6916.5
645.779	6900.97
646.393	6765.15
647.007	6793.3
647.621	6722.12
648.235	6736.25
648.849	6726.25
649.463	6747.45
650.076	6759.69
650.69	6794.13
651.304	6710.41
651.92	6643.28
652.534	6648.2
653.147	6648.94
653.761	6670.62
654.374	6790.44
654.988	6683.22
655.601	6738.71
656.215	6532.14
656.826	6557.37
657.439	6548.74
658.053	6684.86
658.199	6686.86
658.821	6647.86
659.443	6757.86
660.065	6660.86
660.686	6613.86
661.308	6514.86
661.93	6576.86
662.552	6678.86
663.173	6704.86
663.795	6601.86
664.416	6722.86
665.038	6505.86
665.659	6401.86
666.28	6446.86
666.902	6554.86
667.523	6617.86
668.144	6728.86
668.766	6602.86
669.387	6494.86
670.008	6552.86
670.629	6683.86
671.248	6704.86
671.869	6765.86
672.49	6472.86
673.111	6656.86
673.732	6477.86
674.353	6586.86
674.974	6478.86
675.592	6630.86
676.213	6539.86
676.834	6584.86
677.454	6670.86
678.073	6511.86
678.693	6537.86
679.314	6546.86
679.934	6476.86
680.555	6505.86
681.173	6497.86
681.793	6608.86
682.414	6602.86
683.032	6488.86
683.652	6542.86
684.272	6499.86
684.89	6546.86
685.51	6470.86
686.131	6520.86
686.748	6557.86
687.368	6517.86
687.988	6501.86
688.606	6408.86
689.226	6406.86
689.844	6524.86
690.464	6475.86
691.083	6578.86
691.701	6508.86
692.321	6430.86
692.938	6406.86
693.558	6444.86
694.175	6453.86
694.795	6358.86
695.412	6375.86
696.031	6438.86
696.649	6435.86
697.268	6440.86
697.885	6376.86
698.504	6425.86
699.121	6374.86
699.741	6546.86
700.358	6562.86
700.977	6472.86
701.594	6542.86
702.213	6315.86
702.829	6383.86
703.446	6390.86
704.065	6384.86
704.682	6381.86
705.301	6433.86
705.917	6502.86
706.534	6368.86
707.153	6319.86
707.769	6342.86
708.386	6302.86
709.004	6282.86
709.62	6365.86
710.237	6292.86
710.853	6328.86
711.472	6383.86
712.088	6266.86
712.704	6388.86
713.322	6399.86
713.938	6227.86
714.554	6438.86
715.17	6243.86
715.786	6275.86
716.405	6209.86
717.02	6076.86
717.636	6259.86
718.252	6256.86
718.868	6182.86
719.486	6247.86
720.101	6226.86
720.717	6278.86
721.333	6120.86
721.948	6191.86
722.564	6143.86
723.179	6159.86
723.795	6182.86
724.412	6219.86
725.028	6086.86
725.643	6076.86
726.258	6101.86
726.874	6194.86
727.489	6178.86
728.104	6146.86
728.719	6313.86
729.334	6214.86
729.949	6270.86
730.564	5936.86
731.179	6058.86
731.794	6201.86
732.409	6024.86
733.024	6150.86
733.639	6092.86
734.253	6074.86
734.868	6046.86
735.481	6180.86
736.095	6050.86
736.71	6148.86
737.325	6121.86
737.939	6128.86
738.554	5975.86
739.168	5958.86
739.782	5930.86
740.397	5837.86
741.009	5912.86
741.623	5985.86
742.238	6004.86
742.852	6115.86
743.466	5921.86
744.078	5858.86
744.692	5980.86
745.306	5890.86
745.92	5936.86
746.532	5997.86
747.146	5874.86
747.76	6046.86
748.373	5865.86
748.985	5872.86
749.599	5708.86
750.213	5776.86
750.824	5849.86
751.438	5846.86
752.051	5913.86
752.663	5830.86
753.276	5832.86
753.89	5786.86
754.501	5703.86
755.115	5788.86
755.728	5769.86
756.339	5804.86
756.952	5813.86
757.563	5716.86
758.177	5772.86
758.79	5788.86
759.401	5751.86
760.014	5737.86
760.625	5810.86
761.238	5710.86
761.849	5648.86
762.461	5630.86
763.072	5629.86
763.685	5628.86
764.296	5681.86
764.909	5593.86
765.519	5592.86
766.132	5607.86
766.742	5633.86
767.355	5623.86
767.965	5501.86
768.576	5501.86
769.188	5492.86
769.798	5575.86
770.411	5703.86
771.021	5600.86
771.631	5582.86
772.244	5436.86
772.854	5357.86
773.464	5440.86
774.076	5396.86
774.686	5452.86
775.296	5463.86
775.908	5424.86
776.518	5431.86
777.128	5357.86
777.739	5365.86
778.349	5414.86
778.959	5446.86
779.569	5372.86
780.18	5436.86
780.79	5476.86
781.399	5250.86
782.009	5229.86
782.618	5162.86
783.23	5418.86
783.839	5342.86
784.449	5250.86
785.058	5231.86
785.667	5237.86
786.277	5175.86
786.888	5182.86
787.497	5282.86
788.106	5159.86
788.715	5179.86
789.324	5234.86
789.933	5119.86
790.542	5244.86
791.151	5166.86
791.76	5171.86
792.369	5204.86
792.978	5172.86
793.588	5248.86
794.197	5160.86
794.806	5276.86
795.414	5092.86
796.023	5004.86
796.632	5076.86
797.24	4999.86
797.846	5095.86
798.455	5085.86
799.063	5182.86
799.672	4943.86
800.28	5051.86
800.888	4916.86
801.496	5038.86
802.105	5009.86
802.713	5073.69
803.321	5079.32
803.929	5100.86
804.537	5030.86
805.143	4977.86
805.751	4961.86
806.359	4912.86
806.967	5056.86
807.575	4914.86
808.182	4886.86
808.788	4956.86
809.396	4912.86
810.003	4978.86
810.611	4890.86
811.216	4886.86
811.824	4976.86
812.432	4902.86
813.039	4989.86
813.644	4937.86
814.252	4889.86
814.859	5047.86
815.464	4870.86
816.072	5002.86
816.679	4906.86
817.286	4916.86
817.891	5001.86
818.498	4910.86
819.103	4907.86
819.71	4788.86
820.317	4919.86
820.922	4840.86
821.529	4962.86
822.136	4987.86
822.741	4913.86
823.347	4912.86
823.952	4893.86
824.559	4926.86
825.163	4910.86
825.77	4930.86
826.375	4833.86
826.981	4947.86
827.586	4943.86
828.192	4870.86
828.796	5026.86
829.403	4796.86
830.007	4980.86
830.613	5032.86
831.218	4973.86
831.824	5005.86
832.428	4979.86
833.034	4946.86
833.638	4992.86
834.242	4969.86
834.848	4908.86
835.452	5058.86
836.058	5024.86
836.662	5064.86
837.266	4930.86
837.872	5011.86
838.475	5039.86
839.079	5005.86
839.685	5183.86
840.288	5091.86
840.892	5021.86
841.495	5168.86
842.101	5059.86
842.704	5047.86
843.308	5092.86
843.913	5071.86
844.517	5088.86
845.12	5215.86
845.723	5129.86
846.326	5190.86
846.932	5196.86
847.535	5156.86
848.138	5178.86
848.741	5294.86
849.344	5391.86
849.949	5338.86
850.552	5339.86
851.155	5310.86
851.758	5229.86
852.36	5221.86
852.963	5396.86
853.566	5268.86
854.169	5344.86
854.771	5303.86
855.374	5414.86
855.979	5485.86
856.581	5466.86
857.184	5304.86
857.786	5452.86
858.388	5512.86
858.991	5642.86
859.593	5542.86
860.196	5543.86
860.798	5529.86
861.4	5502.86
862.002	5464.86
862.604	5579.86
863.206	5657.86
863.806	5512.86
864.408	5557.86
865.01	5731.86
865.612	5759.86
866.214	5628.86
866.816	5724.86
867.418	5886.86
868.02	5708.86
868.622	5876.86
869.221	5904.86
869.823	5782.86
870.424	5789.86
871.026	5706.86
871.628	5844.86
872.229	5952.86
872.829	5943.86
873.43	6031.86
874.031	5976.86
874.633	5972.86
875.232	5852.86
875.833	5906.86
876.435	5952.86
877.036	6042.86
877.635	5989.86
878.236	6100.86
878.837	6068.86
879.436	6091.86
880.037	5995.86
880.638	6118.86
881.237	6086.86
881.838	6221.86
882.439	6181.86
883.037	6173.86
883.638	6296.86
884.239	6200.86
884.837	6186.86
885.438	6186.86
886.037	6379.86
886.637	6343.86
887.236	6320.86
887.836	6343.86
888.437	6245.86
889.035	6288.86
889.635	6348.86
890.234	6409.86
890.834	6445.86
891.432	6520.86
892.032	6411.86
892.63	6420.86
893.231	6464.86
893.829	6644.86
894.427	6353.86
895.027	6593.86
895.625	6653.86
896.225	6605.86
896.822	6653.86
897.422	6669.86
898.02	6591.86
898.618	6594.86
899.218	6664.86
899.815	6816.86
900.413	6711.86
901.013	6856.86
901.61	6688.86
902.208	6762.86
902.807	6833.86
903.404	6747.86
904.002	6786.86
904.601	6801.86
905.199	6878.86
905.796	6830.86
906.393	6993.86
906.992	6888.86
907.589	6953.86
908.187	6878.86
908.784	6973.86
909.383	6945.86
909.98	6966.86
910.577	7052.86
911.174	6978.86
911.77	7125.86
912.367	6932.86
912.966	7010.86
913.563	7018.86
914.16	6980.86
914.756	6966.86
915.353	7040.86
915.95	6996.86
916.546	6952.86
917.143	6977.86
917.739	7037.86
918.336	7059.86
918.934	7146.86
919.53	7129.86
920.127	7074.86
920.723	7205.86
921.319	7122.86
921.915	7177.86
922.512	7118.86
923.108	7124.86
923.704	7291.86
924.3	7297.86
924.894	7302.86
925.49	7084.86
926.086	7369.86
926.682	7279.86
927.278	7330.86
927.873	7344.86
928.469	7330.86
929.065	7334.86
929.661	7211.86
930.256	7344.86
930.852	7155.86
931.445	7191.86
932.041	7280.86
932.637	7367.86
933.232	7405.86
933.828	7439.86
934.421	7283.86
935.016	7418.86
935.612	7381.86
936.207	7354.86
936.802	7391.86
937.395	7467.86
937.99	7337.86
938.586	7520.86
939.179	7494.86
939.774	7374.86
940.369	7321.86
940.964	7272.86
941.557	7470.86
942.151	7516.86
942.746	7507.86
943.339	7558.86
943.934	7481.86
944.529	7488.86
945.121	7406.86
945.716	7421.86
946.308	7418.86
946.903	7505.86
947.498	7251.86
948.09	7477.86
948.685	7436.86
949.277	7456.86
949.871	7450.86
950.464	7371.86
951.058	7338.86
951.65	7634.86
952.245	7409.86
952.837	7591.86
953.431	7462.86
954.023	7387.86
954.617	7506.86
955.209	7426.86
955.803	7397.86
956.395	7456.86
956.989	7498.86
957.581	7440.86
958.173	7409.86
958.766	7399.86
959.358	7521.86
959.952	7561.86
960.544	7444.86
961.135	7362.86
961.729	7606.86
962.32	7437.86
962.912	7413.86
963.505	7412.86
964.097	7417.86
964.688	7436.86
965.282	7626.86
965.873	7585.86
966.464	7563.86
967.055	7552.86
967.649	7488.86
968.24	7438.88
968.831	7499.84
969.422	7517.02
970.015	7449.7
970.606	7580.17
971.197	7525.05
971.788	7504.45
972.379	7588.65
972.97	7418.07
973.563	7424.31
974.153	7452.44
974.744	7534.17
975.335	7568.49
975.925	7526.5
976.516	7349.74
977.107	7423.07
977.697	7442.52
978.288	7424.7
978.88	7403.09
979.471	7560.81
980.061	7413.57
980.651	7370.19
981.242	7457.7
981.832	7358.01
982.422	7290.08
983.013	7422.82
983.603	7373.53
984.193	7392.01
984.783	7530.47
985.373	7379.56
985.963	7312.56
986.553	7240.25
987.141	7434.17
987.731	7371.86
988.321	7388.04
988.911	7524.33
989.5	7372.31
990.09	7359.92
990.68	7476.21
991.269	7285.79
991.859	7318.73
992.447	7332.33
993.036	7278.73
993.626	7383.97
994.215	7463.81
994.805	7296.42
995.392	7371.27
995.981	7163.4
996.571	7313.48
997.16	7115.16
997.747	7220.29
998.336	7364.21
998.926	7225.93
999.515	7159.63
1000.1	7161.93
1000.69	7155.73
1001.28	7248.45
1001.87	7258.62
1002.46	7197.21
1003.04	7277.8
1003.63	7128.2
1004.22	7222.85
1004.81	7243.54
1005.4	6993.93
1005.98	7037.41
1006.57	7240.01
1007.16	7116.48
1007.75	7139.29
1008.34	7154.22
1008.92	7062.04
1009.51	7147.44
1010.1	7081.56
1010.68	6992.54
1011.27	7140.72
1011.86	7037.93
1012.45	7178.85
1013.04	6967.55
1013.62	7072.74
1014.21	7022.98
1014.8	6954.82
1015.38	6902.56
1015.97	6990.6
1016.56	6962.41
1017.14	7048.78
1017.73	7128.29
1018.32	6969.95
1018.9	6858.47
1019.49	6850.31
1020.08	6823.48
1020.66	6927.63
1021.25	6948.65
1021.84	6973.44
1022.42	6789.52
1023.01	6818.19
1023.6	6705.05
1024.18	6770.84
1024.77	6721.47
1025.35	6733.98
1025.94	6732.99
1026.53	6707.84
1027.11	6711.9
1027.7	6755.31
1028.28	6669.67
1028.87	6626.29
1029.45	6621.55
1030.04	6525.95
1030.63	6515.75
1031.21	6613.53
1031.8	6595.58
1032.38	6563
1032.97	6512.07
1033.55	6529.44
1034.14	6553.96
1034.72	6460.37
1035.31	6504.45
1035.89	6566.11
1036.48	6477.12
1037.06	6485.98
1037.65	6430.13
1038.23	6415.94
1038.82	6390.46
1039.4	6351.25
1039.99	6284.17
1040.57	6327.94
1041.16	6288.45
1041.74	6334.39
1042.32	6283.65
1042.91	6241.96
1043.49	6186.14
1044.08	6172.97
1044.66	6248.15
1045.24	6223.65
1045.83	6263.69
1046.41	6175.43
1047	6195.65
1047.58	6097.93
1048.16	6092.1
1048.75	6088.41
1049.33	6005.92
1049.92	6043.1
1050.5	5925.75
1051.08	6010.25
1051.66	5898.85
1052.25	5947.61
1052.83	5898.05
1053.42	5881.66
1054	5887.92
1054.58	5823.09
1055.16	5829.39
1055.75	5758.89
1056.33	5751.61
1056.91	5785.35
1057.5	5734.9
1058.08	5607.95
1058.66	5597.19
1059.24	5621.8
1059.83	5630
1060.41	5620.12
1060.99	5666.39
1061.57	5557.65
1062.16	5558.26
1062.74	5518.77
1063.32	5517.67
1063.9	5523.7
1064.49	5522.13
1065.07	5493.4
1065.65	5515.69
1066.23	5422.53
1066.81	5337.48
1067.4	5412.96
1067.98	5323.99
1068.56	5426.81
1069.14	5301.01
1069.72	5317.72
1070.31	5290.4
1070.89	5202.27
1071.47	5186.41
1072.05	5141.77
1072.63	5124.84
1073.21	5218.95
1073.79	5212.03
1074.37	5130.86
1074.95	5201.61
1075.54	5045.42
1076.12	5069.44
1076.7	4976.64
1077.28	4963.39
1077.86	4934.95
1078.44	4929.16
1079.02	4977.49
1079.6	4938.36
1080.18	4959.08
1080.76	4810.09
1081.34	4791.69
1081.92	4853.12
1082.5	4710.43
1083.08	4839.11
1083.67	4811.87
1084.25	4733.11
1084.82	4790.26
1085.41	4624.61
1085.99	4728.91
1086.57	4630.19
1087.14	4672.89
1087.72	4516.96
1088.31	4554.63
1088.89	4585.05
1089.46	4637.78
1090.04	4530.3
1090.62	4529.38
1091.2	4533.53
1091.78	4437.44
1092.36	4430.79
1092.94	4441.49
1093.52	4499.15
1094.1	4405.13
1094.68	4364.85
1095.26	4301.62
1095.84	4291.99
1096.42	4344.98
1097	4319.12
1097.57	4207.79
1098.15	4294.41
1098.73	4249.82
1099.31	4170.67
1099.89	4139.81
1100.47	4062.93
1101.05	4122.51
1101.63	4099.26
1102.2	4088.84
1102.78	4063.38
1103.36	4142.93
1103.94	4019.58
1104.52	3993.47
1105.09	3997.67
1105.67	4033.16
1106.25	4020.77
1106.83	3988.48
1107.41	3897.83
1107.98	3859.04
1108.56	3925.27
1109.14	3935.66
1109.72	3843.49
1110.3	3811.91
1110.87	3853.85
1111.45	3829.33
1112.03	3792.35
1112.6	3818.37
1113.18	3751.02
1113.76	3778.59
1114.34	3723.55
1114.91	3740.12
1115.49	3664.82
1116.07	3700.18
1116.64	3764.15
1117.22	3640.81
1117.8	3768.78
1118.38	3605.42
1118.95	3622.43
1119.53	3544.13
1120.11	3591.29
1120.68	3599.98
1121.26	3710.27
1121.84	3677.7
1122.41	3537.67
1122.99	3498.95
1123.56	3496.11
1124.14	3488.4
1124.72	3467.61
1125.29	3511.61
1125.87	3543.54
1126.45	3477.83
1127.02	3434.63
1127.6	3509.58
1128.17	3410.29
1128.75	3405.52
1129.32	3276.28
1129.9	3416.24
1130.48	3383.47
1131.05	3434.04
1131.63	3358.64
1132.2	3325.37
1132.78	3395.27
1133.35	3311.27
1133.93	3314.7
1134.5	3248.2
1135.08	3169.73
1135.65	3269.39
1136.23	3312.97
1136.8	3236.88
1137.38	3238.94
1137.95	3163.34
1138.53	3203.34
1139.1	3102.67
1139.68	3250.15
1140.25	3158.26
1140.83	3158.23
1141.4	3125.85
1141.98	3166.83
1142.55	3111.65
1143.13	3105.79
1143.7	3059.17
1144.27	3055.18
1144.85	3128.47
1145.42	3034.63
1146	3044.61
1146.57	3035.13
1146.9	2995.13
1147.48	2988.13
1148.07	2984.13
1148.65	3003.13
1149.23	3041.13
1149.81	3069.13
1150.39	3042.13
1150.97	2879.13
1151.56	2972.13
1152.14	2933.13
1152.72	2978.13
1153.3	2940.13
1153.88	2918.13
1154.46	2894.13
1155.04	2931.13
1155.63	2948.13
1156.21	2856.13
1156.79	2846.13
1157.37	2875.13
1157.95	2892.13
1158.53	2867.13
1159.11	2764.13
1159.69	2888.13
1160.27	2882.13
1160.85	2778.13
1161.43	2769.13
1162.01	2753.13
1162.6	2956.13
1163.18	2800.13
1163.76	2816.13
1164.34	2818.13
1164.92	2830.13
1165.5	2751.13
1166.08	2695.13
1166.66	2758.13
1167.24	2708.13
1167.82	2708.13
1168.4	2684.13
1168.98	2743.13
1169.56	2804.13
1170.14	2730.13
1170.72	2671.13
1171.3	2685.13
1171.88	2603.13
1172.45	2601.13
1173.03	2629.13
1173.61	2662.13
1174.19	2718.13
1174.77	2631.13
1175.35	2702.13
1175.93	2676.13
1176.51	2624.13
1177.09	2643.13
1177.67	2566.13
1178.25	2688.13
1178.83	2597.13
1179.4	2681.13
1179.98	2554.13
1180.56	2593.13
1181.14	2596.13
1181.72	2585.13
1182.3	2685.13
1182.88	2510.13
1183.45	2525.13
1184.03	2524.13
1184.61	2591.13
1185.19	2503.13
1185.77	2383.13
1186.35	2477.13
1186.92	2618.13
1187.5	2546.13
1188.08	2493.13
1188.66	2446.13
1189.24	2385.13
1189.81	2493.13
1190.39	2463.13
1190.97	2463.13
1191.55	2463.13
1192.13	2489.13
1192.7	2396.13
1193.28	2437.13
1193.86	2481.13
1194.43	2444.13
1195.01	2436.13
1195.59	2354.13
1196.17	2477.13
1196.74	2407.13
1197.32	2486.13
1197.9	2327.13
1198.48	2429.13
1199.05	2333.13
1199.63	2340.13
1200.2	2412.13
1200.78	2378.13
1201.36	2380.13
1201.94	2406.13
1202.51	2356.13
1203.09	2470.13
1203.67	2368.13
1204.24	2391.13
1204.82	2327.13
1205.39	2442.13
1205.97	2296.13
1206.55	2387.13
1207.12	2257.13
1207.7	2383.13
1208.27	2285.13
1208.85	2305.13
1209.43	2335.13
1210	2318.13
1210.58	2393.13
1211.16	2342.13
1211.73	2230.13
1212.31	2317.13
1212.88	2315.13
1213.46	2286.13
1214.03	2302.13
1214.61	2324.13
1215.18	2286.13
1215.76	2334.13
1216.33	2272.13
1216.91	2297.13
1217.49	2218.13
1218.06	2190.13
1218.63	2254.13
1219.21	2317.13
1219.78	2256.13
1220.36	2365.13
1220.93	2283.13
1221.51	2143.13
1222.08	2175.13
1222.66	2196.13
1223.23	2336.13
1223.81	2282.13
1224.38	2233.13
1224.96	2244.13
1225.53	2193.13
1226.1	2221.13
1226.68	2257.13
1227.25	2178.13
1227.83	2174.13
1228.4	2252.13
1228.98	2262.13
1229.55	2135.13
1230.12	2201.13
1230.7	2188.13
1231.27	2280.13
1231.85	2123.13
1232.42	2260.13
1232.99	2246.13
1233.57	2213.13
1234.14	2171.13
1234.71	2233.13
1235.29	2172.13
1235.86	2248.13
1236.43	2125.13
1237.01	2172.13
1237.58	2177.13
1238.15	2254.13
1238.73	2238.13
1239.3	2196.13
1239.87	2197.13
1240.45	2169.13
1241.02	2254.13
1241.59	2265.13
1242.16	2187.13
1242.74	2256.13
1243.31	2255.13
1243.88	2219.13
1244.45	2169.13
1245.03	2204.13
1245.6	2176.13
1246.17	2097.13
1246.74	2140.13
1247.32	2192.13
1247.89	2171.13
1248.46	2294.13
1249.03	2187.13
1249.6	2180.13
1250.18	2135.13
1250.75	2189.13
1251.32	2125.13
1251.89	2172.13
1252.46	2199.13
1253.04	2143.13
1253.61	2080.13
1254.18	2124.13
1254.75	2104.13
1255.32	2125.13
1255.89	2153.13
1256.46	2094.13
1257.04	2111.13
1257.61	2180.13
1258.18	2133.13
1258.75	2230.13
1259.32	2149.13
1259.89	2059.13
1260.46	2188.13
1261.03	2240.13
1261.6	2057.13
1262.18	2186.13
1262.75	2165.13
1263.32	2102.13
1263.89	2168.13
1264.46	2122.13
1265.03	2127.13
1265.6	2181.13
1266.17	2066.13
1266.74	2096.13
1267.31	2137.13
1267.88	2108.13
1268.45	2241.13
1269.02	2132.13
1269.59	2101.13
1270.16	2182.13
1270.73	2152.13
1271.3	2173.13
1271.87	2143.13
1272.44	2074.13
1273.01	2077.13
1273.58	2033.13
1274.15	2069.13
1274.72	2162.13
1275.29	2063.13
1275.86	2166.13
1276.43	2123.13
1277	2079.13
1277.57	2070.13
1278.14	2110.13
1278.71	2101.13
1279.27	2100.13
1279.84	2200.13
1280.41	2113.13
1280.98	2091.13
1281.55	2094.13
1282.12	2089.13
1282.69	2057.13
1283.26	2107.13
1283.83	2132.13
1284.4	2069.13
1284.96	2171.13
1285.53	2068.13
1286.1	2154.13
1286.67	2322.13
1287.24	2110.13
1287.81	2082.13
1288.37	2139.13
1288.94	2163.13
1289.51	2133.13
1290.08	2139.13
1290.65	2099.13
1291.22	2037.13
1291.78	2161.13
1292.35	2055.13
1292.92	2167.13
1293.49	2067.13
1294.05	2094.13
1294.62	2140.13
1295.19	2160.13
1295.76	2089.13
1296.33	2163.13
1296.89	2142.13
1297.46	2097.41
1298.03	2203.13
1298.59	2160.13
1299.16	2198.13
1299.73	2138.13
1300.3	2099.13
1300.86	2081.13
1301.43	2054.13
1302	2072.13
1302.56	2018.13
1303.13	2144.13
1303.7	2094.13
1304.26	2183.13
1304.83	2056.13
1305.4	2047.13
1305.96	2080.13
1306.53	2100.13
1307.1	2063.13
1307.66	2027.13
1308.23	2093.13
1308.8	2100.13
1309.36	2097.13
1309.93	2082.13
1310.49	2013.13
1311.06	2066.13
1311.63	2018.13
1312.19	2064.13
1312.76	2138.13
1313.32	2113.13
1313.89	2122.13
1314.46	1922.13
1315.02	2147.13
1315.59	2087.13
1316.15	2083.13
1316.72	2036.13
1317.28	2136.13
1317.85	2083.13
1318.41	2087.13
1318.98	2018.13
1319.55	2009.13
1320.11	1975.13
1320.68	2055.13
1321.24	2043.13
1321.81	2082.13
1322.37	2042.13
1322.94	2063.13
1323.5	2009.13
1324.07	2027.13
1324.63	2132.13
1325.2	2038.13
1325.76	2027.13
1326.32	2084.13
1326.89	2044.13
1327.45	2067.13
1328.02	2092.13
1328.58	2046.13
1329.15	2094.13
1329.71	2044.13
1330.28	2060.13
1330.84	2100.13
1331.4	2174.13
1331.97	2177.13
1332.53	2148.13
1333.1	2027.13
1333.66	2036.13
1334.22	1980.13
1334.79	2050.13
1335.35	1979.13
1335.91	2030.13
1336.48	2095.13
1337.04	2042.13
1337.61	2064.13
1338.17	2008.13
1338.73	2062.13
1339.3	2011.13
1339.86	1984.13
1340.42	2009.13
1340.99	2063.13
1341.55	2119.13
1342.11	2054.13
1342.68	2035.13
1343.24	2063.13
1343.8	1974.13
1344.36	2027.13
1344.93	2004.13
1345.49	2064.13
1346.05	2023.13
1346.61	2035.13
1347.18	2018.13
1347.74	2022.13
1348.3	2078.13
1348.87	2081.13
1349.43	1995.13
1349.99	2013.13
1350.55	2020.13
1351.11	2023.13
1351.68	2006.13
1352.24	2006.13
1352.8	2034.13
1353.36	1990.13
1353.92	2015.13
1354.49	2065.13
1355.05	1992.13
1355.61	2039.13
1356.17	1956.13
1356.73	1992.13
1357.29	2043.13
1357.85	1994.13
1358.42	2008.13
1358.98	2059.13
1359.54	2088.13
1360.1	2043.13
1360.66	2100.13
1361.22	2080.13
1361.79	2041.13
1362.35	2019.13
1362.91	2063.13
1363.47	1967.13
1364.03	1990.13
1364.59	2123.13
1365.15	2037.13
1365.71	1986.13
1366.27	1941.13
1366.83	2018.13
1367.39	1964.13
1367.95	1893.13
1368.51	2004.13
1369.08	2027.13
1369.64	2011.13
1370.19	2053.13
1370.76	2015.13
1371.32	2003.13
1371.88	1951.13
1372.44	2064.13
1373	2067.13
1373.56	2124.13
1374.12	2026.13
1374.68	2049.13
1375.24	2007.13
1375.8	1978.13
1376.36	1988.13
1376.91	1962.13
1377.48	2014.13
1378.04	2050.13
1378.59	1981.13
1379.15	1964.13
1379.71	2065.13
1380.27	1974.13
1380.83	2041.13
1381.39	1964.13
1381.95	2038.13
1382.51	1970.13
1383.07	2008.13
1383.63	2063.13
1384.19	1953.13
1384.75	2036.13
1385.3	1975.13
1385.86	1994.13
1386.42	2059.13
1386.98	1974.13
1387.54	2032.13
1388.1	2024.13
1388.66	2061.13
1389.21	1991.13
1389.77	2095.13
1390.33	2009.13
1390.89	2014.13
1391.45	2008.13
1392.01	2012.13
1392.57	2075.13
1393.12	2020.13
1393.68	1992.13
1394.24	2066.13
1394.8	1984.13
1395.35	1938.13
1395.91	1949.13
1396.47	2072.13
1397.03	2067.13
1397.58	2011.13
1398.14	2047.13
1398.7	2018.13
1399.26	2087.13
1399.82	2034.13
1400.37	2041.13
1400.93	2008.13
1401.49	2013.13
1402.05	2011.13
1402.6	2121.13
1403.16	2005.13
1403.72	1985.13
1404.27	1934.13
1404.83	2008.13
1405.39	1958.13
1405.95	2030.13
1406.5	1922.13
1407.06	1999.13
1407.62	1969.13
1408.17	1949.13
1408.73	2008.13
1409.28	2027.13
1409.84	2040.13
1410.4	2092.13
1410.95	1994.13
1411.51	2083.13
1412.07	1960.13
1412.62	1985.13
1413.18	2021.13
1413.73	2044.13
1414.29	1991.13
1414.85	1960.13
1415.4	1993.13
1415.96	2053.13
1416.51	2025.13
1417.07	1931.13
1417.63	1980.13
1418.18	2014.13
1418.74	1940.13
1419.29	2021.13
1419.85	1958.13
1420.4	1879.13
1420.96	1985.13
1421.51	2035.13
1422.07	2016.13
1422.62	1974.13
1423.18	1964.13
1423.74	1996.13
1424.29	2008.13
1424.85	2018.13
1425.4	2008.13
1425.95	1941.13
1426.51	2004.13
1427.07	2019.13
1427.62	2018.13
1428.17	2027.13
1428.73	1927.13
1429.28	2038.13
1429.84	2049.13
1430.39	2042.13
1430.95	1985.13
1431.5	1990.13
1432.06	1990.13
1432.61	1960.13
1433.16	2011.13
1433.72	1974.13
1434.27	1975.13
1434.83	2043.13
1435.38	2043.13
1435.93	1976.13
1436.49	1950.13
1437.04	1932.13
1437.6	1986.13
1438.15	2022.13
1438.7	1984.13
1439.26	1985.13
1439.81	1979.13
1440.36	1978.13
1440.92	1923.13
1441.47	2042.13
1442.02	2022.13
1442.58	2017.13
1443.13	2030.13
1443.68	1957.13
1444.24	1914.13
1444.79	1992.13
1445.34	2043.13
1445.9	1945.13
1446.45	1982.13
1447	1978.13
1447.55	2017.13
1448.11	1960.13
1448.66	1995.13
1449.21	2010.13
1449.77	2020.13
1450.32	1980.13
1450.87	1931.13
1451.42	1926.13
1451.97	2028.13
1452.53	1969.13
1453.08	2037.13
1453.63	2057.13
1454.18	2087.13
1454.74	2071.13
1455.29	2033.13
1455.84	2008.13
1456.39	2014.13
1456.94	1901.13
1457.5	2032.13
1458.05	2025.13
1458.6	1933.13
1459.15	1991.13
1459.7	1976.13
1460.25	1959.13
1460.8	1920.13
1461.36	1981.13
1461.91	1968.13
1462.46	2058.13
1463.01	1929.13
1463.56	2039.13
1464.11	1964.13
1464.66	1948.13
1465.22	1972.13
1465.77	1995.13
1466.32	1933.13
1466.87	1951.13
1467.42	1957.13
1467.97	2010.13
1468.52	1955.13
1469.07	1967.49
1469.62	2093.13
1470.17	1935.13
1470.72	2045.13
1471.27	1970.13
1471.82	1989.13
1472.37	2050.13
1472.93	1988.13
1473.48	1927.13
1474.03	1980.13
1474.58	2005.13
1475.13	1952.13
1475.68	1966.13
1476.23	2015.13
1476.78	1966.13
1477.33	1868.13
1477.88	1937.13
1478.43	1954.13
1478.98	1904.13
1479.52	1932.13
1480.08	1938.13
1480.62	2030.13
1481.17	1962.13
1481.72	1978.13
1482.27	2010.13
1482.82	1941.13
1483.37	1898.13
1483.92	1933.13
1484.47	1943.13
1485.02	1912.13
1485.57	1922.13
1486.12	1850.13
1486.67	1938.13
1487.22	1984.13
1487.76	1829.13
1488.31	1920.13
1488.86	1981.13
1489.41	1919.13
1489.96	1880.13
1490.51	1949.13
1491.06	1929.13
1491.6	1996.13
1492.15	1899.13
1492.7	1956.13
1493.25	1843.13
1493.8	1867.13
1494.35	1924.13
1494.9	1944.13
1495.44	1964.13
1495.99	1930.13
1496.54	1964.13
1497.09	1888.13
1497.64	1906.13
1498.18	1957.13
1498.73	1950.13
1499.28	1928.13
1499.82	1908.13
2700.18	2112.83
2700.64	2102.83
2701.11	2070.83
2701.58	2020.83
2702.04	2096.83
2702.51	2096.83
2702.98	2009.83
2703.44	2085.83
2703.91	2058.83
2704.38	2080.83
2704.84	2032.83
2705.31	2025.83
2705.78	2043.83
2706.24	2028.83
2706.71	2052.83
2707.18	2070.83
2707.64	2099.83
2708.11	2026.83
2708.58	2118.83
2709.04	2093.83
2709.51	2067.83
2709.98	2033.83
2710.44	2039.83
2710.91	2070.83
2711.37	2048.83
2711.84	2084.83
2712.31	2025.83
2712.77	2039.83
2713.24	1966.83
2713.7	2008.83
2714.17	2066.83
2714.64	2025.83
2715.1	2053.83
2715.57	2051.83
2716.03	2056.83
2716.5	2045.83
2716.96	2025.83
2717.43	2152.83
2717.89	2042.23
2718.36	2036.27
2718.83	2046.83
2719.29	2030.83
2719.76	2081.83
2720.22	2069.83
2720.69	2067.83
2721.15	2064.83
2721.62	2032.83
2722.08	2139.83
2722.55	2063.83
2723.01	2005.83
2723.48	2102.83
2723.94	2021.83
2724.41	2008.83
2724.87	2097.83
2725.34	2000.83
2725.8	2070.83
2726.27	2036.83
2726.73	2028.83
2727.2	2063.83
2727.66	2084.83
2728.12	2022.83
2728.59	2060.83
2729.05	2078.83
2729.52	2051.83
2729.98	2025.83
2730.45	2041.83
2730.91	2028.83
2731.38	2150.83
2731.84	2099.83
2732.3	2052.83
2732.77	2168.83
2733.23	2080.83
2733.7	2027.83
2734.16	2017.83
2734.62	2056.83
2735.09	2081.83
2735.55	1986.83
2736.02	2002.83
2736.48	2110.83
2736.94	2079.83
2737.41	2025.83
2737.87	2068.83
2738.33	2006.83
2738.8	1960.83
2739.26	1994.83
2739.73	2064.83
2740.19	2057.83
2740.65	2059.83
2741.11	2067.83
2741.58	2040.83
2742.04	2122.83
2742.5	2075.83
2742.97	2067.83
2743.43	2110.83
2743.9	2054.83
2744.36	2037.83
2744.82	2021.83
2745.28	2111.83
2745.75	2093.83
2746.21	2049.83
2746.67	2060.83
2747.14	2078.83
2747.6	2089.83
2748.06	2051.83
2748.52	2106.83
2748.99	2009.83
2749.45	2041.83
2749.91	2000.83
2750.37	2109.83
2750.84	2073.83
2751.3	2031.83
2751.76	2031.83
2752.22	2110.83
2752.69	1986.83
2753.15	2076.83
2753.61	1986.83
2754.07	2075.83
2754.54	2073.83
2755	2098.83
2755.46	2066.83
2755.92	2034.83
2756.38	2030.83
2756.84	2095.83
2757.31	2081.83
2757.77	2075.83
2758.23	1994.83
2758.69	1993.83
2759.15	2051.83
2759.61	2024.83
2760.08	2034.83
2760.54	2009.83
2761	2078.83
2761.46	2007.83
2761.92	2004.83
2762.38	1988.83
2762.85	1994.83
2763.31	2066.83
2763.77	2019.83
2764.23	2019.83
2764.69	2024.83
2765.15	2071.83
2765.61	2009.83
2766.08	1966.83
2766.53	2022.83
2767	1988.83
2767.46	2087.83
2767.92	2024.83
2768.38	2003.83
2768.84	2100.83
2769.3	2004.83
2769.76	2068.83
2770.22	2015.83
2770.68	2063.83
2771.14	2045.83
2771.6	1976.83
2772.06	1960.83
2772.53	2061.83
2772.98	2000.83
2773.45	2046.83
2773.91	2088.83
2774.37	2030.5
2774.83	2145.83
2775.29	2070.83
2775.75	1998.83
2776.21	2044.83
2776.67	2036.83
2777.13	1963.83
2777.59	2016.83
2778.05	2014.83
2778.51	1995.83
2778.97	1991.83
2779.43	1997.83
2779.89	1996.83
2780.35	2035.83
2780.81	2007.83
2781.27	1983.83
2781.73	1998.83
2782.19	2016.83
2782.64	2013.83
2783.1	2036.83
2783.56	2044.83
2784.02	2091.83
2784.48	2048.83
2784.94	2028.83
2785.4	2009.83
2785.86	2040.83
2786.32	2011.83
2786.78	2028.83
2787.24	1984.83
2787.7	2101.83
2788.16	2053.83
2788.62	2051.83
2789.08	1974.83
2789.53	2051.83
2789.99	1968.83
2790.45	2012.83
2790.91	1962.83
2791.37	2012.83
2791.83	1961.83
2792.29	2015.83
2792.74	2088.83
2793.2	2058.83
2793.66	2063.83
2794.12	2011.83
2794.58	2007.83
2795.04	2004.83
2795.5	1944.83
2795.95	1995.83
2796.41	1996.83
2796.87	2017.83
2797.33	2096.83
2797.79	2098.83
2798.25	2066.83
2798.7	1960.83
2799.16	2047.83
2799.62	1987.83
2800.08	1982.83
2800.54	2032.83
2800.99	1988.83
2801.45	2099.83
2801.91	2018.94
2802.37	2061.83
2802.82	2094.83
2803.28	2052.83
2803.74	2016.83
2804.2	2042.83
2804.65	2019.83
2805.11	1975.83
2805.57	2013.83
2806.03	2029.83
2806.49	2035.83
2806.94	2052.83
2807.4	2039.83
2807.86	2038.83
2808.31	1977.83
2808.77	2034.83
2809.23	1850.83
2809.68	2017.83
2810.14	1987.83
2810.6	2039.83
2811.06	2019.83
2811.51	2041.83
2811.97	2045.83
2812.43	1980.83
2812.88	2066.83
2813.34	2014.83
2813.8	2020.83
2814.25	1984.83
2814.71	1977.83
2815.17	1965.83
2815.62	1966.83
2816.08	2008.83
2816.54	2130.83
2816.99	1996.83
2817.45	2049.83
2817.91	1966.83
2818.36	2021.83
2818.82	2016.83
2819.27	2063.83
2819.73	1994.83
2820.19	1990.83
2820.64	1986.83
2821.1	2037.83
2821.55	2057.83
2822.01	2035.83
2822.47	1987.83
2822.92	1994.83
2823.38	2020.83
2823.83	1984.83
2824.29	1940.83
2824.74	2010.83
2825.2	2020.83
2825.66	2031.83
2826.11	2035.83
2826.57	2046.83
2827.02	2060.83
2827.48	2053.83
2827.93	1972.83
2828.39	1973.83
2828.84	1952.83
2829.3	2023.83
2829.75	2094.83
2830.21	1978.83
2830.67	2009.83
2831.12	1994.83
2831.58	2079.83
2832.03	2087.83
2832.49	1973.83
2832.94	1988.83
2833.4	2061.83
2833.85	1962.83
2834.3	2030.83
2834.76	2002.83
2835.21	1991.83
2835.67	2056.83
2836.12	2110.83
2836.58	2042.83
2837.03	2066.83
2837.49	2049.83
2837.94	2028.83
2838.4	1944.83
2838.85	2033.83
2839.31	1956.83
2839.76	2060.83
2840.21	2015.83
2840.67	1992.83
2841.12	2046.83
2841.58	2057.83
2842.03	2046.83
2842.49	2137.83
2842.94	2081.83
2843.39	2014.83
2843.85	2036.83
2844.3	2033.83
2844.76	1998.83
2845.21	2041.83
2845.66	2007.83
2846.12	2061.83
2846.57	1980.83
2847.02	1951.83
2847.48	2020.83
2847.93	2045.83
2848.38	2033.83
2848.84	1908.83
2849.29	2008.83
2849.74	1996.83
2850.2	2053.83
2850.65	2045.83
2851.1	1975.83
2851.56	1945.83
2852.01	2050.83
2852.46	2010.83
2852.92	2010.83
2853.37	2057.83
2853.82	1986.83
2854.27	2123.83
2854.73	2057.83
2855.18	2020.83
2855.63	1956.83
2856.09	1939.83
2856.54	1988.83
2856.99	2009.83
2857.45	2034.83
2857.9	2030.83
2858.35	2010.83
2858.8	2022.83
2859.26	2008.83
2859.71	2093.83
2860.16	2039.83
2860.61	1979.83
2861.06	1962.83
2861.52	1978.83
2861.97	2097.83
2862.42	1990.83
2862.87	2078.83
2863.33	2082.83
2863.78	2070.83
2864.23	2002.83
2864.68	1980.83
2865.13	1990.83
2865.59	2012.83
2866.04	1920.83
2866.49	2007.83
2866.94	1962.83
2867.39	2014.83
2867.85	2025.83
2868.3	2038.83
2868.75	2074.83
2869.2	2032.83
2869.65	2055.83
2870.1	1976.83
2870.55	1978.83
2871.01	1977.83
2871.46	1979.83
2871.91	2045.83
2872.36	2044.83
2872.81	2008.83
2873.26	2004.83
2873.71	1977.83
2874.17	2063.83
2874.62	2041.83
2875.07	1930.83
2875.52	2005.83
2875.97	2035.83
2876.42	2069.83
2876.87	2045.83
2877.32	2056.83
2877.77	2041.83
2878.22	2055.83
2878.67	2111.83
2879.12	2030.83
2879.58	2049.83
2880.03	2036.83
2880.48	2006.83
2880.93	2026.83
2881.38	1999.83
2881.83	1989.83
2882.28	2028.83
2882.73	2065.83
2883.18	2029.83
2883.63	2010.83
2884.08	1979.83
2884.53	2050.83
2884.98	2077.83
2885.43	2025.83
2885.88	2032.83
2886.33	2041.83
2886.78	2021.83
2887.23	2019.83
2887.68	1975.83
2888.13	2060.83
2888.58	2008.83
2889.03	2057.83
2889.48	2063.83
2889.93	2066.83
2890.38	2012.83
2890.83	2009.83
2891.28	2057.83
2891.73	2104.83
2892.18	2013.83
2892.63	2025.83
2893.08	1997.83
2893.52	2064.83
2893.97	2002.83
2894.42	1988.83
2894.87	1980.83
2895.32	2017.83
2895.77	2130.83
2896.22	2008.83
2896.67	2002.83
2897.12	2033.83
2897.57	1958.83
2898.02	2017.83
2898.46	1985.83
2898.91	1995.83
2899.36	2049.83
2899.81	2048.83
2900.26	2022.83
2900.71	2088.83
2901.16	2052.83
2901.61	1998.83
2902.05	2092.83
2902.5	2036.83
2902.95	1933.83
2903.4	2035.83
2903.85	1956.83
2904.3	1974.83
2904.74	2013.83
2905.19	2086.83
2905.64	2114.83
2906.09	2099.83
2906.54	2056.83
2906.99	2043.83
2907.43	2042.83
2907.88	1985.83
2908.33	1990.83
2908.78	1990.83
2909.22	1973.83
2909.67	2002.83
2910.12	1978.83
2910.57	2019.83
2911.02	2046.83
2911.46	2015.83
2911.91	2023.83
2912.36	1928.83
2912.81	1994.83
2913.25	2020.83
2913.7	1982.83
2914.15	2005.83
2914.6	2064.83
2915.04	1946.83
2915.49	2029.83
2915.94	1990.83
2916.39	2027.83
2916.83	2062.83
2917.28	1967.83
2917.73	2067.83
2918.17	2000.83
2918.62	2003.83
2919.07	2036.83
2919.52	2118.83
2919.96	2010.83
2920.41	2054.83
2920.86	2017.83
2921.3	2048.83
2921.75	1985.83
2922.2	2024.83
2922.64	2007.83
2923.09	1974.83
2923.54	1996.83
2923.98	2067.83
2924.43	2049.83
2924.88	2111.83
2925.32	2053.83
2925.77	2014.83
2926.21	2014.83
2926.66	1970.83
2927.11	2098.83
2927.55	2024.83
2928	1999.83
2928.45	2033.83
2928.89	2068.83
2929.34	2006.83
2929.78	2023.83
2930.23	2044.83
2930.68	2093.83
2931.12	1950.83
2931.57	2007.83
2932.01	1986.83
2932.46	1992.83
2932.9	2066.83
2933.35	2014.83
2933.8	2073.83
2934.24	2060.83
2934.69	2076.83
2935.13	2046.83
2935.58	1913.83
2936.02	1992.83
2936.47	2008.83
2936.91	2057.83
2937.36	2084.83
2937.8	2003.83
2938.25	2104.83
2938.69	2068.83
2939.14	2049.83
2939.58	2021.83
2940.03	2019.83
2940.48	2016.83
2940.92	2043.83
2941.37	2061.83
2941.81	1966.83
2942.26	2022.83
2942.7	2005.83
2943.15	2024.83
2943.59	2035.83
2944.03	2018.83
2944.48	1953.83
2944.92	2006.83
2945.37	2032.83
2945.81	2022.83
2946.26	1992.83
2946.7	2030.83
2947.14	1999.83
2947.59	2131.83
2948.03	2038.83
2948.48	1997.83
2948.92	2042.83
2949.37	2025.83
2949.81	2004.83
2950.26	1978.83
2950.7	1968.83
2951.14	2025.83
2951.59	2020.83
2952.03	2024.83
2952.47	2038.83
2952.92	2104.83
2953.36	1990.83
2953.81	1978.83
2954.25	2013.83
2954.69	2054.83
2955.14	2033.83
2955.58	2057.83
2956.02	2036.83
2956.47	2030.83
2956.91	1964.83
2957.35	2018.83
2957.8	2052.83
2958.24	2027.83
2958.69	2011.83
2959.13	2043.83
2959.57	2022.83
2960.01	1959.83
2960.46	1978.83
2960.9	1976.83
2961.34	2066.83
2961.79	1976.83
2962.23	1975.83
2962.67	2061.83
2963.12	1979.83
2963.56	2016.83
2964	2028.83
2964.44	1950.83
2964.89	2002.83
2965.33	2017.83
2965.77	2034.83
2966.21	2048.83
2966.66	2088.83
2967.1	2073.83
2967.54	2024.83
2967.99	2012.83
2968.43	1947.83
2968.87	2014.83
2969.31	2083.83
2969.75	1960.83
2970.2	1961.83
2970.64	1975.83
2971.08	2011.83
2971.52	2023.83
2971.96	2028.83
2972.41	1992.83
2972.85	1954.83
2973.29	2019.83
2973.73	2047.83
2974.17	2037.83
2974.62	1928.83
2975.06	2046.83
2975.5	2033.83
2975.94	2017.83
2976.38	2003.83
2976.83	2008.83
2977.27	2060.83
2977.71	1936.83
2978.15	1990.83
2978.59	1943.83
2979.03	1955.83
2979.47	2019.83
2979.91	1998.83
2980.36	1955.83
2980.8	1981.83
2981.24	1990.83
2981.68	2076.83
2982.12	2057.83
2982.56	1934.83
2983	2029.83
2983.44	1958.83
2983.89	2001.83
2984.33	2033.83
2984.77	2016.83
2985.21	2062.83
2985.65	1980.83
2986.09	2026.83
2986.53	2064.83
2986.97	2014.83
2987.41	2076.83
2987.85	2002.83
2988.29	1966.83
2988.73	1996.83
2989.17	1991.83
2989.61	1929.83
2990.05	2023.83
2990.49	2027.83
2990.94	2039.83
2991.37	2000.83
2991.82	1990.83
2992.26	1910.83
2992.7	1993.83
2993.14	1945.83
2993.58	1969.83
2994.02	2011.83
2994.46	2068.83
2994.9	2051.83
2995.34	2015.83
2995.78	1988.83
2996.22	2030.83
2996.66	2014.83
2997.09	1945.83
2997.53	1994.83
2997.98	1980.83
2998.41	1953.83
2998.85	1957.83
2999.29	1977.83
2999.73	1994.83
3000.17	1986.83
3000.61	1978.83
3001.05	2066.83
3001.49	2030.83
3001.93	2044.83
3002.37	2043.83
3002.81	1960.83
3003.25	2073.83
3003.69	2089.83
3004.13	1995.83
3004.56	2041.83
3005	2062.83
3005.44	2027.83
3005.88	2041.83
3006.32	2030.83
3006.76	1990.83
3007.2	1983.83
3007.64	1974.83
3008.08	1974.83
3008.51	1951.83
3008.95	2016.83
3009.39	1991.83
3009.83	2053.83
3010.27	2064.83
3010.71	2009.83
3011.15	2020.83
3011.58	1912.83
3012.02	2019.83
3012.46	2024.83
3012.9	2044.83
3013.34	2053.83
3013.77	1965.83
3014.21	1996.83
3014.65	1985.83
3015.09	2019.83
3015.53	1991.83
3015.96	1991.83
3016.4	1935.83
3016.84	2014.83
3017.28	1998.83
3017.72	2086.83
3018.15	2081.83
3018.59	2049.83
3019.03	2058.83
3019.47	2059.83
3019.9	2051.83
3020.34	2000.83
3020.78	1966.83
3021.22	1950.83
3021.65	1997.83
3022.09	1983.83
3022.53	2046.83
3022.97	1959.83
3023.4	1995.83
3023.84	2000.83
3024.28	2046.83
3024.72	2004.83
3025.15	1907.83
3025.59	1982.83
3026.03	1979.83
3026.46	1976.83
3026.9	2041.83
3027.34	2014.83
3027.78	1991.83
3028.21	2025.83
3028.65	1982.83
3029.08	1964.83
3029.52	1953.83
3029.96	1947.83
3030.4	1982.83
3030.83	2077.83
3031.27	2038.83
3031.7	2034.83
3032.14	2098.83
3032.58	2037.83
3033.01	1995.83
3033.45	2051.83
3033.89	2043.83
3034.32	2029.83
3034.76	2016.83
3035.2	2009.83
3035.63	2014.83
3036.07	1921.83
3036.5	2012.83
3036.94	1984.83
3037.38	2121.83
3037.81	2024.83
3038.25	1986.83
3038.68	2040.83
3039.12	1968.83
3039.55	1955.83
3039.99	2033.83
3040.43	1986.83
3040.86	2015.83
3041.3	2004.83
3041.73	1960.83
3042.17	1957.83
3042.6	2022.83
3043.04	2008.83
3043.47	1963.81
3043.91	1990.79
3044.35	1935.12
3044.78	1949.9
3045.22	2002.67
3045.65	2027.68
3046.09	1988.21
3046.52	1967.89
3046.96	2008.06
3047.39	2011.31
3047.83	2013.43
3048.26	1965.39
3048.7	1958.68
3049.13	1978.02
3049.57	1967.64
3050	1963.31
3050.44	2012.24
3050.87	1985.48
3051.3	2033.98
3051.74	2025.03
3052.17	2000.17
3052.61	2004.99
3053.04	1994.55
3053.48	1986.62
3053.91	2013.96
3054.35	1917.89
3054.78	1954.94
3055.22	1944.5
3055.65	1982.81
3056.08	2001.29
3056.52	2003.73
3056.95	2013.93
3057.39	1988.84
3057.82	1979.71
3058.26	2000.98
3058.69	1974.96
3059.12	2006.92
3059.56	2004.59
3059.99	1983.29
3060.42	1958.4
3060.86	2025.46
3061.29	1996.64
3061.72	2029.54
3062.16	2004.05
3062.59	1947.37
3063.03	2006.05
3063.46	1998.9
3063.89	1989.03
3064.33	2000.64
3064.76	1981.21
3065.19	2007.84
3065.63	1964.87
3066.06	1960.8
3066.49	1993.41
3066.93	2025.7
3067.36	1991.84
3067.79	1930.12
3068.23	1964.71
3068.66	1997.17
3069.09	1978.04
3069.52	2036.37
3069.96	2001.03
3070.39	2016.06
3070.82	1983.79
3071.26	2040.84
3071.69	1970.72
3072.12	1977.51
3072.55	2010.41
3072.99	1991.1
3073.42	1946.96
3073.85	2048.99
3074.29	1954.91
3074.72	2036.81
3075.15	2021.22
3075.58	2014.68
3076.02	1991.31
3076.45	1990.98
3076.88	2001.54
3077.31	1977.47
3077.74	1983.73
3078.18	1962.99
3078.61	1976.98
3079.04	1992.38
3079.47	1975.46
3079.9	1978.78
3080.34	2024.19
3080.77	2017.01
3081.2	2011.71
3081.63	1968.44
3082.06	1990.66
3082.5	1916.07
3082.93	1987.58
3083.36	2003.74
3083.79	1972.21
3084.22	1997.76
3084.65	2032.43
3085.09	2039.04
3085.52	2020.52
3085.95	2008.73
3086.38	1986.14
3086.81	2015.37
3087.24	2008.05
3087.67	2014.56
3088.1	2004.48
3088.54	1988.4
3088.97	2017.81
3089.4	1992.15
3089.83	2017.5
3090.26	1981.11
3090.69	2003.37
3091.12	2034.21
3091.55	1973.5
3091.98	2030.21
3092.41	2012.5
3092.84	1999.13
3093.28	1998.53
3093.71	1968.95
3094.14	1962.6
3094.57	1933.32
3095	2023.58
3095.43	2015.1
3095.86	1983.92
3096.29	1978.59
3096.72	1942.7
3097.15	1987.03
3097.58	1982.36
3098.01	1990.74
3098.44	1993.49
3098.87	2051.34
3099.3	2005.04
3099.73	1983.56
3100.16	2011.76
3100.59	1977.43
3101.02	1942.46
3101.45	1971.7
3101.88	2009.82
3102.31	1971.16
3102.74	1981.48
3103.17	2003.42
3103.6	2005.45
3104.03	1956.88
3104.46	2002.91
3104.89	1999.99
3105.32	1997.69
3105.75	1996.44
3106.18	1911.51
3106.61	1998.19
3107.04	1958.17
3107.47	2041.55
3107.9	2024.15
3108.33	1991.11
3108.76	1984.17
3109.18	1996.83
3109.61	1983.82
3110.04	2013.36
3110.47	1936.11
3110.9	1970.36
3111.33	1951.71
3111.76	1930.86
3112.19	1934.83
3112.62	1960.08
3113.05	1943.59
3113.48	1992.73
3113.9	2009.38
3114.33	1993
3114.76	1979.31
3115.19	1956.96
3115.62	1944.95
3116.05	2013.53
3116.48	1967.07
3116.91	1934.49
3117.33	1901.73
3117.76	2009.46
3118.19	1949.58
3118.62	2001.63
3119.05	1946.85
3119.47	1942.57
3119.9	2040.99
3120.33	1974.35
3120.76	1972.73
3121.19	1931.27
3121.62	1987.65
3122.04	1941.17
3122.47	1946.76
3122.9	1950.1
3123.33	2019.34
3123.76	2045.86
3124.18	1941.1
3124.61	1939.68
3125.04	1936.15
3125.47	2011.03
3125.89	1901.66
3126.32	1994.68
3126.75	1974.18
3127.18	1993.73
3127.6	2054.8
3128.03	1963.29
3128.46	1958.32
3128.89	2001.49
3129.31	1948.13
3129.74	1960.16
3130.17	1926.67
3130.6	1966.81
3131.02	1992.49
3131.45	1905.88
3131.88	1987.19
3132.3	1960.46
3132.73	1996.28
3133.16	2018.65
3133.59	1984.54
3134.01	1989.8
3134.44	2002.03
3134.87	2022.51
3135.29	1948.12
3135.72	1948.7
3136.15	1998.17
3136.36	1993.17
3136.8	1979.17
3137.23	1894.17
3137.66	1966.17
3138.1	1880.17
3138.53	2011.17
3138.97	1833.17
3139.4	1996.17
3139.84	1969.17
3140.27	1966.17
3140.7	2050.17
3141.14	1980.17
3141.57	1944.17
3142.01	1999.17
3142.44	1983.17
3142.87	1959.17
3143.31	1998.17
3143.74	1961.17
3144.18	1948.17
3144.61	1949.17
3145.04	2044.17
3145.48	1986.17
3145.91	1980.17
3146.34	2008.17
3146.78	2060.17
3147.21	2035.17
3147.64	1944.17
3148.08	1992.17
3148.51	1962.17
3148.94	1985.17
3149.38	1907.17
3149.81	2044.17
3150.24	1982.17
3150.68	1977.17
3151.11	2024.17
3151.54	1997.17
3151.98	1913.17
3152.41	1960.17
3152.84	1964.17
3153.28	1978.17
3153.71	1992.17
3154.14	1939.17
3154.57	1971.17
3155.01	1961.17
3155.44	2015.17
3155.87	2024.17
3156.3	1946.17
3156.74	1917.17
3157.17	1930.17
3157.6	1939.17
3158.03	1939.17
3158.47	1955.17
3158.9	1966.17
3159.33	1994.17
3159.76	1991.17
3160.2	1967.17
3160.63	1935.17
3161.06	1876.17
3161.49	1953.17
3161.92	1942.17
3162.36	1969.17
3162.79	1946.17
3163.22	1955.17
3163.65	2004.17
3164.08	1951.17
3164.52	2038.17
3164.95	2009.17
3165.38	1994.17
3165.81	1949.17
3166.24	1953.17
3166.68	1957.17
3167.11	1908.17
3167.54	1968.17
3167.97	2121.17
3168.4	2021.17
3168.83	1954.17
3169.27	1927.17
3169.7	2023.17
3170.13	2005.17
3170.56	2009.17
3170.99	1974.17
3171.42	1996.17
3171.85	1892.17
3172.28	1966.17
3172.72	1951.17
3173.15	1982.17
3173.58	1947.17
3174.01	2041.17
3174.44	2063.17
3174.87	2054.17
3175.3	1960.17
3175.73	2010.17
3176.16	1922.17
3176.59	1934.17
3177.02	2002.17
3177.46	1960.17
3177.89	1937.17
3178.32	1949.17
3178.75	2019.17
3179.18	1979.17
3179.61	1975.17
3180.04	2021.17
3180.47	1979.17
3180.9	2015.17
3181.33	2011.17
3181.76	2046.17
3182.19	1959.17
3182.62	1975.17
3183.05	1920.17
3183.48	2032.17
3183.91	1979.17
3184.34	1948.17
3184.77	1930.17
3185.2	2073.17
3185.63	2011.17
3186.06	1972.17
3186.49	2068.17
3186.92	1984.17
3187.35	1998.17
3187.78	1913.17
3188.21	2033.17
3188.64	1988.17
3189.07	2056.17
3189.5	1952.17
3189.93	2032.17
3190.36	2092.17
3190.79	2027.17
3191.22	1954.17
3191.65	1958.17
3192.08	2008.17
3192.51	1971.17
3192.94	1999.17
3193.36	2036.17
3193.79	2036.17
3194.22	1977.17
3194.65	1992.17
3195.08	1940.17
3195.51	2019.17
3195.94	1907.17
3196.37	1963.17
3196.8	1983.17
3197.23	1967.17
3197.66	2063.17
3198.08	2027.17
3198.51	1974.17
3198.94	2060.17
3199.37	2036.17
3199.8	1896.17
3200.23	1961.17
3200.66	1959.17
3201.09	2091.17
3201.51	2028.17
3201.94	2032.17
3202.37	2050.17
3202.8	2035.17
3203.23	2054.17
3203.66	2081.17
3204.08	1976.17
3204.51	2000.17
3204.94	1915.17
3205.37	1927.17
3205.8	1991.17
3206.22	2034.17
3206.65	2033.17
3207.08	2018.17
3207.51	2060.17
3207.94	1975.17
3208.36	1992.17
3208.79	1946.17
3209.22	2013.17
3209.65	2004.17
3210.08	1968.17
3210.5	2057.17
3210.93	2006.17
3211.36	1989.17
3211.79	2093.17
3212.21	2057.17
3212.64	2081.17
3213.07	2017.17
3213.5	2018.17
3213.92	1967.17
3214.35	1988.17
3214.78	1962.17
3215.21	2000.17
3215.63	1959.17
3216.06	2044.17
3216.49	2031.17
3216.91	2046.17
3217.34	2028.17
3217.77	1996.17
3218.2	2074.17
3218.62	2009.17
3219.05	2068.17
3219.48	1999.17
3219.9	2004.17
3220.33	2089.17
3220.76	2102.17
3221.18	1979.17
3221.61	1966.17
3222.04	2021.17
3222.46	2068.17
3222.89	2012.17
3223.32	2041.17
3223.74	2049.17
3224.17	2047.17
3224.6	1977.17
3225.02	2025.17
3225.45	2036.17
3225.87	2038.17
3226.3	1963.17
3226.73	1998.17
3227.15	1936.17
3227.58	1996.17
3228	2036.17
3228.43	1918.17
3228.86	2071.17
3229.28	2012.17
3229.71	2015.17
3230.14	2036.17
3230.56	1980.17
3230.99	2069.17
3231.41	2022.17
3231.84	2078.17
3232.26	2031.17
3232.69	1991.17
3233.12	1998.17
3233.54	2039.17
3233.97	2021.17
3234.39	1987.17
3234.82	1965.17
3235.24	2102.17
3235.67	2035.17
3236.09	2060.17
3236.52	2047.17
3236.94	2072.17
3237.37	2007.17
3237.79	2112.17
3238.22	2029.17
3238.64	2006.17
3239.07	2027.17
3239.49	1957.17
3239.92	2071.17
3240.34	2048.17
3240.77	2093.17
3241.19	2072.17
3241.62	2021.17
3242.04	2073.17
3242.47	2059.17
3242.89	2064.17
3243.32	2015.17
3243.74	2042.17
3244.17	2028.17
3244.59	2002.17
3245.02	2096.17
3245.44	2115.17
3245.87	2093.17
3246.29	2050.17
3246.72	2024.17
3247.14	1964.17
3247.56	2008.17
3247.99	1966.17
3248.41	2001.17
3248.84	1984.17
3249.26	2039.17
3249.68	2042.17
3250.11	2019.17
3250.53	2076.17
3250.96	2070.17
3251.38	2067.17
3251.8	2052.17
3252.23	2044.17
3252.65	2023.17
3253.08	2099.17
3253.5	2092.17
3253.92	1998.17
3254.35	2006.17
3254.77	2161.17
3255.19	2109.17
3255.62	2047.17
3256.04	2147.17
3256.46	1982.17
3256.89	1987.17
3257.31	1997.17
3257.73	2051.17
3258.16	2052.17
3258.58	2077.17
3259	2094.17
3259.43	2021.17
3259.85	2076.17
3260.27	2044.17
3260.7	2075.17
3261.12	2081.17
3261.54	2077.17
3261.97	2078.17
3262.39	2064.17
3262.81	2024.17
3263.24	2128.17
3263.66	2050.17
3264.08	2044.17
3264.5	2047.17
3264.93	2021.17
3265.35	2104.17
3265.77	2123.17
3266.19	1976.17
3266.62	2030.17
3267.04	2036.17
3267.46	2149.17
3267.88	2104.17
3268.31	2038.17
3268.73	2076.17
3269.15	2100.17
3269.57	2066.17
3270	2073.17
3270.42	2055.17
3270.84	2105.17
3271.26	1937.17
3271.68	2071.17
3272.11	2044.17
3272.53	2041.17
3272.95	2041.17
3273.37	2076.17
3273.79	2084.17
3274.22	2076.17
3274.64	2018.17
3275.06	1998.17
3275.48	2067.17
3275.9	2042.17
3276.33	2025.17
3276.75	2056.17
3277.17	2084.17
3277.59	2101.17
3278.01	2043.17
3278.43	2102.17
3278.85	2076.17
3279.27	2085.17
3279.7	2113.17
3280.12	2057.17
3280.54	2068.17
3280.96	2055.17
3281.38	2028.17
3281.8	2113.17
3282.22	2060.17
3282.65	2132.17
3283.07	2098.17
3283.49	2052.17
3283.91	2106.17
3284.33	2026.17
3284.75	2031.17
3285.17	2048.17
3285.59	2064.17
3286.01	2086.17
3286.43	2070.17
3286.85	2039.17
3287.27	2056.17
3287.69	2111.17
3288.12	2137.17
3288.54	2033.17
3288.96	2116.17
3289.38	2119.17
3289.8	2034.17
3290.22	2052.17
3290.64	2082.17
3291.06	2065.17
3291.48	2152.17
3291.9	2091.17
3292.32	2082.17
3292.74	2060.17
3293.16	2086.17
3293.58	2023.17
3294	2111.17
3294.42	1996.17
3294.84	1986.17
3295.26	2052.17
3295.68	2060.17
3296.1	2100.17
3296.52	2102.17
3296.94	2149.17
3297.36	2052.17
3297.78	2111.17
3298.2	2112.17
3298.62	1968.17
3299.04	2098.17
3299.46	2102.17
3299.88	2044.17
3300.3	2088.17
3300.71	2106.17
3301.13	2110.17
3301.55	2127.17
3301.97	2087.17
3302.39	2076.17
3302.81	2104.17
3303.23	2050.17
3303.65	2111.17
3304.07	2036.17
3304.49	2081.17
3304.91	2104.17
3305.33	2070.17
3305.75	2042.17
3306.16	2097.17
3306.58	2164.17
3307	2139.17
3307.42	2186.17
3307.84	2092.55
3308.26	2126.17
3308.68	2032.17
3309.09	2058.17
3309.51	2072.17
3309.93	2058.17
3310.35	2009.17
3310.77	2132.17
3311.19	2163.17
3311.61	2142.17
3312.02	2108.17
3312.44	2092.17
3312.86	2044.17
3313.28	2078.17
3313.7	2073.17
3314.12	2149.17
3314.53	2135.17
3314.95	2155.17
3315.37	2048.17
3315.79	2135.17
3316.21	2199.17
3316.62	2265.17
3317.04	2069.17
3317.46	2068.17
3317.88	2092.17
3318.3	2112.17
3318.71	2087.17
3319.13	2162.17
3319.55	2097.17
3319.97	2060.17
3320.38	2116.17
3320.8	2090.17
3321.22	2044.17
3321.64	2038.17
3322.05	2070.17
3322.47	2094.17
3322.89	2109.17
3323.31	2115.17
3323.72	2118.17
3324.14	2041.17
3324.56	2150.17
3324.98	2160.17
3325.39	2073.17
3325.81	2109.17
3326.23	2115.17
3326.64	2134.17
3327.06	2152.17
3327.48	2065.17
3327.89	2079.17
3328.31	2132.17
3328.73	2142.17
3329.15	2083.17
3329.56	2102.17
3329.98	2123.17
3330.39	2124.17
3330.81	2116.17
3331.23	2186.17
3331.64	2104.17
3332.06	2036.17
3332.48	2074.17
3332.89	2167.17
3333.31	2069.17
3333.73	2150.17
3334.14	2067.17
3334.56	2142.17
3334.98	2196.17
3335.39	2156.17
3335.81	2136.17
3336.22	2101.17
3336.64	2092.17
3337.06	2100.17
3337.47	2123.17
3337.89	2069.17
3338.3	2128.17
3338.72	2126.17
3339.14	2107.17
3339.55	2244.17
3339.97	2224.17
3340.38	2260.17
3340.8	2140.17
3341.21	2132.17
3341.63	2149.17
3342.05	2123.17
3342.46	2122.17
3342.88	2143.17
3343.29	2086.3
3343.71	2153.4
3344.12	2184.02
3344.54	2144.23
3344.95	2132.33
3345.37	2110.88
3345.79	2233.52
3346.2	2047.62
3346.61	2114.29
3347.03	2196.31
3347.45	2149.19
3347.86	2162.91
3348.28	2121.27
3348.69	2161.56
3349.11	2192.56
3349.52	2161.48
3349.94	2151.62
3350.35	2143.5
3350.77	2124.61
3351.18	2172.33
3351.59	2153.58
3352.01	2181.92
3352.42	2219.97
3352.84	2144.13
3353.25	2132.56
3353.67	2193.8
3354.08	2157.05
3354.5	2121.77
3354.91	2130.39
3355.32	2139.31
3355.74	2142
3356.15	2128.82
3356.57	2133.91
3356.98	2203.63
3357.4	2136.68
3357.81	2206.7
3358.22	2200.17
3358.64	2137.73
3359.05	2152.39
3359.47	2177.75
3359.88	2169.54
3360.29	2177.69
3360.71	2162.31
3361.12	2161
3361.54	2133.45
3361.95	2084.69
3362.36	2169.11
3362.78	2231.28
3363.19	2169.32
3363.6	2186.6
3364.02	2139.57
3364.43	2152.33
3364.84	2196.72
3365.26	2134.79
3365.67	2193.08
3366.08	2111.84
3366.5	2169.18
3366.91	2210.77
3367.33	2196.39
3367.74	2199.52
3368.15	2200.21
3368.57	2175.99
3368.98	2207.9
3369.39	2193.47
3369.8	2186.08
3370.22	2261.23
3370.63	2142.87
3371.04	2175.28
3371.46	2219.05
3371.87	2148.31
3372.28	2219.41
3372.69	2164.9
3373.11	2214.8
3373.52	2177.02
3373.93	2199.34
3374.35	2150.4
3374.76	2204.16
3375.17	2197.47
3375.58	2234.02
3376	2204.04
3376.41	2219.19
3376.82	2210.28
3377.23	2210.16
3377.64	2164.52
3378.06	2199.69
3378.47	2188.8
3378.88	2164.51
3379.29	2158
3379.71	2209.52
3380.12	2158.54
3380.53	2202.44
3380.94	2190.12
3381.35	2233.1
3381.77	2199.17
3382.18	2256.17
3382.59	2187.33
3383	2099.37
3383.41	2226.99
3383.82	2199.89
3384.24	2227.52
3384.65	2205.59
3385.06	2204.18
3385.47	2264.18
3385.88	2211.33
3386.29	2252.34
3386.71	2207.61
3387.12	2196.02
3387.53	2237.07
3387.94	2256.38
3388.35	2176.81
3388.76	2208.45
3389.17	2174.09
3389.58	2182.33
3390	2203.85
3390.41	2225.98
3390.82	2213.89
3391.23	2203.73
3391.64	2231.82
3392.05	2261.33
3392.46	2254.34
3392.87	2231.48
3393.28	2197.72
3393.69	2227.23
3394.1	2200.27
3394.52	2200.99
3394.93	2196.11
3395.34	2261.23
3395.75	2248.16
3396.16	2236.87
3396.57	2307.61
3396.98	2286.41
3397.39	2219
3397.8	2248.72
3398.21	2273.66
3398.62	2235.53
3399.03	2224.95
3399.44	2241.22
3399.85	2252.95
3400.26	2283.14
3400.67	2291.37
3401.08	2255.36
3401.49	2319.47
3401.9	2247.52
3402.31	2283.95
3402.72	2182.1
3403.13	2258.85
3403.54	2278.21
3403.95	2257.7
3404.36	2250.19
3404.77	2288.88
3405.18	2301.21
3405.59	2266.96
3406	2310.85
3406.41	2186.88
3406.82	2294.56
3407.23	2244.59
3407.64	2258.67
3408.05	2220.86
3408.46	2250.31
3408.87	2224.46
3409.28	2249.71
3409.69	2242.51
3410.1	2328.23
3410.5	2280.15
3410.91	2318.6
3411.32	2247.93
3411.73	2254.26
3412.14	2258.65
3412.55	2211.95
3412.96	2241.37
3413.37	2232.98
3413.78	2257.02
3414.19	2240.22
3414.6	2270.46
3415	2337.83
3415.41	2248.61
3415.82	2267.77
3416.23	2304.54
3416.64	2280.59
3417.05	2240.07
3417.46	2221.48
3417.87	2266.39
3418.27	2319.29
3418.68	2300.48
3419.09	2325.82
3419.5	2288.85
3419.91	2323.87
3420.32	2318.32
3420.72	2324.57
3421.13	2288.46
3421.54	2334.73
3421.95	2437.66
3422.36	2353.76
3422.77	2268.34
3423.17	2313.56
3423.58	2243.03
3423.99	2274.56
3424.4	2274.71
3424.8	2313.92
3425.21	2268.6
3425.62	2327.51
3426.03	2342.21
3426.44	2264.82
3426.84	2320.39
3427.25	2300.68
3427.66	2299.31
3428.07	2304.42
3428.47	2321.96
3428.88	2321.4
3429.29	2371.8
3429.7	2383.85
3430.1	2365.35
3430.51	2297.52
3430.92	2296.55
3431.33	2264.09
3431.73	2256.47
3432.14	2302.98
3432.55	2323.85
3432.96	2332.96
3433.36	2342.68
3433.77	2356.23
3434.18	2355.75
3434.58	2329.87
3434.99	2319.2
3435.4	2322.16
3435.8	2354.48
3436.21	2332.04
3436.62	2284.06
3437.03	2322.64
3437.43	2407.5
3437.84	2334.93
3438.25	2407.54
3438.65	2354.42
3439.06	2437.13
3439.46	2340.6
3439.87	2359.09
3440.28	2324.81
3440.68	2327.79
3441.09	2282.95
3441.5	2323.83
3441.9	2413.38
3442.31	2337.03
3442.72	2371.98
3443.12	2398.49
3443.53	2375.67
3443.93	2375.79
3444.34	2347.93
3444.75	2389.9
3445.15	2393.66
3445.56	2302.01
3445.96	2428.52
3446.37	2351.15
3446.78	2381.36
3447.18	2384.02
3447.59	2423.6
3447.99	2424.75
3448.4	2374.07
3448.81	2372.09
3449.21	2381.18
3449.62	2337.74
3450.02	2395.77
3450.43	2415.86
3450.83	2455.94
3451.24	2356.61
3451.64	2346.24
3452.05	2420.48
3452.46	2409.2
3452.86	2390.92
3453.27	2429.84
3453.67	2430.1
3454.08	2358.74
3454.48	2387.04
3454.89	2338.71
3455.29	2359.44
3455.7	2402.91
3456.1	2355.77
3456.51	2403.56
3456.91	2418.69
3457.32	2462.15
3457.72	2414.42
3458.13	2396.01
3458.53	2436.09
3458.94	2437.26
3459.34	2466.74
3459.75	2434.86
3460.15	2434.26
3460.55	2423.95
3460.96	2421.44
3461.36	2448.7
3461.77	2457
3462.17	2473.07
3462.58	2463.6
3462.98	2466.9
3463.38	2467.38
3463.79	2463.9
3464.19	2308.38
3464.6	2409.23
3465	2446.75
3465.41	2463.92
3465.81	2434.29
3466.21	2485.45
3466.62	2414.47
3467.02	2370.1
3467.43	2462.41
3467.83	2464.8
3468.23	2503.87
3468.64	2514.9
3469.04	2431.49
3469.45	2494.48
3469.85	2537.65
3470.25	2386.73
3470.66	2506.88
3471.06	2417.82
3471.46	2417.38
3471.87	2478.8
3472.27	2526.22
3472.67	2518.19
3473.08	2459.11
3473.48	2469.02
3473.88	2450.65
3474.11	2462.65
3474.52	2423.65
3474.93	2505.65
3475.34	2456.65
3475.75	2483.65
3476.16	2474.65
3476.57	2465.65
3476.98	2421.65
3477.39	2556.65
3477.8	2500.65
3478.21	2469.65
3478.62	2496.65
3479.03	2422.65
3479.44	2473.65
3479.85	2516.65
3480.25	2480.65
3480.66	2600.65
3481.07	2549.65
3481.48	2488.65
3481.89	2538.65
3482.3	2521.65
3482.71	2549.65
3483.12	2392.65
3483.53	2532.65
3483.94	2483.65
3484.35	2397.65
3484.76	2503.65
3485.17	2559.65
3485.57	2507.65
3485.98	2543.65
3486.39	2563.65
3486.8	2531.65
3487.21	2514.65
3487.62	2515.65
3488.03	2549.65
3488.43	2601.65
3488.84	2554.65
3489.25	2589.65
3489.66	2581.65
3490.07	2585.65
3490.48	2665.65
3490.89	2684.65
3491.29	2573.65
3491.7	2580.65
3492.11	2590.65
3492.52	2640.65
3492.93	2624.65
3493.34	2538.65
3493.75	2524.65
3494.15	2526.65
3494.56	2571.65
3494.97	2578.65
3495.38	2590.65
3495.79	2673.65
3496.19	2485.65
3496.6	2611.65
3497.01	2570.65
3497.42	2547.65
3497.83	2577.65
3498.23	2535.65
3498.64	2655.65
3499.05	2661.65
3499.46	2655.65
3499.86	2584.65
3500.27	2671.65
3500.68	2623.65
3501.09	2720.65
3501.49	2636.65
3501.9	2722.65
3502.31	2571.65
3502.72	2607.65
3503.12	2627.65
3503.53	2617.65
3503.94	2647.65
3504.35	2715.65
3504.75	2639.65
3505.16	2711.65
3505.57	2701.65
3505.97	2648.65
3506.38	2656.65
3506.79	2652.65
3507.2	2689.65
3507.6	2671.65
3508.01	2687.65
3508.42	2714.65
3508.82	2714.65
3509.23	2701.65
3509.64	2850.65
3510.04	2701.65
3510.45	2673.65
3510.86	2701.65
3511.26	2723.65
3511.67	2703.65
3512.08	2763.65
3512.48	2657.65
3512.89	2719.65
3513.3	2731.65
3513.7	2809.65
3514.11	2734.65
3514.52	2721.65
3514.92	2645.65
3515.33	2697.65
3515.73	2699.65
3516.14	2696.65
3516.55	2623.65
3516.95	2743.65
3517.36	2743.65
3517.77	2659.65
3518.17	2762.65
3518.58	2821.65
3518.98	2803.65
3519.39	2724.65
3519.79	2772.65
3520.2	2765.65
3520.61	2742.65
3521.01	2703.65
3521.42	2819.65
3521.82	2748.65
3522.23	2707.65
3522.63	2830.65
3523.04	2813.65
3523.44	2846.65
3523.85	2717.65
3524.26	2899.65
3524.66	2794.65
3525.07	2760.65
3525.47	2821.65
3525.88	2751.65
3526.28	2796.65
3526.69	2823.65
3527.09	2809.65
3527.5	2777.65
3527.9	2846.65
3528.31	2770.65
3528.71	2873.65
3529.12	2851.65
3529.52	2815.65
3529.93	2808.65
3530.33	2836.65
3530.74	2791.65
3531.14	2765.65
3531.55	2873.65
3531.95	2916.65
3532.36	2850.65
3532.76	2907.65
3533.17	2905.65
3533.57	2848.65
3533.98	2925.65
3534.38	2893.65
3534.79	2862.65
3535.19	2857.65
3535.59	2805.65
3536	2887.65
3536.4	2868.65
3536.81	2835.65
3537.21	2965.65
3537.61	2862.65
3538.02	2778.65
3538.42	2907.65
3538.83	2941.65
3539.23	2892.65
3539.64	2913.65
3540.04	2976.65
3540.44	2923.65
3540.85	2827.65
3541.25	2867.65
3541.66	2955.65
3542.06	2923.65
3542.46	3012.65
3542.87	2988.65
3543.27	2982.65
3543.67	2900.65
3544.08	2920.65
3544.48	2900.65
3544.88	2806.65
3545.29	2941.65
3545.69	2910.65
3546.1	2915.65
3546.5	2895.65
3546.9	2990.65
3547.31	2962.65
3547.71	2915.65
3548.11	2996.65
3548.51	2935.65
3548.92	2854.65
3549.32	2959.65
3549.73	3025.65
3550.13	2907.65
3550.53	3044.65
3550.93	2961.65
3551.34	3051.65
3551.74	2953.65
3552.14	3007.65
3552.54	2918.65
3552.95	2988.65
3553.35	2921.65
3553.75	3003.65
3554.16	2887.65
3554.56	2939.65
3554.96	2960.65
3555.36	2948.65
3555.77	2989.65
3556.17	3012.65
3556.57	2963.65
3556.97	3044.65
3557.38	2876.65
3557.78	2968.65
3558.18	3029.65
3558.58	2941.65
3558.99	2962.65
3559.39	2979.65
3559.79	3032.65
3560.19	3088.65
3560.59	3065.65
3561	3055.65
3561.4	3017.65
3561.8	3073.65
3562.2	3028.65
3562.6	2998.65
3563.01	2936.65
3563.41	2988.65
3563.81	3044.65
3564.21	3084.65
3564.61	3028.65
3565.02	3005.65
3565.42	3050.65
3565.82	3126.65
3566.22	3075.65
3566.62	2957.65
3567.02	3037.65
3567.43	2984.65
3567.83	3004.65
3568.23	2898.65
3568.63	3044.65
3569.03	3081.65
3569.43	3114.65
3569.83	2966.65
3570.23	3058.65
3570.64	3028.65
3571.04	2942.65
3571.44	3051.65
3571.84	2995.65
3572.24	2981.65
3572.64	2974.65
3573.04	2943.65
3573.44	3073.65
3573.85	3149.65
3574.25	3051.65
3574.65	3080.65
3575.05	3100.65
3575.45	3186.65
3575.85	3124.65
3576.25	3037.65
3576.65	3087.65
3577.05	3092.65
3577.45	3026.65
3577.85	2985.65
3578.25	3072.65
3578.65	3034.65
3579.05	3074.65
3579.45	3021.65
3579.85	3104.65
3580.25	3031.65
3580.65	3068.65
3581.05	3018.65
3581.45	3023.65
3581.85	2958.65
3582.26	3028.65
3582.66	3036.65
3583.06	3047.65
3583.46	2955.65
3583.85	2933.65
3584.26	3107.65
3584.66	3070.65
3585.06	3049.65
3585.46	3036.65
3585.85	3077.65
3586.25	2963.65
3586.65	2972.65
3587.05	2970.65
3587.45	3055.65
3587.85	3092.65
3588.25	3020.65
3588.65	3083.65
3589.05	2993.65
3589.45	3179.65
3589.85	3123.65
3590.25	3024.65
3590.65	2994.65
3591.05	3016.65
3591.45	2991.65
3591.85	2976.65
3592.25	2971.65
3592.65	3018.65
3593.05	3028.65
3593.44	2908.65
3593.84	2989.65
3594.24	3052.65
3594.64	3012.65
3595.04	3031.65
3595.44	2971.65
3595.84	2940.65
3596.24	3008.65
3596.64	2955.65
3597.03	2957.65
3597.43	2999.65
3597.83	2963.65
3598.23	2962.65
3598.63	2974.65
3599.03	2943.65
3599.43	2941.65
3599.83	2980.65
3600.22	2912.65
3600.62	2882.65
3601.02	2871.65
3601.42	2836.65
3601.82	2937.65
3602.22	2880.65
3602.61	2976.65
3603.01	2926.65
3603.41	2998.65
3603.81	2943.65
3604.21	2885.65
3604.6	2876.65
3605	2925.65
3605.4	2847.65
3605.8	2914.65
3606.2	2823.65
3606.59	2919.65
3606.99	2827.65
3607.39	2760.65
3607.79	2889.65
3608.19	2839.65
3608.58	2850.65
3608.98	2899.65
3609.38	2897.65
3609.78	2825.65
3610.18	2789.65
3610.57	2781.65
3610.97	2831.65
3611.37	2738.65
3611.76	2645.65
3612.16	2800.65
3612.56	2812.65
3612.96	2807.65
3613.35	2776.65
3613.75	2734.65
3614.15	2774.65
3614.55	2751.65
3614.94	2780.65
3615.34	2677.65
3615.74	2713.65
3616.13	2689.65
3616.53	2728.65
3616.93	2778.65
3617.33	2722.65
3617.72	2680.65
3618.12	2701.65
3618.52	2616.65
3618.91	2683.65
3619.31	2650.65
3619.71	2646.65
3620.1	2594.65
3620.5	2657.65
3620.9	2585.65
3621.29	2664.65
3621.69	2707.65
3622.09	2655.65
3622.48	2635.65
3622.88	2549.65
3623.27	2556.65
3623.67	2562.65
3624.07	2528.65
3624.46	2559.65
3624.86	2570.65
3625.26	2465.65
3625.65	2522.65
3626.05	2473.65
3626.44	2548.65
3626.84	2527.65
3627.24	2573.65
3627.63	2451.65
3628.03	2470.65
3628.42	2398.65
3628.82	2484.65
3629.22	2405.65
3629.61	2497.65
3630.01	2456.65
3630.4	2451.65
3630.8	2433.65
3631.19	2426.65
3631.59	2384.65
3631.99	2443.65
3632.38	2418.65
3632.78	2342.65
3633.17	2444.65
3633.57	2435.65
3633.96	2446.65
3634.36	2303.65
3634.75	2360.65
3635.15	2347.65
3635.54	2325.65
3635.94	2345.65
3636.33	2328.62
3636.73	2368.7
3637.13	2355.83
3637.52	2289.74
3637.92	2206.01
3638.31	2221.86
3638.71	2233.95
3639.1	2278.03
3639.5	2307.17
3639.89	2281.94
3640.28	2302.39
3640.68	2217.49
3641.07	2225.98
3641.47	2311.33
3641.86	2246.25
3642.26	2203.56
3642.65	2157.66
3643.05	2113.61
3643.44	2132.91
3643.84	2143.81
3644.23	2172.92
3644.63	2130.26
3645.02	2151.13
3645.41	2178.79
3645.81	2125.97
3646.2	2087.93
3646.6	2117.45
3646.99	2107.44
3647.39	2077.44
3647.78	2128.95
3648.17	2164.47
3648.57	2040.36
3648.96	1940.75
3649.36	2013.65
3649.75	2018.73
3650.14	2062.53
3650.54	2055.55
3650.93	1979.41
3651.33	2004.79
3651.72	1961.93
3652.11	1955.52
3652.51	2161.93
3652.9	2004.28
3653.29	1896.74
3653.69	1963.16
3654.08	1948.67
3654.47	1987.16
3654.87	1915.99
3655.26	1922.01
3655.65	1956.98
3656.05	1911.83
3656.44	1921.48
3656.84	1868.21
3657.23	1868.09
3657.62	1830.55
3658.01	1851.37
3658.41	1875.68
3658.8	1806.79
3659.19	1883.51
3659.59	1803.9
3659.98	1864.69
3660.37	1877.32
3660.77	1799.81
3661.16	1808.86
3661.55	1840.89
3661.94	1817.86
3662.34	1783.7
3662.73	1744.77
3663.12	1757.52
3663.52	1728.4
3663.91	1682.96
3664.3	1757.64
3664.69	1754.62
3665.08	1704.92
3665.48	1721.89
3665.87	1690.05
3666.26	1711.63
3666.66	1668.34
3667.05	1674.56
3667.44	1647.73
3667.83	1678.99
3668.22	1630.83
3668.62	1676.21
3669.01	1646.68
3669.4	1678.56
3669.79	1655.69
3670.19	1698.11
3670.58	1606.44
3670.97	1644.55
3671.36	1615.97
3671.75	1601.36
3672.14	1579.92
3672.54	1585.91
3672.93	1647.46
3673.32	1563.92
3673.71	1581.58
3674.1	1616.59
3674.49	1592.48
3674.89	1611.38
3675.28	1547.38
3675.67	1568.62
3676.06	1540.67
3676.45	1584.86
3676.84	1549.86
3677.24	1535.46
3677.63	1553.52
3678.02	1527.99
3678.41	1560.55
3678.8	1527.77
3679.19	1540.88
3679.58	1540.47
3679.98	1521.87
3680.37	1510.78
3680.76	1534.2
3681.15	1527.56
3681.54	1489.79
3681.93	1528.71
3682.32	1482.64
3682.71	1504.35
3683.1	1515.35
3683.49	1427.32
3683.88	1455.96
3684.28	1458.82
3684.67	1398.82
3685.06	1451.2
3685.45	1429.05
3685.84	1415.92
3686.23	1373.68
3686.62	1404.38
3687.01	1408.19
3687.4	1416.42
3687.79	1408.54
3688.18	1441.53
3688.57	1413.12
3688.96	1428.52
3689.35	1366.32
3689.74	1396.08
3690.13	1454.62
3690.52	1401.85
3690.91	1354.15
3691.3	1394.38
3691.69	1385.28
3692.08	1297.21
3692.47	1435.16
3692.86	1403.94
3693.25	1372.17
3693.64	1348.71
3694.03	1400.79
3694.42	1387.1
3694.81	1326.97
3695.2	1260.08
3695.59	1322.79
3695.98	1303.88
3696.37	1368.33
3696.76	1309.95
3697.15	1275.89
3697.54	1413.98
3697.93	1311.98
3698.32	1348.24
3698.71	1344.51
3699.1	1318.91
3699.49	1367.49
3699.88	1305.88
3700.27	1273.84
3700.65	1246.49
3701.04	1278.32
3701.43	1272.29
3701.82	1298.88
3702.21	1245.2
3702.6	1318.42
3702.99	1260.37
3703.38	1252.71
3703.77	1277.59
3704.16	1236.73
3704.55	1269.37
3704.93	1265.73
3705.32	1249.26
3705.71	1228.72
3706.1	1240.67
3706.49	1231.03
3706.88	1222.45
3707.27	1230.58
3707.65	1266.27
3708.04	1244.1
3708.43	1208.75
3708.82	1209.47
3709.21	1195.72
3709.6	1214.74
3709.99	1249.91
3710.38	1196.67
3710.76	1241.16
3711.15	1198.68
3711.54	1217.44
3711.93	1219.3
3712.32	1197.47
3712.7	1192.41
3713.09	1241.79
3713.48	1227.03
3713.87	1133.35
3714.26	1257.96
3714.64	1210.37
3715.03	1142.51
3715.42	1175.75
3715.81	1132.61
3716.2	1173.58
3716.58	1197.78
3716.97	1224.86
3717.36	1221.2
3717.75	1222.82
3718.13	1158.15
3718.52	1187.19
3718.91	1190
3719.3	1183.27
3719.68	1147.37
3720.07	1121.25
3720.46	1137.85
3720.85	1127.27
3721.23	1163.65
3721.62	1223.48
3722.01	1162.11
3722.4	1156.56
3722.78	1163.38
3723.17	1114.59
3723.56	1161.57
3723.94	1172.36
3724.33	1065.62
3724.72	1157.55
3725.1	1078.05
3725.49	1135.73
3725.88	1102.65
3726.27	1098.63
3726.65	1119.44
3727.04	1134
3727.43	1177.21
3727.81	1182.01
3728.2	1129.35
3728.59	1119.44
3728.97	1117.5
3729.36	1180.41
3729.75	1089.27
3730.13	1096.25
3730.52	1138.24
3730.91	1109.79
3731.29	1105.6
3731.68	1118.8
3732.07	1135.39
3732.45	1120.99
3732.84	1117.24
3733.22	1153.76
3733.61	1097.96
3734	1092.12
3734.38	1035.99
3734.77	1022.45
3735.15	1044.52
3735.54	1097.36
3735.93	1068.79
3736.31	1089.09
3736.7	1022.67
3737.08	1052.49
3737.47	1068.82
3737.86	1095.84
3738.24	1010.16
3738.63	1089.11
3739.01	1089.28
3739.4	1097.9
3739.78	1175.42
3740.17	1088.84
3740.56	1092.45
3740.94	1034.67
3741.33	1043.24
3741.71	1041.91
3742.1	1082.44
3742.48	1072.73
3742.87	1063.75
3743.25	971.725
3743.64	1010.12
3744.02	983.967
3744.41	1016.52
3744.79	1048.17
3745.18	1078.5
3745.56	1061.98
3745.95	1099.07
3746.33	1073.94
3746.72	1170.21
3747.1	1026.49
3747.49	1010.34
3747.87	1086.94
3748.26	1092.79
3748.64	1043.08
3749.03	1025.48
3749.41	999.894
3749.8	1069.3
3750.18	982.406
3750.57	1042.59
3750.95	997.51
3751.34	1018.95
3751.72	990.836
3752.1	1032.36
3752.49	909.967
3752.87	946.847
3753.26	1098.74
3753.59	1063.74
3753.98	1007.74
3754.37	1003.74
3754.76	1053.74
3755.15	1057.74
3755.54	986.738
3755.93	1045.74
3756.32	1017.74
3756.71	962.738
3757.11	965.738
3757.5	928.738
3757.89	967.738
3758.28	983.738
3758.67	1040.74
3759.06	1028.74
3759.45	1010.74
3759.84	1074.74
3760.23	1045.74
3760.62	1034.74
3761.01	1027.74
3761.4	957.738
3761.79	1007.74
3762.18	1010.74
3762.57	911.738
3762.96	981.738
3763.35	932.738
3763.74	1010.74
3764.13	1025.74
3764.52	949.738
3764.91	1002.74
3765.3	1002.74
3765.69	963.738
3766.08	987.738
3766.47	993.738
3766.86	1065.74
3767.25	1024.74
3767.64	1004.74
3768.03	988.738
3768.42	936.738
3768.81	970.738
3769.2	962.738
3769.59	1017.74
3769.98	967.738
3770.37	996.738
3770.76	1055.74
3771.15	926.738
3771.54	1021.74
3771.93	978.738
3772.32	975.738
3772.71	973.738
3773.1	1010.74
3773.48	1033.74
3773.87	995.877
3774.26	981.738
3774.65	946.738
3775.04	901.738
3775.43	1018.74
3775.82	980.738
3776.21	972.738
3776.6	957.738
3776.99	1031.74
3777.37	1004.74
3777.76	1024.74
3778.15	1074.74
3778.54	1035.74
3778.93	912.738
3779.32	954.738
3779.71	1074.74
3780.1	970.738
3780.48	1002.74
3780.87	1088.74
3781.26	927.738
3781.65	1062.74
3782.04	917.738
3782.43	1035.74
3782.81	982.371
3783.2	1091.01
3783.59	1028.92
3783.98	979.19
3784.37	1009.74
3784.76	901.738
3785.15	887.738
3785.53	911.738
3785.92	887.738
3786.31	951.738
3786.7	974.738
3787.09	989.738
3787.47	987.738
3787.86	948.738
3788.25	925.738
3788.64	954.738
3789.03	980.738
3789.41	964.738
3789.8	1002.74
3790.19	930.738
3790.58	979.738
3790.96	955.738
3791.35	901.738
3791.74	989.738
3792.13	1026.74
3792.52	954.738
3792.9	903.738
3793.29	901.738
3793.68	932.738
3794.06	973.738
3794.45	939.738
3794.84	985.738
3795.23	943.738
3795.61	975.738
3796	923.738
3796.39	1007.74
3796.77	961.738
3797.16	1032.74
3797.55	1024.74
3797.94	946.738
3798.32	930.738
3798.71	919.738
3799.1	926.738
3799.48	905.738
3799.87	935.738
3800.26	983.738
3800.64	893.738
3801.03	969.738
3801.42	935.738
3801.81	970.738
3802.19	970.738
3802.58	1041.74
3802.96	975.738
3803.35	879.738
3803.74	911.738
3804.12	1227.74
3804.51	1198.92
3804.9	922.738
3805.28	933.738
3805.67	893.738
3806.06	980.738
3806.44	934.738
3806.83	982.738
3807.22	972.738
3807.6	940.738
3807.99	906.738
3808.37	945.738
3808.76	930.738
3809.15	1023.74
3809.53	866.738
3809.92	1078.74
3810.3	1028.49
3810.69	974.428
3811.07	961.102
3811.46	949.966
3811.85	967.738
3812.23	948.738
3812.62	921.738
3813	944.738
3813.39	911.738
3813.77	921.738
3814.16	826.738
3814.55	878.738
3814.93	863.738
3815.32	967.738
3815.7	960.738
3816.09	935.738
3816.47	957.738
3816.86	928.738
3817.24	978.738
3817.63	949.738
3818.02	943.738
3818.4	859.738
3818.78	905.738
3819.17	919.738
3819.56	921.738
3819.94	971.738
3820.33	941.738
3820.71	866.738
3821.09	950.738
3821.48	902.738
3821.87	847.738
3822.25	931.738
3822.63	978.286
3823.02	887.738
3823.4	879.738
3823.79	925.738
3824.17	961.738
3824.56	999.738
3824.94	969.738
3825.33	905.738
3825.71	967.738
3826.1	907.738
3826.48	959.738
3826.86	902.738
3827.25	842.738
3827.63	938.738
3828.02	966.738
3828.4	948.738
3828.79	974.738
3829.17	932.738
3829.56	976.738
3829.94	949.738
3830.32	923.738
3830.71	1017.74
3831.09	930.738
3831.48	893.738
3831.86	967.738
3832.24	942.738
3832.63	859.738
3833.01	923.738
3833.4	906.738
3833.78	844.738
3834.16	934.738
3834.55	983.738
3834.93	1158.74
3835.31	982.973
3835.7	917.791
3836.08	906.738
3836.46	932.738
3836.85	901.738
3837.23	907.738
3837.61	858.738
3838	916.738
3838.38	926.738
3838.76	868.738
3839.15	890.738
3839.53	942.738
3839.91	938.738
3840.3	949.738
3840.68	970.738
3841.06	969.738
3841.45	849.738
3841.83	848.738
3842.21	854.738
3842.6	901.738
3842.98	907.738
3843.36	918.738
3843.75	943.738
3844.13	959.738
3844.51	962.738
3844.89	931.738
3845.28	916.738
3845.66	894.738
3846.04	812.738
3846.42	916.738
3846.81	910.738
3847.19	890.738
3847.57	987.834
3847.95	998.738
3848.34	960.738
3848.72	848.738
3849.1	906.738
3849.48	898.738
3849.87	860.738
3850.25	885.738
3850.63	885.738
3851.01	841.738
3851.4	874.738
3851.78	935.738
3852.16	890.738
3852.54	866.738
3852.92	858.738
3853.31	859.738
3853.69	915.738
3854.07	909.738
3854.45	889.738
3854.83	851.738
3855.22	890.738
3855.6	870.738
3855.98	877.738
3856.36	823.738
3856.74	874.738
3857.12	980.738
3857.51	836.738
3857.89	869.738
3858.27	939.738
3858.65	909.738
3859.03	898.738
3859.41	877.738
3859.8	866.738
3860.18	890.738
3860.56	879.738
3860.94	868.738
3861.32	832.738
3861.7	859.738
3862.08	894.738
3862.46	881.738
3862.85	846.738
3863.23	887.738
3863.61	912.738
3863.99	811.738
3864.37	850.738
3864.75	920.738
3865.13	952.738
3865.51	869.738
3865.89	917.738
3866.27	890.731
3866.66	950.738
3867.04	868.738
3867.42	958.738
3867.8	907.738
3868.18	908.738
3868.56	919.738
3868.94	961.738
3869.32	900.738
3869.7	827.738
3870.08	811.738
3870.46	854.738
3870.84	893.738
3871.22	819.738
3871.6	859.738
3871.98	847.738
3872.36	863.738
3872.74	887.738
3873.12	925.738
3873.5	779.738
3873.88	850.738
3874.26	825.738
3874.64	847.738
3875.02	913.738
3875.4	879.738
3875.78	870.738
3876.16	814.738
3876.54	898.738
3876.92	873.738
3877.3	814.738
3877.68	895.738
3878.06	929.738
3878.44	861.738
3878.82	820.738
3879.2	825.738
3879.58	836.738
3879.96	799.738
3880.34	810.738
3880.72	796.738
3881.1	849.738
3881.48	854.738
3881.86	887.738
3882.24	902.738
3882.62	827.738
3883	873.738
3883.38	872.738
3883.76	855.738
3884.13	838.738
3884.51	849.738
3884.89	770.738
3885.27	846.738
3885.65	849.738
3886.03	882.738
3886.41	842.738
3886.79	866.738
3887.17	873.738
3887.55	923.738
3887.92	1057.74
3888.3	867.49
3888.68	1045.74
3889.06	817.738
3889.44	850.738
3889.82	908.738
3890.2	846.738
3890.58	872.738
3890.95	874.738
3891.33	884.738
3891.71	873.738
3892.09	927.738
3892.47	822.738
3892.85	827.738
3893.23	864.738
3893.6	818.738
3893.98	894.738
3894.36	816.738
3894.74	861.738
3895.12	890.738
3895.49	893.738
3895.87	910.738
3896.25	897.738
3896.63	895.738
3897.01	882.738
3897.38	837.738
3897.76	854.738
3898.14	845.738
3898.52	828.738
3898.9	866.738
3899.27	822.738
3899.65	854.738
3900.03	717.738
3900.41	825.738
3900.78	916.738
3901.16	887.738
3901.54	834.738
3901.92	839.738
3902.3	818.738
3902.67	776.738
3903.05	743.738
3903.43	893.738
3903.8	876.738
3904.18	886.738
3904.56	882.738
3904.94	797.738
3905.32	785.738
3905.69	826.738
3906.07	757.738
3906.45	818.738
3906.82	829.738
3907.2	800.738
3907.58	830.738
3907.95	833.738
3908.33	800.738
3908.71	834.738
3909.09	814.738
3909.46	799.738
3909.84	882.738
3910.22	814.738
3910.59	834.738
3910.97	877.738
3911.35	780.738
3911.72	834.738
3912.1	877.738
3912.48	821.738
3912.85	796.738
3913.23	767.738
3913.61	877.738
3913.98	874.738
3914.36	839.738
3914.73	809.738
3915.11	853.738
3915.49	843.738
3915.86	787.738
3916.24	858.738
3916.62	783.738
3916.99	805.738
3917.37	782.738
3917.75	839.738
3918.12	771.738
3918.5	865.738
3918.87	868.738
3919.25	810.738
3919.63	877.738
3920	917.738
3920.38	880.738
3920.75	856.738
3921.13	834.738
3921.51	898.738
3921.88	793.738
3922.26	810.738
3922.63	778.738
3923.01	767.738
3923.38	815.738
3923.76	805.738
3924.13	825.738
3924.51	826.738
3924.89	849.738
3925.26	850.738
3925.64	781.738
3926.01	807.738
3926.39	798.738
3926.76	817.738
3927.14	798.738
3927.51	833.738
3927.89	750.738
3928.26	846.738
3928.64	839.738
3929.01	850.738
3929.39	828.738
3929.76	810.738
3930.14	817.738
3930.51	767.738
3930.89	824.738
3931.26	917.738
3931.64	847.738
3932.01	780.738
3932.39	818.738
3932.76	829.738
3933.14	748.738
3933.51	756.738
3933.89	812.738
3934.26	770.738
3934.64	749.738
3935.01	774.738
3935.38	774.738
3935.76	821.738
3936.13	731.738
3936.51	818.738
3936.88	817.738
3937.26	783.738
3937.63	774.738
3938.01	842.738
3938.38	826.738
3938.76	897.738
3939.13	841.738
3939.5	784.738
3939.88	825.738
3940.25	818.738
3940.63	825.738
3941	789.738
3941.37	808.738
3941.75	849.738
3942.12	769.738
3942.49	821.738
3942.87	870.738
3943.24	754.738
3943.62	790.738
3943.99	814.738
3944.36	831.974
3944.74	808.636
3945.11	844.738
3945.48	837.738
3945.86	804.738
3946.23	847.738
3946.6	820.761
3946.98	911.738
3947.35	775.738
3947.73	777.738
3948.1	829.738
3948.47	769.738
3948.85	792.738
3949.22	770.738
3949.59	789.738
3949.97	788.738
3950.34	765.738
3950.71	711.738
3951.08	796.738
3951.46	754.738
3951.83	802.738
3952.2	737.738
3952.58	748.738
3952.95	790.738
3953.32	791.738
3953.7	816.738
3954.07	711.738
3954.44	740.738
3954.81	799.738
3955.19	770.738
3955.56	705.738
3955.93	772.738
3956.3	759.738
3956.68	760.738
3957.05	779.738
3957.42	853.738
3957.79	813.738
3958.17	837.738
3958.54	888.738
3958.91	842.738
3959.28	787.738
3959.66	782.738
3960.03	738.738
3960.4	677.738
3960.77	728.738
3961.14	895.738
3961.52	882.229
3961.89	848.599
3962.26	854.346
3962.63	846.487
3963.01	887.643
3963.38	795.738
3963.75	753.738
3964.12	726.738
3964.49	817.738
3964.86	664.738
3965.24	722.738
3965.61	787.738
3965.98	793.738
3966.35	785.025
3966.72	786.276
3967.09	783.004
3967.47	781.738
3967.84	778.738
3968.21	755.738
3968.58	718.738
3968.95	781.738
3969.32	719.738
3969.69	744.738
3970.07	745.738
3970.44	770.738
3970.81	810.738
3971.18	741.738
3971.55	802.738
3971.92	797.738
3972.29	818.738
3972.66	697.738
3973.03	743.738
3973.41	713.738
3973.78	728.738
3974.15	765.738
3974.52	695.738
3974.89	826.738
3975.26	705.738
3975.63	712.738
3976	769.738
3976.37	749.738
3976.74	741.738
3977.12	767.738
3977.49	705.738
3977.86	781.738
3978.23	775.738
3978.6	790.738
3978.97	783.738
3979.34	751.738
3979.71	746.738
3980.08	787.738
3980.45	749.738
3980.82	845.275
3981.19	844.402
3981.56	881.738
3981.93	772.738
3982.3	819.738
3982.67	810.314
3983.04	811.198
3983.41	758.738
3983.78	742.738
3984.15	678.738
3984.52	753.738
3984.89	783.738
3985.26	797.738
3985.63	681.738
3986	783.738
3986.37	766.738
3986.74	761.738
3987.11	740.738
3987.48	754.738
3987.85	698.738
3988.22	787.738
3988.59	742.738
3988.96	724.738
3989.33	754.738
3989.7	725.738
3990.07	724.738
3990.44	684.738
3990.81	755.738
3991.18	721.738
3991.54	706.738
3991.91	740.738
3992.28	769.738
3992.65	754.738
3993.02	718.738
3993.39	756.738
3993.76	749.738
3994.13	713.738
3994.5	765.738
3994.87	766.738
3995.24	747.738
3995.6	750.738
3995.97	784.738
3996.34	931.738
3996.71	803.298
3997.08	989.738
3997.45	733.738
3997.82	738.738
3998.19	801.738
3998.56	736.738
3998.92	682.738
3999.29	717.738
3999.66	698.738
4000.03	782.738
