19.7123	1806.9
20.3887	2200.9
21.0651	2560.9
21.7414	3085.9
22.4176	3523.9
23.0939	3702.9
23.77	3737.9
24.4462	3734.9
25.1222	3760.9
25.7983	3737.9
26.4742	3930.9
27.1502	3994.9
27.8261	4022.9
28.5019	4235.9
29.1777	4142.9
29.8534	4316.9
30.5291	4323.9
31.2048	4400.9
31.8804	4576.9
32.5559	4643.9
33.2314	4645.9
33.9069	4570.9
34.5823	4712.9
35.2577	4799.9
35.933	4881.9
36.6083	5005.9
37.2835	5124.9
37.9587	5122.9
38.6338	5044.9
39.3066	5177.9
39.9817	5401.9
40.6566	5492.9
41.3316	5552.9
42.0065	5498.9
42.6813	5469.9
43.3539	5469.9
44.0286	5442.9
44.7033	5624.9
45.378	5709.9
46.0526	5663.9
46.7249	5633.9
47.3994	5768.9
48.0739	5688.9
48.7483	5766.9
49.4204	5872.9
50.0947	5817.9
50.769	5904.9
51.4433	6024.9
52.1152	5841.9
52.7893	5785.9
53.4634	5850.9
54.1352	5921.9
54.8092	5841.9
55.4831	5862.9
56.1548	5914.9
56.8286	5723.9
57.5024	5822.9
58.1739	5847.9
58.8477	5941.9
59.5213	5910.9
60.1927	5992.9
60.8663	5933.9
61.5375	5920.9
62.211	6032.9
62.8845	5942.9
63.5556	6069.9
64.2289	6120.9
64.8999	6068.9
65.5732	5813.9
66.2441	5729.9
66.9173	5895.9
67.5881	5800.9
68.2612	5966.9
68.9319	5924.9
69.6049	5884.9
70.2755	5926.9
70.9484	5780.9
71.619	5760.9
72.2918	5798.9
72.9622	5741.9
73.6349	5828.9
74.3053	5801.9
74.9756	5808.9
75.6482	5720.9
76.3184	5748.9
76.9909	5682.9
77.661	5750.9
78.3311	5919.9
79.0034	5842.9
79.6734	5813.9
80.3433	5660.9
81.0155	5589.9
81.6854	5713.9
82.3552	5595.9
83.0272	5661.9
83.6969	5616.9
84.3666	5586.9
85.0385	5668.9
85.7081	5669.9
86.3776	5585.77
87.0471	5631.56
87.7188	5611.93
88.3882	5594.49
89.0575	5577.05
89.7268	5520.35
90.3961	5515.99
91.0676	5611.93
91.7367	5539.98
92.4059	5546.52
93.0749	5625.02
93.7439	5618.48
94.4152	5631.56
95.0841	5638.1
95.753	5539.98
96.4218	5598.85
97.0906	5537.9
97.7594	5581.9
98.4281	5438.9
99.0967	5332.9
99.7676	5438.9
100.436	5504.9
101.105	5586.9
101.773	5441.9
102.442	5437.9
103.11	5368.9
103.778	5380.9
104.447	5332.9
105.115	5378.9
105.783	5254.9
106.451	5248.9
107.119	5300.9
107.787	5324.9
108.455	5344.9
109.123	5380.9
109.791	5364.9
110.459	5300.9
111.127	5310.9
111.795	5228.9
112.462	5214.9
113.13	5108.9
113.795	5136.9
114.463	5229.9
115.13	5210.9
115.798	5172.9
116.465	5126.9
117.133	5004.9
117.8	5086.9
118.467	5129.9
119.132	5136.9
119.8	5035.9
120.467	5172.9
121.134	5100.9
121.801	5069.9
122.466	4959.9
123.133	4946.9
123.8	4972.9
124.467	5016.9
125.133	5027.9
125.798	4928.9
126.465	4820.9
127.131	4882.9
127.796	4862.9
128.462	4849.9
129.129	4975.9
129.796	4830.9
130.46	4774.9
131.126	4720.9
131.793	4885.9
132.457	4829.9
133.123	4772.9
133.789	4834.9
134.453	4804.9
135.119	4687.9
135.783	4774.9
136.449	4706.9
137.115	4781.9
137.779	4783.9
138.445	4816.9
139.108	4794.9
139.774	4671.9
140.438	4648.9
141.104	4701.9
141.769	4678.9
142.433	4783.9
143.098	4720.9
143.762	4607.9
144.427	4571.9
145.09	4468.9
145.756	4529.9
146.419	4518.9
147.084	4456.9
147.747	4482.9
148.41	4662.9
149.075	4508.9
149.738	4542.9
150.403	4477.9
151.066	4469.9
151.731	4469.9
152.394	4565.9
153.056	4476.9
153.721	4391.9
154.384	4411.9
155.046	4308.9
155.711	4332.9
156.374	4383.9
157.036	4298.9
157.701	4443.9
158.363	4223.9
159.025	4349.9
159.69	4312.9
160.352	4408.9
161.014	4335.9
161.676	4340.9
162.34	4322.9
163.002	4297.9
163.664	4281.9
164.326	4415.9
164.99	4328.9
165.652	4383.9
166.314	4281.9
166.975	4318.9
167.637	4292.9
168.301	4420.9
168.962	4267.9
169.624	4358.9
170.285	4293.9
170.947	4314.9
171.608	4354.9
172.272	4312.9
172.933	4124.9
173.594	4220.9
174.255	4274.9
174.917	4267.9
175.578	4265.9
176.239	4284.9
176.9	4232.9
177.561	4104.9
178.222	4079.9
178.882	4106.9
179.543	4223.9
180.204	4253.9
180.865	4204.9
181.526	4121.9
182.186	4044.9
182.847	4016.9
183.507	4099.9
184.168	4129.9
184.828	4075.9
185.489	4101.9
186.149	4023.9
186.809	4029.9
187.47	4052.9
188.13	4037.9
188.79	4072.9
189.45	4165.9
190.11	4157.9
190.768	4034.9
191.428	4192.9
192.088	4153.9
192.748	4120.9
193.408	4141.9
194.068	4186.9
194.728	4073.9
195.385	4132.9
196.045	4096.9
196.705	4116.9
197.364	4172.9
198.021	4144.9
198.681	4193.9
199.34	4142.9
200	4180.9
200.657	4158.9
201.316	4067.9
201.976	4041.9
202.635	4125.9
203.292	4107.9
203.951	4111.9
204.61	4000.9
205.267	4053.9
205.926	4079.9
206.585	3940.9
207.242	3985.9
207.9	4053.9
208.559	3940.9
209.216	4046.9
209.875	3936.9
210.533	3981.9
211.19	3986.9
211.848	4020.9
212.505	3998.9
213.163	4077.9
213.819	4101.9
214.478	4111.9
215.134	4006.9
215.792	4169.9
216.451	4188.9
217.107	4152.9
217.765	4081.9
218.421	4164.9
219.079	4047.9
219.735	4124.9
220.391	4112.9
221.049	4141.9
221.704	4252.9
222.362	4210.9
223.018	4221.9
223.675	4077.9
224.331	4186.9
224.989	4208.9
225.644	4174.9
226.3	4074.9
226.957	4119.9
227.612	4014.9
228.268	4082.9
228.925	3994.9
229.58	3958.9
230.235	3967.9
230.893	4144.9
231.548	4044.9
232.203	4222.9
232.86	4152.9
233.515	4069.9
234.17	4248.9
234.827	4218.9
235.481	4162.9
236.136	4178.9
236.791	4100.9
237.448	4089.9
238.102	4131.9
238.757	4067.9
239.411	4176.9
240.066	4158.9
240.722	4261.9
241.377	4242.9
242.031	4186.9
242.685	4055.9
243.339	4081.9
243.993	4208.9
244.648	4280.9
245.304	4174.9
245.958	4134.9
246.612	4133.9
247.266	4194.9
247.92	4313.9
248.574	4289.9
249.227	4320.9
249.881	4224.9
250.535	4294.9
251.189	4291.9
251.842	4318.9
252.496	4285.9
253.149	4292.9
253.803	4305.9
254.456	4361.9
255.11	4346.9
255.763	4309.9
256.416	4312.9
257.07	4238.9
257.723	4237.9
258.376	4410.9
259.029	4420.9
259.682	4328.9
260.335	4411.9
260.988	4370.9
261.641	4360.9
262.294	4289.9
262.947	4327.9
263.598	4362.9
264.251	4329.9
264.903	4279.9
265.556	4340.9
266.209	4207.9
266.861	4311.9
267.512	4246.9
268.164	4151.9
268.817	4232.9
269.469	4182.9
270.121	4207.9
270.772	4226.9
271.424	4307.9
272.076	4305.9
272.728	4336.9
273.378	4349.9
274.03	4346.9
274.682	4268.9
275.332	4263.9
275.984	4388.9
276.636	4322.9
277.288	4318.9
277.938	4462.9
278.59	4316.9
279.239	4424.9
279.891	4390.9
280.542	4329.9
281.192	4478.9
281.843	4457.9
282.495	4299.9
283.144	4330.9
283.796	4372.9
284.445	4268.9
285.096	4347.9
285.745	4479.9
286.397	4479.9
287.048	4453.9
287.697	4527.9
288.348	4490.9
288.997	4484.9
289.648	4540.9
290.297	4558.9
290.948	4475.9
291.596	4565.9
292.247	4482.9
292.896	4490.9
293.544	4438.9
294.195	4503.9
294.844	4479.9
295.494	4570.9
296.143	4528.9
296.793	4575.9
297.441	4476.9
298.09	4478.9
298.74	4566.9
299.388	4603.9
300.036	4634.9
300.687	4644.9
301.335	4603.9
301.983	4592.9
302.633	4594.9
303.281	4538.9
303.929	4607.9
304.579	4708.9
305.227	4676.9
305.874	4567.9
306.522	4548.9
307.172	4606.9
307.819	4620.9
308.467	4763.9
309.114	4624.9
309.764	4835.9
310.412	4703.9
311.059	4699.9
311.706	4611.9
312.354	4743.9
313.003	4740.9
313.65	4665.9
314.297	4726.9
314.944	4709.9
315.592	4724.9
316.239	4745.9
316.886	4748.9
317.535	4750.9
318.182	4708.9
318.828	4768.9
319.475	4713.9
320.122	4740.9
320.769	4688.9
321.415	4700.9
322.062	4772.9
322.709	4830.9
323.355	4856.9
324.002	4832.9
324.648	4825.9
325.294	4657.9
325.941	4760.9
326.587	4881.9
327.233	4924.9
327.88	4849.9
328.526	4922.9
329.172	4938.9
329.818	4920.9
330.464	4916.9
331.11	4917.9
331.754	4974.9
332.4	4984.9
333.046	5029.9
333.692	4926.9
334.337	4971.9
334.983	4858.9
335.629	5004.9
336.275	5088.9
336.918	5005.9
337.564	5053.9
338.209	5060.9
338.855	5040.9
339.5	4980.9
340.143	5034.9
340.789	5018.9
341.434	5062.9
342.079	5130.9
342.722	5165.9
343.367	5200.9
344.012	5092.9
344.658	5208.9
345.3	5179.9
345.945	5162.9
346.59	5158.9
347.233	5280.9
347.878	5158.9
348.523	5238.9
349.165	5223.9
349.81	5199.9
350.455	5339.9
351.097	5355.9
351.742	5389.9
352.384	5314.9
353.029	5262.9
353.673	5252.9
354.315	5247.9
354.96	5324.9
355.602	5396.9
356.246	5407.9
356.888	5352.9
357.533	5445.9
358.175	5247.9
358.819	5386.9
359.461	5531.9
360.105	5365.9
360.746	5337.9
361.39	5572.9
362.032	5493.9
362.676	5399.9
363.318	5465.9
363.961	5593.9
364.603	5525.9
365.247	5493.9
365.888	5570.9
366.529	5599.9
367.173	5681.9
367.814	5567.9
368.456	5646.9
369.099	5659.9
369.74	5704.9
370.381	5804.9
371.025	5731.9
371.666	5678.9
372.307	5589.9
372.95	5664.9
373.591	5807.9
374.232	5754.9
374.875	5789.9
375.516	5789.9
376.156	5807.9
376.797	5834.9
377.44	5748.9
378.081	5868.9
378.721	5820.9
379.362	5927.9
380.002	5947.9
380.645	6071.9
381.285	5792.9
381.926	6063.9
382.566	5956.9
383.206	6056.9
383.847	6004.9
384.489	5955.9
385.129	5909.9
385.769	6151.9
386.409	6062.9
387.049	6042.9
387.689	6006.9
388.329	6133.9
388.969	6052.9
389.609	5985.9
390.249	6141.9
390.889	6026.9
391.528	6122.9
392.168	6072.9
392.81	6171.9
393.449	6246.9
394.089	6246.9
394.726	6076.9
395.366	6087.9
396.005	6129.9
396.645	6236.9
397.284	6242.9
397.923	6319.9
398.562	6333.9
399.202	6246.9
399.841	6196.9
400.48	6327.9
401.119	6356.9
401.758	6269.9
402.397	6412.9
403.034	6346.9
403.673	6270.9
404.311	6302.9
404.95	6384.9
405.589	6483.9
406.228	6537.9
406.864	6438.9
407.503	6700.9
408.142	6469.9
408.78	6457.9
409.419	6461.9
410.055	6588.9
410.693	6615.9
411.332	6545.9
411.968	6622.9
412.606	6661.9
413.244	6595.9
413.883	6658.9
414.519	6633.9
415.157	6596.9
415.795	6675.9
416.431	6700.9
417.069	6897.9
417.707	6879.9
418.342	6652.9
418.98	6640.9
419.616	6740.9
420.254	6740.9
420.891	6751.9
421.527	6603.9
422.165	6471.9
422.8	6447.9
423.438	6716.9
424.075	6680.9
424.71	6804.9
425.348	6949.9
425.983	7001.9
426.62	6965.9
427.256	7071.9
427.893	7093.9
428.528	7010.9
429.165	7192.9
429.8	7060.9
430.435	7149.9
431.072	7165.9
431.707	7244.9
432.344	7144.9
432.979	7217.9
433.615	7318.9
434.25	7321.9
434.885	7393.9
435.521	7327.9
436.156	7286.9
436.79	7412.9
437.427	7334.9
438.061	7332.9
438.696	7552.9
439.332	7434.9
439.967	7480.9
440.601	7478.9
441.237	7280.9
441.871	7460.9
442.505	7590.9
443.142	7579.9
443.776	7540.9
444.41	7580.9
445.044	7722.9
445.678	7605.9
446.314	7609.9
446.947	7668.9
447.581	7727.9
448.215	7640.9
448.849	7782.9
449.484	7674.9
450.118	7810.9
450.752	7534.9
451.385	7785.9
452.018	7769.9
452.652	7837.9
453.285	7928.9
453.921	7767.9
454.554	7964.9
455.187	7920.9
455.821	7852.9
456.454	7899.9
457.087	7994.9
457.72	7893.9
458.353	8027.9
458.986	8108.9
459.619	8046.9
460.252	7986.9
460.885	8037.9
461.518	8126.9
462.15	8037.9
462.783	8148.9
463.416	8172.9
464.048	8103.9
464.681	8132.9
465.314	8111.9
465.946	8193.9
466.579	8181.9
467.209	8224.9
467.841	8235.9
468.474	8173.9
469.106	7941.9
469.738	8195.9
470.371	8210.9
471.003	8210.9
471.633	8274.9
472.265	8240.9
472.897	8192.9
473.529	8232.9
474.161	8142.9
474.791	8006.9
475.423	8241.9
476.054	8214.9
476.686	8274.9
477.318	8296.9
477.948	8377.9
478.579	8148.9
479.211	8222.9
479.84	8281.9
480.472	8065.9
481.103	8294.9
481.733	8358.9
482.364	8176.2
482.996	8080.98
483.625	8097.9
484.256	8152.92
484.887	8056.92
485.516	8139.37
486.148	8327.04
486.779	8096.64
487.408	8162.66
488.039	8019.38
488.668	7982.32
489.298	8011.61
489.927	7891.68
490.558	7894.92
491.187	8062.85
491.818	7843.1
492.446	7725.04
493.077	7770.53
493.705	7737.97
494.336	7633.33
494.964	7597.4
495.595	7477.17
496.223	7370.88
496.854	7268.44
497.482	7256
498.112	7131.85
498.741	7142.41
499.371	7111.18
499.999	7107.38
500.627	7007.46
501.257	6937.56
501.885	6663.14
502.513	6722.63
503.143	6560.21
503.771	6557.45
504.399	6488.93
505.029	6355.47
505.656	6186.44
506.284	6117.73
506.914	6045.58
507.541	6009.14
508.169	5916.96
508.796	5837.44
509.426	5837.74
510.054	5741.34
510.681	5555.31
511.308	5508.48
511.938	5364.28
512.565	5382.85
513.192	5302.45
513.819	5252.11
514.446	5221.75
515.076	5003.18
515.703	4921.07
516.33	4834.34
516.957	4783.75
517.584	4815.55
518.21	4744.63
518.837	4671.37
519.464	4541.07
520.093	4502.2
520.72	4458.86
521.346	4380.75
521.973	4380.38
522.6	4304.96
523.226	4351.89
523.853	4192.21
524.479	4178.93
525.105	4023.08
525.732	4044.81
526.358	3979.41
526.984	4041.88
527.611	3916.6
528.237	3943
528.863	3840.93
529.489	3782.92
530.115	3774.28
530.741	3702
531.365	3657.35
531.991	3676.05
532.617	3658.53
533.243	3613.86
533.869	3489.91
534.495	3513.94
535.12	3463.82
535.746	3463.76
536.369	3472.33
536.995	3452.04
537.621	3442.5
538.246	3311.31
538.872	3325.32
539.495	3333.26
540.12	3291.43
540.746	3278.94
541.371	3186.72
541.994	3276.99
542.62	3195.48
543.245	3129.65
543.87	3063.55
544.493	3169.15
545.118	3144.96
545.743	3111.78
546.366	3146.02
546.991	3099.72
547.616	3032.37
548.238	2957.17
548.863	3027.48
549.488	2924.41
550.111	2906.08
550.735	2862.39
551.36	2874.84
551.982	2859.61
552.607	2837.82
553.229	2924.52
553.854	2896.76
554.476	2888.7
555.101	2873.87
555.723	2906.56
556.347	2927.83
556.969	2845.12
557.594	2915.55
558.216	2848.5
558.84	2821.9
559.462	2833.95
560.086	2858.91
560.708	2830.01
561.332	2777.92
561.954	2775.36
562.578	2770.16
563.199	2727.01
563.821	2721.18
564.445	2821.14
565.066	2758.65
565.69	2792.31
566.312	2730.4
566.933	2687.16
567.557	2715.45
568.178	2690.48
568.799	2698.01
569.423	2766.34
570.044	2661.09
570.665	2703.44
571.289	2730.15
571.91	2639.95
572.531	2678.67
573.152	2651.86
573.775	2662.59
574.396	2620.54
575.017	2673.16
575.638	2609.68
576.261	2604.29
576.882	2579.28
577.503	2556.51
578.123	2605.97
578.744	2570.68
579.365	2578.13
579.987	2526.97
580.608	2567.35
581.229	2529.11
581.849	2471.56
582.47	2473.77
583.09	2469.41
583.71	2469.68
584.331	2476.19
584.951	2492.44
585.571	2427.49
586.194	2469.93
586.814	2474.97
587.434	2436.1
588.054	2418.01
588.674	2418.95
589.294	2435.26
589.914	2387.29
590.534	2367.31
591.154	2404.77
591.774	2400.62
592.391	2386.47
593.011	2311.46
593.631	2338.5
594.25	2372.36
594.87	2318.29
595.49	2327.8
596.109	2310.75
596.729	2323.87
597.348	2318.4
597.967	2340.02
598.585	2245.33
599.204	2276.6
599.823	2336.73
600.443	2215.26
601.062	2273.98
601.681	2240.61
602.298	2213.68
602.917	2203.95
603.536	2220.71
604.155	2172.04
604.772	2204.27
605.391	2118.6
606.01	2127.94
606.629	2123.82
607.245	2142.13
607.864	2126.39
608.483	2059.77
609.099	2065.31
609.718	2085.47
610.337	2058.85
610.953	2005.79
611.572	2010.56
612.19	2051.02
612.806	2023.65
613.425	1976.15
614.043	2023.44
614.659	1969.67
615.278	1969.43
615.894	1947.1
616.512	1938.87
617.128	1984.84
617.746	1981.61
618.364	1943.62
618.98	1953.62
619.598	1937.83
620.214	1918.86
620.832	1978.42
621.448	1874.89
622.065	1853.39
622.681	1826.2
623.297	1825.15
623.914	1856.71
624.53	1796.39
625.148	1855.39
625.763	1843
626.381	1805.4
626.996	1778.75
627.611	1837.46
628.229	1814.51
628.844	1794.05
629.459	1776.87
630.076	1792.19
630.692	1764.62
631.307	1800.85
631.924	1684.88
632.539	1743.44
633.154	1787.9
633.771	1716.2
634.386	1710.07
635.001	1718.61
635.615	1692.31
636.232	1724.07
636.847	1685.16
637.462	1644.74
638.076	1671.35
638.693	1670.52
639.308	1667.26
639.922	1647.11
640.537	1574.68
641.151	1610.82
641.768	1586.28
642.382	1588.6
642.996	1568.9
643.611	1596.95
644.225	1600.41
644.839	1645.61
645.453	1607.7
646.067	1607.41
646.681	1592.4
647.295	1609.93
647.912	1628.35
648.526	1594.12
649.139	1581.42
649.753	1579.23
650.367	1622.07
650.981	1557.7
651.595	1542.34
652.208	1570.78
652.822	1536.27
653.436	1525.64
654.049	1460.67
654.663	1510.21
655.274	1463.1
655.459	1372.1
656.081	1448.1
656.703	1501.1
657.323	1461.1
657.945	1453.1
658.567	1502.1
659.187	1452.1
659.809	1449.1
660.43	1368.1
661.05	1377.1
661.672	1465.1
662.293	1392.1
662.913	1405.1
663.534	1320.1
664.154	1364.1
664.775	1319.1
665.397	1421.1
666.016	1365.1
666.637	1445.1
667.257	1401.1
667.878	1390.1
668.497	1412.1
669.118	1412.1
669.737	1422.1
670.358	1384.1
670.977	1373.1
671.598	1344.1
672.217	1358.1
672.838	1355.1
673.457	1360.1
674.078	1352.1
674.696	1322.1
675.317	1375.1
675.936	1281.1
676.554	1328.1
677.175	1326.1
677.794	1332.1
678.414	1320.1
679.033	1292.1
679.651	1261.1
680.271	1225.1
680.89	1226.1
681.508	1303.1
682.128	1279.1
682.746	1269.1
683.365	1279.1
683.985	1334.1
684.603	1288.1
685.221	1308.1
685.839	1331.1
686.459	1289.1
687.077	1206.1
687.695	1290.1
688.312	1220.1
688.932	1259.1
689.55	1278.1
690.168	1212.1
690.785	1267.1
691.403	1220.1
692.023	1236.1
692.64	1287.1
693.258	1229.1
693.875	1175.1
694.492	1220.1
695.11	1225.1
695.729	1169.1
696.346	1219.1
696.964	1213.1
697.581	1184.1
698.198	1228.1
698.815	1243.1
699.432	1288.1
700.049	1209.1
700.666	1255.1
701.283	1268.1
701.9	1264.1
702.517	1234.1
703.134	1239.1
703.75	1240.1
704.367	1192.1
704.984	1191.1
705.6	1233.1
706.217	1183.1
706.834	1268.1
707.45	1265.1
708.067	1256.1
708.683	1272.1
709.299	1226.1
709.916	1216.1
710.532	1200.1
711.148	1268.1
711.765	1186.1
712.379	1199.1
712.995	1215.1
713.611	1236.1
714.227	1217.1
714.843	1162.1
715.459	1192.1
716.075	1173.1
716.689	1196.1
717.305	1198.1
717.921	1180.1
718.536	1175.1
719.15	1137.1
719.766	1141.1
720.381	1176.1
720.997	1177.1
721.611	1201.1
722.226	1126.1
722.842	1186.1
723.457	1165.1
724.07	1182.1
724.686	1161.1
725.301	1217.1
725.914	1199.1
726.53	1255.1
727.145	1235.1
727.758	1226.1
728.373	1168.1
728.988	1203.1
729.601	1178.1
730.216	1186.1
730.829	1188.1
731.444	1225.1
732.059	1191.1
732.672	1173.1
733.286	1163.1
733.899	1157.1
734.514	1199.1
735.126	1126.1
735.741	1168.1
736.354	1202.1
736.968	1204.1
737.581	1211.1
738.195	1163.1
738.807	1182.1
739.422	1223.1
740.034	1182.1
740.648	1222.1
741.261	1203.1
741.873	1227.1
742.487	1211.1
743.099	1278.1
743.713	1203.1
744.325	1213.1
744.937	1264.1
745.551	1186.1
746.163	1234.1
746.777	1253.1
747.389	1224.1
748	1284.1
748.614	1194.1
749.226	1221.1
749.838	1236.1
750.449	1238.1
751.063	1179.1
751.674	1219.1
752.286	1193.1
752.899	1145.1
753.511	1202.1
754.122	1200.1
754.733	1234.1
755.347	1219.1
755.958	1228.1
756.569	1258.1
757.18	1211.1
757.791	1248.1
758.402	1240.1
759.015	1198.1
759.626	1273.1
760.237	1274.1
760.848	1257.1
761.459	1190.1
762.07	1263.1
762.681	1251.1
763.294	1261.1
763.904	1307.1
764.515	1290.1
765.126	1310.1
765.736	1197.1
766.347	1222.1
766.957	1250.1
767.568	1277.1
768.178	1276.1
768.788	1283.1
769.399	1290.1
770.009	1287.1
770.619	1272.1
771.229	1301.1
771.84	1267.1
772.45	1333.1
773.06	1322.1
773.67	1287.1
774.28	1323.1
774.89	1336.1
775.5	1344.1
776.108	1314.1
776.717	1344.1
777.327	1369.1
777.937	1356.1
778.547	1350.1
779.156	1329.1
779.766	1365.1
780.374	1347.1
780.983	1349.1
781.593	1341.1
782.202	1406.1
782.812	1367.1
783.421	1380.1
784.028	1421.1
784.638	1364.1
785.247	1390.1
785.856	1401.1
786.463	1377.1
787.073	1373.1
787.682	1397.1
788.289	1414.1
788.898	1415.1
789.507	1395.1
790.116	1402.1
790.722	1405.1
791.331	1408.1
791.94	1422.1
792.547	1388.1
793.156	1355.1
793.762	1343.1
794.371	1354.1
794.98	1363.1
795.586	1395.1
796.195	1412.1
796.801	1431.1
797.41	1438.1
798.018	1378.1
798.624	1395.1
799.233	1414.1
799.839	1367.1
800.447	1400.1
801.054	1417.1
801.662	1379.1
802.268	1392.1
802.876	1339.1
803.482	1342.1
804.09	1340.1
804.696	1323.1
805.304	1363.1
805.91	1399.1
806.516	1311.1
807.123	1301.1
807.729	1383.1
808.337	1272.1
808.943	1313.1
809.548	1342.1
810.156	1319.1
810.761	1305.1
811.367	1301.1
811.974	1296.1
812.58	1249.1
813.185	1280.1
813.792	1262.1
814.398	1267.1
815.003	1239.1
815.61	1269.1
816.216	1279.1
816.821	1251.1
817.426	1180.1
818.033	1181.1
818.638	1209.1
819.243	1146.1
819.848	1197.1
820.455	1156.1
821.06	1152.1
821.664	1158.1
822.269	1108.1
822.874	1130.1
823.479	1120.1
824.085	1136.1
824.69	1065.1
825.294	1073.1
825.899	1066.1
826.504	1031.1
827.108	1032.1
827.712	1032.1
828.317	1027.1
828.921	1053.1
829.527	1027.1
830.132	990.098
830.736	1010.1
831.34	987.098
831.944	975.098
832.548	951.098
833.152	984.098
833.756	939.098
834.36	925.098
834.964	921.098
835.568	916.098
836.172	914.098
836.776	893.098
837.38	889.098
837.981	904.098
838.585	879.098
839.189	856.098
839.792	873.098
840.396	882.098
841	821.098
841.603	852.098
842.206	856.098
842.81	866.098
843.411	840.098
844.015	832.098
844.618	851.098
845.221	846.098
845.824	788.098
846.425	871.098
847.029	813.098
847.632	806.098
848.235	794.098
848.838	835.098
849.439	832.098
850.042	838.098
850.645	816.098
851.245	835.098
851.848	860.098
852.451	829.098
853.054	835.098
853.654	856.098
854.257	854.098
854.86	845.098
855.46	827.098
856.063	854.098
856.665	921.098
857.266	919.098
857.868	865.098
858.469	906.098
859.071	858.098
859.673	889.098
860.273	877.098
860.876	894.098
861.476	916.098
862.078	887.098
862.678	852.098
863.28	887.098
863.88	929.098
864.482	888.098
865.082	866.098
865.684	913.098
866.284	967.098
866.886	915.098
867.485	969.098
868.087	984.098
868.687	986.098
869.289	996.098
869.888	946.098
870.488	1036.1
871.089	984.098
871.689	1046.1
872.29	999.098
872.89	1000.1
873.489	1071.1
874.09	1045.1
874.69	1066.1
875.289	1063.1
875.89	1089.1
876.489	1042.1
877.088	979.098
877.69	1077.1
878.289	1057.1
878.888	1104.1
879.486	1129.1
880.087	1086.1
880.686	1107.1
881.285	1119.1
881.884	1082.1
882.485	1081.1
883.084	1121.1
883.682	1143.1
884.281	1150.1
884.879	1184.1
885.478	1189.1
886.079	1133.1
886.677	1126.1
887.276	1139.1
887.874	1117.1
888.472	1188.1
889.071	1164.1
889.669	1219.1
890.267	1170.1
890.868	1219.1
891.466	1241.1
892.064	1201.1
892.662	1190.1
893.26	1181.1
893.858	1213.1
894.456	1201.1
895.054	1211.1
895.652	1222.1
896.25	1219.1
896.848	1270.1
897.445	1233.1
898.043	1281.1
898.641	1245.1
899.239	1217.1
899.836	1271.1
900.434	1245.1
901.029	1247.1
901.627	1253.1
902.224	1248.1
902.822	1301.1
903.419	1315.1
904.016	1294.1
904.614	1261.1
905.211	1285.1
905.806	1242.1
906.404	1254.1
907.001	1292.1
907.598	1245.1
908.195	1302.1
908.79	1261.1
909.387	1302.1
909.984	1293.1
910.581	1295.1
911.178	1277.1
911.773	1259.1
912.369	1297.1
912.966	1246.1
913.561	1283.1
914.157	1267.1
914.754	1283.1
915.351	1246.1
915.945	1243.1
916.542	1283.1
917.136	1268.1
917.733	1221.1
918.329	1258.1
918.924	1275.1
919.52	1278.1
920.116	1264.1
920.71	1237.1
921.307	1245.1
921.901	1261.1
922.497	1307.1
923.091	1281.1
923.687	1213.1
924.283	1250.1
924.877	1207.1
925.473	1233.1
926.067	1284.1
926.663	1283.1
927.257	1207.1
927.853	1224.1
928.446	1198.1
929.04	1252.1
929.636	1237.1
930.229	1221.1
930.825	1194.1
931.418	1245.1
932.014	1252.1
932.607	1175.1
933.201	1271.1
933.796	1186.1
934.39	1149.1
934.985	1193.1
935.578	1195.1
936.171	1182.1
936.767	1186.1
937.36	1132.1
937.953	1145.1
938.546	1130.1
939.141	1176.1
939.734	1136.1
940.327	1115.1
940.922	1138.1
941.515	1149.1
942.108	1149.1
942.7	1158.1
943.293	1128.1
943.888	1115.1
944.481	1069.1
945.073	1104.1
945.666	1091.1
946.258	1087.1
946.853	1075.1
947.445	1127.1
948.038	1157.1
948.63	1071.1
949.223	1103.1
949.815	1150.1
950.407	1057.1
951	1089.1
951.594	1050.1
952.186	1082.11
952.778	1086.04
953.37	1039.25
953.962	1036.75
954.554	1070.51
955.146	1087.04
955.738	1065.83
956.33	1074.96
956.922	1048.86
957.514	1068.09
958.106	1069.34
958.698	1037.53
959.289	1024.11
959.881	1067.51
960.473	1008.64
961.064	1040.27
961.654	1026.35
962.245	1088.58
962.837	1021.4
963.428	1038.39
964.02	1044.56
964.611	1050.34
965.202	1049.17
965.794	1078.74
966.383	1066.3
966.974	1010.28
967.565	1106
968.157	1067.01
968.748	1060.04
969.337	1060.08
969.928	1091.94
970.519	1085.51
971.11	1025.99
971.699	1100.36
972.289	1038.52
972.88	1081.94
973.471	1063.29
974.06	1063.1
974.651	1076.44
975.241	1090.48
975.83	1024.93
976.42	1106.59
977.011	1062.82
977.6	1069.94
978.19	1087.03
978.781	1055.86
979.369	1111.12
979.959	1095.94
980.55	1092.89
981.138	1110.23
981.728	1102.2
982.316	1093.85
982.907	1139.07
983.495	1083.02
984.085	1125.31
984.673	1101.07
985.263	1104.38
985.851	1102.17
986.441	1126.11
987.029	1122.44
987.619	1109.3
988.206	1137.46
988.796	1128.41
989.384	1107.29
989.974	1099.65
990.561	1140.79
991.151	1104.05
991.739	1151.16
992.326	1168.67
992.916	1109.91
993.503	1107.37
994.093	1128.89
994.68	1166.31
995.267	1188.84
995.857	1151.31
996.444	1147.51
997.031	1165.79
997.621	1130.75
998.208	1160.47
998.795	1122.62
999.382	1135.8
999.971	1167.66
1000.56	1153.59
1001.15	1226.3
1001.73	1208.68
1002.32	1176.69
1002.91	1156.77
1003.49	1164.53
1004.08	1182.25
1004.67	1204.48
1005.26	1190.5
1005.84	1203.84
1006.43	1215.34
1007.02	1191.69
1007.6	1231.17
1008.19	1187.26
1008.78	1169.28
1009.37	1219
1009.95	1191.99
1010.54	1214.26
1011.12	1223.81
1011.71	1180.4
1012.3	1223.36
1012.88	1230.14
1013.47	1218.82
1014.06	1221.58
1014.64	1202.94
1015.23	1199.87
1015.81	1147.03
1016.4	1159.27
1016.99	1185.01
1017.57	1183.71
1018.16	1238.12
1018.74	1221.76
1019.33	1214.56
1019.91	1215.6
1020.5	1270.75
1021.09	1223.26
1021.67	1238.46
1022.26	1225.07
1022.84	1240.53
1023.43	1255.43
1024.01	1251.42
1024.6	1230.95
1025.18	1225.49
1025.77	1232.36
1026.35	1255.42
1026.94	1222.53
1027.52	1230.46
1028.11	1274.6
1028.69	1245.58
1029.28	1246.88
1029.86	1260.2
1030.45	1267.33
1031.03	1206.33
1031.61	1253.46
1032.2	1262.19
1032.78	1253.92
1033.37	1273.23
1033.95	1262.11
1034.54	1260.21
1035.12	1217.02
1035.7	1219.64
1036.29	1275.67
1036.87	1250.12
1037.46	1257.13
1038.04	1223.11
1038.62	1256.2
1039.21	1243.87
1039.79	1247.18
1040.38	1251.11
1040.96	1262.71
1041.54	1228.73
1042.13	1240.77
1042.71	1277.24
1043.29	1276.4
1043.88	1208.63
1044.46	1207.78
1045.04	1211.2
1045.63	1235.75
1046.21	1223.18
1046.79	1270.02
1047.37	1243.52
1047.96	1219.65
1048.54	1220.33
1049.12	1233.11
1049.71	1228.14
1050.29	1209.22
1050.87	1261.12
1051.45	1265.59
1052.04	1199.04
1052.62	1261.58
1053.2	1203.6
1053.78	1214.66
1054.36	1197.13
1054.95	1201.67
1055.53	1240.65
1056.11	1242.37
1056.69	1246.68
1057.28	1245.93
1057.86	1185.59
1058.44	1223.48
1059.02	1224.68
1059.6	1255.39
1060.18	1246.57
1060.77	1248.07
1061.35	1247.72
1061.93	1241.88
1062.51	1210.69
1063.09	1244.98
1063.67	1201.61
1064.25	1228.89
1064.83	1200.23
1065.42	1248.88
1066	1261.16
1066.58	1237.31
1067.16	1224.66
1067.74	1191.15
1068.32	1234.97
1068.9	1273.11
1069.48	1242.12
1070.06	1243.36
1070.64	1254.27
1071.22	1268.68
1071.81	1244.35
1072.39	1262.18
1072.97	1222.67
1073.55	1237.18
1074.13	1251.6
1074.71	1245.3
1075.29	1244.23
1075.87	1227.12
1076.45	1254.86
1077.03	1261.64
1077.61	1243.08
1078.19	1289.33
1078.77	1253.22
1079.35	1274.45
1079.93	1243.37
1080.51	1293.63
1081.09	1313.27
1081.67	1287.22
1082.24	1317.29
1082.82	1303.55
1083.4	1297.56
1083.98	1317.67
1084.56	1362.8
1085.14	1342.9
1085.72	1362.04
1086.3	1273.8
1086.88	1308.21
1087.46	1390.32
1088.03	1303.85
1088.61	1387.59
1089.19	1341.38
1089.77	1357.55
1090.35	1372.08
1090.93	1316.35
1091.51	1341.34
1092.09	1392.67
1092.66	1391.01
1093.24	1404.15
1093.82	1404.11
1094.4	1427.1
1094.98	1410.79
1095.56	1354.79
1096.13	1418.92
1096.71	1432.45
1097.29	1421.76
1097.87	1423.05
1098.45	1537.4
1099.02	1498.86
1099.6	1468.25
1100.18	1434.14
1100.76	1504.83
1101.28	1472.83
1101.86	1507.83
1102.45	1531.83
1103.03	1516.83
1103.62	1496.83
1104.21	1564.83
1104.79	1562.83
1105.38	1542.83
1105.96	1587.83
1106.55	1559.83
1107.13	1604.83
1107.72	1616.83
1108.3	1608.83
1108.89	1564.83
1109.48	1594.83
1110.06	1576.83
1110.65	1598.83
1111.23	1624.83
1111.82	1703.83
1112.4	1716.83
1112.99	1657.83
1113.57	1618.83
1114.16	1585.83
1114.74	1615.83
1115.33	1666.83
1115.91	1653.83
1116.49	1658.83
1117.08	1625.83
1117.66	1677.83
1118.25	1643.83
1118.83	1625.83
1119.42	1601.83
1120	1548.83
1120.59	1655.83
1121.17	1637.83
1121.76	1651.83
1122.34	1655.83
1122.92	1646.83
1123.51	1631.83
1124.09	1691.83
1124.67	1645.83
1125.26	1754.83
1125.84	1729.83
1126.43	1716.83
1127.01	1715.83
1127.59	1642.83
1128.18	1624.83
1128.76	1692.83
1129.34	1678.83
1129.93	1729.83
1130.51	1722.83
1131.09	1697.83
1131.68	1702.83
1132.26	1701.83
1132.84	1707.83
1133.43	1717.83
1134.01	1757.83
1134.59	1728.83
1135.17	1764.83
1135.76	1716.83
1136.34	1609.83
1136.92	1667.83
1137.51	1640.83
1138.09	1603.83
1138.67	1592.83
1139.25	1604.83
1139.83	1718.83
1140.42	1680.83
1141	1637.83
1141.58	1628.83
1142.16	1689.83
1142.75	1715.83
1143.33	1675.83
1143.91	1649.83
1144.49	1610.83
1145.07	1669.83
1145.66	1644.83
1146.24	1643.83
1146.82	1626.83
1147.4	1541.83
1147.98	1548.83
1148.56	1655.83
1149.15	1650.83
1149.73	1650.83
1150.31	1612.83
1150.89	1597.83
1151.47	1594.83
1152.05	1600.83
1152.63	1594.83
1153.21	1607.83
1153.8	1574.83
1154.38	1573.83
1154.96	1601.83
1155.54	1577.83
1156.12	1536.83
1156.7	1532.83
1157.28	1587.83
1157.86	1576.83
1158.44	1587.83
1159.02	1622.83
1159.6	1561.83
1160.18	1564.83
1160.76	1530.83
1161.34	1549.83
1161.92	1563.83
1162.5	1535.83
1163.08	1523.83
1163.66	1516.83
1164.24	1490.83
1164.82	1519.83
1165.4	1473.83
1165.98	1506.83
1166.56	1458.83
1167.14	1485.83
1167.72	1394.83
1168.3	1412.83
1168.88	1393.83
1169.46	1442.83
1170.04	1405.83
1170.62	1407.83
1171.2	1340.83
1171.78	1415.83
1172.36	1377.83
1172.94	1403.83
1173.52	1301.83
1174.1	1306.83
1174.67	1275.83
1175.25	1292.83
1175.83	1294.83
1176.41	1243.83
1176.99	1320.83
1177.57	1288.83
1178.15	1322.83
1178.73	1236.83
1179.31	1195.83
1179.88	1319.83
1180.46	1258.83
1181.04	1282.83
1181.62	1273.83
1182.2	1259.83
1182.77	1304.83
1183.35	1228.83
1183.93	1287.83
1184.51	1228.83
1185.09	1224.83
1185.67	1176.83
1186.24	1191.83
1186.82	1177.83
1187.4	1158.83
1187.98	1152.83
1188.55	1144.83
1189.13	1130.83
1189.71	1166.83
1190.29	1138.83
1190.86	1126.83
1191.44	1110.83
1192.02	1128.83
1192.6	1126.83
1193.17	1112.83
1193.75	1063.83
1194.33	1054.83
1194.91	1100.83
1195.48	1055.83
1196.06	1049.83
1196.64	1015.83
1197.21	1005.83
1197.79	1026.83
1198.37	1041.83
1198.94	1008.83
1199.52	1003.83
1200.1	999.832
1200.67	1022.83
1201.25	968.832
1201.83	1042.83
1202.4	974.832
1202.98	930.832
1203.55	983.832
1204.13	948.832
1204.71	988.832
1205.28	937.832
1205.86	907.832
1206.44	914.832
1207.01	867.832
1207.59	863.832
1208.16	814.832
1208.74	879.832
1209.31	864.832
1209.89	818.832
1210.47	836.832
1211.04	822.832
1211.62	752.832
1212.19	813.832
1212.77	776.832
1213.34	804.832
1213.92	780.832
1214.49	830.832
1215.07	753.832
1215.64	744.832
1216.22	749.832
1216.79	747.832
1217.37	755.832
1217.94	728.832
1218.52	702.832
1219.09	699.832
1219.67	716.832
1220.24	662.832
1220.82	705.832
1221.39	689.832
1221.97	674.832
1222.54	665.832
1223.11	662.832
1223.69	620.832
1224.26	616.832
1224.84	615.832
1225.41	582.832
1225.98	627.832
1226.56	607.832
1227.13	588.832
1227.71	617.832
1228.28	614.832
1228.85	594.832
1229.43	553.832
1230	565.832
1230.57	551.832
1231.15	554.832
1231.72	581.832
1232.3	550.832
1232.87	527.832
1233.44	546.832
1234.01	525.832
1234.59	535.832
1235.16	520.832
1235.73	524.832
1236.31	542.832
1236.88	510.832
1237.45	523.832
1238.03	479.832
1238.6	482.832
1239.17	493.832
1239.74	514.832
1240.32	483.832
1240.89	472.832
1241.46	480.832
1242.03	450.832
1242.61	443.832
1243.18	451.832
1243.75	439.832
1244.32	458.832
1244.9	461.832
1245.47	452.832
1246.04	456.832
1246.61	426.832
1247.18	440.832
1247.76	424.832
1248.33	427.832
1248.9	418.832
1249.47	460.832
1250.04	433.832
1250.62	419.832
1251.19	432.832
1251.76	435.832
1252.33	415.832
1252.9	430.832
1253.47	419.832
1254.04	426.832
1254.61	422.832
1255.19	432.832
1255.76	405.832
1256.33	409.832
1256.9	425.832
1257.47	419.832
1258.04	415.832
1258.61	396.832
1259.18	399.832
1259.75	419.832
1260.32	434.832
1260.9	414.832
1261.47	407.832
1262.04	401.832
1262.61	392.832
1263.18	395.832
1263.75	400.832
1264.32	424.832
1264.89	416.832
1265.46	424.832
1266.03	387.832
1266.6	399.832
1267.17	408.832
1267.74	416.832
1268.31	384.832
1268.88	350.832
1269.45	401.832
1270.02	411.832
1270.59	383.832
1271.16	415.832
1271.73	403.832
1272.3	376.832
1272.87	402.832
1273.44	367.832
1274.01	389.832
1274.58	377.832
1275.15	401.832
1275.71	378.832
1276.28	379.832
1276.85	402.832
1277.42	387.832
1277.99	381.832
1278.56	361.832
1279.13	402.832
1279.7	386.832
1280.27	406.832
1280.83	360.832
1281.4	376.832
1281.97	384.832
1282.54	393.832
1283.11	363.832
1283.68	377.832
1284.25	370.832
1284.81	406.832
1285.38	356.832
1285.95	383.832
1286.52	371.832
1287.09	379.832
1287.65	399.832
1288.22	390.832
1288.79	387.832
1289.36	387.832
1289.93	403.832
1290.49	382.832
1291.06	393.832
1291.63	367.832
1292.2	381.832
1292.76	370.832
1293.33	365.832
1293.9	368.832
1294.47	370.832
1295.03	353.832
1295.6	365.832
1296.17	379.832
1296.74	375.832
1297.3	371.832
1297.87	371.832
1298.44	391.832
1299	377.832
1299.57	406.832
1300.14	381.832
1300.7	364.832
1301.27	354.832
1301.84	390.832
1302.4	386.832
1302.97	378.832
1303.54	358.832
1304.1	388.832
1304.67	392.832
1305.24	374.832
1305.8	365.832
1306.37	341.832
1306.94	370.832
1307.5	362.832
1308.07	350.832
1308.64	375.832
1309.2	336.832
1309.77	368.832
1310.33	362.832
1310.9	366.832
1311.46	361.832
1312.03	362.832
1312.6	355.832
1313.16	354.832
1313.73	352.832
1314.29	350.832
1314.86	344.832
1315.42	346.832
1315.99	378.832
1316.55	361.832
1317.12	353.832
1317.68	369.832
1318.25	362.832
1318.81	361.832
1319.38	357.832
1319.94	356.832
1320.51	361.832
1321.07	384.832
1321.64	386.832
1322.2	369.832
1322.77	358.832
1323.33	360.832
1323.9	370.832
1324.46	360.832
1325.02	363.832
1325.59	346.832
1326.15	374.832
1326.72	354.832
1327.28	369.832
1327.85	362.832
1328.41	343.832
1328.98	340.832
1329.54	353.832
1330.1	339.832
1330.67	377.832
1331.23	366.832
1331.79	376.832
1332.36	362.832
1332.92	376.832
1333.48	332.832
1334.05	363.832
1334.61	374.832
1335.18	356.832
1335.74	344.832
1336.3	351.832
1336.87	349.832
1337.43	341.832
1337.99	338.832
1338.56	371.832
1339.12	368.832
1339.68	379.832
1340.24	363.832
1340.81	366.832
1341.37	355.832
1341.93	332.832
1342.5	357.832
1343.06	369.832
1343.62	401.832
1344.18	372.832
1344.75	382.832
1345.31	352.832
1345.87	352.832
1346.43	369.832
1347	367.832
1347.56	362.832
1348.12	372.832
1348.68	341.832
1349.24	355.832
1349.81	333.832
1350.37	374.832
1350.93	339.832
1351.49	366.832
1352.05	374.832
1352.62	379.832
1353.18	357.832
1353.74	370.832
1354.3	369.832
1354.86	340.832
1355.42	387.832
1355.99	349.832
1356.55	337.832
1357.11	357.832
1357.67	397.832
1358.23	353.832
1358.79	362.832
1359.35	357.832
1359.91	370.832
1360.47	339.832
1361.04	366.832
1361.6	370.832
1362.16	342.832
1362.72	375.832
1363.28	374.832
1363.84	355.832
1364.4	368.832
1364.96	355.832
1365.52	339.832
1366.08	350.832
1366.64	358.832
1367.2	366.832
1367.76	373.832
1368.32	340.832
1368.88	377.832
1369.44	374.832
1370	379.832
1370.56	336.832
1371.12	358.832
1371.68	331.832
1372.24	379.832
1372.8	386.832
1373.36	379.832
1373.92	354.832
1374.48	390.832
1375.04	365.832
1375.6	379.832
1376.16	336.832
1376.72	372.832
1377.28	370.832
1377.84	364.832
1378.4	346.832
1378.96	396.832
1379.52	362.832
1380.07	393.832
1380.63	378.832
1381.19	389.832
1381.75	403.832
1382.31	358.832
1382.87	391.832
1383.43	374.832
1383.99	371.832
1384.54	374.832
1385.1	370.832
1385.66	379.832
1386.22	374.832
1386.78	361.832
1387.34	374.832
1387.9	376.832
1388.45	341.832
1389.01	388.832
1389.57	352.832
1390.13	346.832
1390.69	385.832
1391.24	338.832
1391.8	342.832
1392.36	374.832
1392.92	353.832
1393.48	379.832
1394.03	361.832
1394.59	365.832
1395.15	361.832
1395.71	344.832
1396.26	378.832
1396.82	350.832
1397.38	338.832
1397.94	341.832
1398.49	368.832
1399.05	343.832
1399.61	379.832
1400.17	365.832
2999.9	523.595
3000.34	522.595
3000.79	496.595
3001.23	545.595
3001.68	539.595
3002.12	575.595
3002.57	553.595
3003.02	558.595
3003.46	553.595
3003.91	556.595
3004.35	561.595
3004.8	521.595
3005.24	542.595
3005.69	558.595
3006.13	541.595
3006.58	541.595
3007.02	574.595
3007.47	524.595
3007.91	548.595
3008.36	555.595
3008.8	553.595
3009.25	561.595
3009.69	540.595
3010.14	543.595
3010.58	527.595
3011.03	559.595
3011.47	522.595
3011.92	551.595
3012.36	563.595
3012.8	569.595
3013.25	547.595
3013.69	539.595
3014.14	547.595
3014.58	553.595
3015.03	575.595
3015.47	565.595
3015.92	574.595
3016.36	565.595
3016.8	559.595
3017.25	578.595
3017.69	599.595
3018.14	592.595
3018.58	569.595
3019.02	540.595
3019.47	546.595
3019.91	551.595
3020.36	577.595
3020.8	569.595
3021.24	565.595
3021.69	545.595
3022.13	568.595
3022.57	578.595
3023.02	561.595
3023.46	546.595
3023.91	535.595
3024.35	565.595
3024.79	563.595
3025.24	570.595
3025.68	582.595
3026.12	553.595
3026.57	596.595
3027.01	588.595
3027.45	571.595
3027.9	596.595
3028.34	561.595
3028.78	537.595
3029.22	588.595
3029.67	543.595
3030.11	575.595
3030.55	568.595
3031	559.595
3031.44	610.595
3031.88	603.595
3032.33	586.595
3032.77	544.595
3033.21	556.595
3033.65	547.595
3034.1	546.595
3034.54	537.595
3034.98	548.595
3035.42	579.595
3035.87	602.595
3036.31	587.595
3036.75	598.595
3037.19	584.595
3037.63	592.595
3038.08	581.595
3038.52	589.595
3038.96	622.595
3039.4	606.595
3039.85	603.595
3040.29	583.595
3040.73	644.595
3041.17	593.595
3041.61	600.595
3042.06	598.595
3042.5	613.595
3042.94	561.595
3043.38	628.595
3043.82	609.595
3044.27	613.595
3044.71	639.595
3045.15	625.595
3045.59	630.595
3046.03	633.595
3046.47	616.595
3046.91	588.595
3047.36	634.595
3047.8	596.595
3048.24	593.595
3048.68	610.595
3049.12	633.595
3049.56	643.595
3050	607.595
3050.44	607.595
3050.89	627.595
3051.33	603.595
3051.77	572.595
3052.21	561.595
3052.65	621.595
3053.09	610.595
3053.53	651.595
3053.97	655.595
3054.41	622.595
3054.85	643.595
3055.29	616.595
3055.73	634.595
3056.17	656.595
3056.61	620.595
3057.06	619.595
3057.5	651.595
3057.94	642.595
3058.38	627.595
3058.82	604.595
3059.26	607.595
3059.7	660.595
3060.14	595.595
3060.58	610.595
3061.02	601.595
3061.46	637.595
3061.9	621.595
3062.34	608.595
3062.78	645.595
3063.22	636.595
3063.66	636.595
3064.1	674.595
3064.54	637.595
3064.98	629.595
3065.42	646.595
3065.86	624.595
3066.3	623.595
3066.74	620.595
3067.18	623.595
3067.62	625.595
3068.06	639.595
3068.5	651.595
3068.93	627.595
3069.37	661.595
3069.81	635.595
3070.25	627.595
3070.69	670.595
3071.13	657.595
3071.57	699.595
3072.01	622.595
3072.45	668.595
3072.89	662.595
3073.33	664.595
3073.77	656.595
3074.21	627.595
3074.64	652.595
3075.08	611.595
3075.52	638.595
3075.96	647.595
3076.4	641.595
3076.84	668.595
3077.28	620.595
3077.72	640.595
3078.15	643.595
3078.59	671.595
3079.03	671.595
3079.47	657.595
3079.91	672.595
3080.35	644.595
3080.78	653.595
3081.22	696.595
3081.66	695.595
3082.1	669.595
3082.54	655.595
3082.98	662.595
3083.41	708.595
3083.85	659.595
3084.29	675.595
3084.73	680.595
3085.17	665.595
3085.6	645.595
3086.04	622.595
3086.48	670.595
3086.92	676.595
3087.36	667.595
3087.79	684.595
3088.23	644.595
3088.67	697.595
3089.11	719.595
3089.54	674.595
3089.98	703.595
3090.42	690.595
3090.86	705.595
3091.29	698.595
3091.73	702.595
3092.17	714.595
3092.61	697.595
3093.04	660.595
3093.48	693.595
3093.92	652.595
3094.35	721.595
3094.79	711.595
3095.23	660.595
3095.67	698.595
3096.1	639.595
3096.54	678.595
3096.98	693.595
3097.41	667.595
3097.85	677.595
3098.29	675.595
3098.72	681.595
3099.16	707.595
3099.6	690.595
3100.03	704.595
3100.47	647.595
3100.91	675.595
3101.34	735.595
3101.78	707.595
3102.22	716.595
3102.65	720.595
3103.09	708.595
3103.52	732.595
3103.96	690.595
3104.4	684.595
3104.83	754.595
3105.27	704.595
3105.71	724.595
3106.14	721.595
3106.58	681.595
3107.01	738.595
3107.45	678.595
3107.89	710.595
3108.32	691.595
3108.76	651.595
3109.19	726.595
3109.63	718.595
3110.06	700.595
3110.5	715.595
3110.94	672.595
3111.37	691.595
3111.81	721.595
3112.24	726.595
3112.68	708.595
3113.11	726.595
3113.55	698.595
3113.98	729.595
3114.42	736.595
3114.86	744.595
3115.29	765.595
3115.73	742.595
3116.16	734.595
3116.59	759.595
3117.03	745.595
3117.47	749.595
3117.9	724.595
3118.34	723.595
3118.77	758.595
3119.2	732.595
3119.64	715.595
3120.08	796.595
3120.51	702.595
3120.94	762.595
3121.38	754.595
3121.81	747.595
3122.25	724.595
3122.68	767.595
3123.12	737.595
3123.55	744.595
3123.99	753.595
3124.42	777.595
3124.86	744.595
3125.29	720.595
3125.72	780.595
3126.16	754.595
3126.59	722.595
3127.03	776.595
3127.46	721.595
3127.89	763.595
3128.33	785.595
3128.76	784.595
3129.2	796.595
3129.63	785.595
3130.06	801.595
3130.5	770.595
3130.93	760.595
3131.37	708.595
3131.8	719.595
3132.23	723.595
3132.67	767.595
3133.1	763.595
3133.53	753.595
3133.97	811.595
3134.4	764.595
3134.83	747.595
3135.27	800.595
3135.7	736.595
3136.13	753.595
3136.57	808.595
3137	823.595
3137.43	755.595
3137.87	784.595
3138.3	823.595
3138.73	819.595
3139.17	767.595
3139.6	823.595
3140.03	802.595
3140.47	781.595
3140.9	800.595
3141.33	822.595
3141.76	781.595
3142.2	815.595
3142.63	788.595
3143.06	827.595
3143.49	798.595
3143.93	841.595
3144.36	828.595
3144.79	789.595
3145.22	742.595
3145.66	839.595
3146.09	814.595
3146.52	803.595
3146.95	826.595
3147.39	827.595
3147.82	799.595
3148.25	791.595
3148.68	822.595
3149.11	802.595
3149.55	797.595
3149.98	803.595
3150.41	738.595
3150.84	777.595
3151.28	731.595
3151.71	795.595
3152.14	786.595
3152.57	785.595
3153	823.595
3153.43	785.595
3153.87	798.595
3154.3	787.595
3154.73	795.595
3155.16	807.595
3155.59	811.595
3156.02	822.595
3156.45	803.595
3156.89	855.595
3157.32	829.595
3157.75	895.595
3158.18	891.595
3158.61	877.595
3159.04	886.595
3159.47	847.595
3159.91	795.595
3160.34	811.595
3160.77	805.595
3161.2	824.595
3161.63	867.595
3162.06	858.595
3162.49	846.595
3162.92	873.595
3163.35	819.595
3163.78	846.595
3164.21	873.595
3164.65	852.595
3165.08	853.595
3165.51	864.595
3165.94	879.595
3166.37	877.595
3166.8	854.595
3167.23	852.595
3167.66	853.595
3168.09	849.595
3168.52	894.595
3168.95	895.595
3169.38	907.595
3169.81	897.595
3170.24	932.595
3170.67	892.595
3171.1	889.595
3171.53	923.595
3171.96	879.595
3172.39	875.595
3172.82	909.595
3173.25	902.595
3173.68	915.595
3174.11	902.595
3174.54	931.595
3174.97	892.595
3175.4	901.595
3175.83	924.595
3176.26	892.595
3176.69	906.595
3177.12	937.595
3177.55	952.595
3177.98	903.595
3178.41	882.595
3178.84	904.595
3179.26	924.595
3179.69	933.595
3180.12	948.595
3180.55	905.595
3180.98	906.595
3181.41	878.595
3181.84	963.595
3182.27	908.595
3182.7	929.595
3183.13	903.595
3183.56	937.595
3183.99	895.595
3184.41	910.595
3184.84	947.595
3185.27	947.595
3185.7	971.595
3186.13	921.595
3186.56	1004.59
3186.99	928.595
3187.42	953.595
3187.84	936.595
3188.27	921.595
3188.7	940.595
3189.13	889.595
3189.56	949.595
3189.99	937.595
3190.42	952.595
3190.84	989.595
3191.27	993.595
3191.7	972.595
3192.13	951.595
3192.56	971.595
3192.98	964.595
3193.41	997.595
3193.84	1024.59
3194.27	981.595
3194.7	991.595
3195.12	987.595
3195.55	1004.59
3195.98	912.595
3196.41	983.595
3196.84	927.595
3197.26	974.595
3197.69	1027.59
3198.12	1003.59
3198.55	1005.59
3198.97	987.595
3199.4	1015.59
3199.83	1023.59
3200.26	1006.59
3200.68	978.595
3201.11	964.595
3201.54	977.595
3201.97	1035.59
3202.39	983.595
3202.82	990.595
3203.25	1042.59
3203.67	1034.59
3204.1	1001.59
3204.53	1010.59
3204.95	1006.59
3205.38	1022.59
3205.81	1030.59
3206.24	1019.59
3206.66	984.595
3207.09	1038.59
3207.52	1010.59
3207.94	1039.59
3208.37	1050.59
3208.8	1029.59
3209.22	1011.59
3209.65	1009.59
3210.08	993.595
3210.5	1057.59
3210.93	1005.59
3211.36	1081.59
3211.78	972.595
3212.21	1077.59
3212.63	1046.59
3213.06	1068.59
3213.49	1018.59
3213.91	1071.59
3214.34	1005.59
3214.77	1077.59
3215.19	1100.59
3215.62	1061.47
3216.04	1063.59
3216.47	1115.59
3216.89	1055.59
3217.32	1074.59
3217.75	1061.59
3218.17	1090.59
3218.6	1042.59
3219.02	1111.59
3219.45	1094.59
3219.88	1046.59
3220.3	1010.59
3220.73	1114.59
3221.15	1075.59
3221.58	1089.59
3222	1115.59
3222.43	1114.59
3222.85	1108.59
3223.28	1128.59
3223.7	1110.59
3224.13	1078.59
3224.56	1109.59
3224.98	1102.59
3225.41	1091.59
3225.83	1125.59
3226.26	1104.59
3226.68	1073.59
3227.11	1110.59
3227.53	1155.59
3227.96	1082.59
3228.38	1115.59
3228.8	1104.59
3229.23	1092.59
3229.65	1110.59
3230.08	1137.59
3230.5	1179.59
3230.93	1170.59
3231.35	1122.59
3231.78	1127.59
3232.2	1104.59
3232.63	1133.59
3233.05	1168.59
3233.47	1133.59
3233.9	1103.59
3234.32	1125.59
3234.75	1125.59
3235.17	1123.59
3235.6	1180.59
3236.02	1136.59
3236.44	1154.59
3236.87	1126.59
3237.29	1172.59
3237.72	1157.59
3238.14	1119.59
3238.56	1118.59
3238.99	1151.59
3239.41	1132.59
3239.84	1155.59
3240.26	1130.59
3240.68	1151.59
3241.11	1190.59
3241.53	1188.59
3241.95	1139.59
3242.38	1164.59
3242.8	1156.59
3243.22	1162.59
3243.65	1158.59
3244.07	1135.59
3244.49	1141.59
3244.92	1175.59
3245.34	1194.59
3245.76	1119.59
3246.19	1225.59
3246.61	1192.59
3247.03	1212.59
3247.46	1200.59
3247.88	1146.59
3248.3	1172.59
3248.73	1173.59
3249.15	1171.59
3249.57	1163.59
3249.99	1179.59
3250.42	1202.59
3250.84	1216.59
3251.26	1129.59
3251.69	1175.59
3252.11	1065.59
3252.53	1156.59
3252.95	1077.59
3253.38	1098.59
3253.8	1101.59
3254.22	1139.59
3254.64	1181.59
3255.07	1211.59
3255.49	1181.59
3255.91	1168.59
3256.33	1151.59
3256.76	1253.59
3257.18	1201.59
3257.6	1188.59
3258.02	1220.59
3258.44	1217.59
3258.87	1175.59
3259.29	1225.59
3259.71	1229.59
3260.13	1251.59
3260.55	1235.59
3260.97	1166.59
3261.4	1221.59
3261.82	1188.59
3262.24	1194.59
3262.66	1192.59
3263.08	1212.59
3263.51	1194.59
3263.93	1165.59
3264.35	1222.59
3264.77	1188.59
3265.19	1225.59
3265.61	1196.59
3266.03	1236.59
3266.46	1253.59
3266.88	1205.59
3267.3	1271.59
3267.72	1212.59
3268.14	1211.59
3268.56	1234.59
3268.98	1257.59
3269.4	1233.59
3269.83	1241.59
3270.25	1217.59
3270.67	1311.59
3271.09	1274.59
3271.51	1277.59
3271.93	1270.59
3272.35	1212.59
3272.77	1239.59
3273.19	1253.59
3273.61	1261.59
3274.03	1251.59
3274.45	1295.59
3274.87	1321.59
3275.29	1251.59
3275.72	1281.59
3276.14	1225.59
3276.56	1244.59
3276.98	1231.59
3277.4	1258.59
3277.82	1285.59
3278.24	1258.59
3278.66	1273.59
3279.08	1266.59
3279.5	1294.59
3279.92	1261.59
3280.34	1187.59
3280.76	1261.59
3281.18	1207.59
3281.6	1257.59
3282.02	1249.59
3282.44	1194.59
3282.86	1236.59
3283.28	1293.59
3283.7	1283.59
3284.12	1286.59
3284.54	1315.59
3284.96	1275.59
3285.38	1256.59
3285.79	1276.59
3286.21	1275.59
3286.63	1264.59
3287.05	1255.59
3287.47	1281.59
3287.89	1303.59
3288.31	1302.59
3288.73	1312.59
3289.15	1228.59
3289.57	1295.59
3289.99	1250.59
3290.41	1226.59
3290.83	1272.59
3291.25	1318.59
3291.66	1292.59
3292.08	1287.59
3292.5	1275.59
3292.92	1325.59
3293.34	1303.59
3293.76	1305.59
3294.18	1332.59
3294.6	1248.59
3295.02	1257.59
3295.43	1293.59
3295.85	1285.59
3296.27	1298.59
3296.69	1308.59
3297.11	1361.59
3297.53	1342.59
3297.94	1304.59
3298.36	1381.59
3298.78	1369.59
3299.2	1348.59
3299.62	1304.59
3300.04	1337.59
3300.45	1318.59
3300.87	1329.59
3301.29	1290.59
3301.71	1324.59
3302.13	1379.59
3302.54	1316.59
3302.96	1308.59
3303.38	1319.59
3303.8	1329.59
3304.22	1352.59
3304.63	1348.59
3305.05	1310.59
3305.47	1286.59
3305.89	1341.59
3306.31	1365.59
3306.72	1342.59
3307.14	1389.59
3307.56	1333.59
3307.98	1310.59
3308.39	1365.59
3308.81	1347.59
3309.23	1345.59
3309.64	1276.59
3310.06	1322.59
3310.48	1282.59
3310.9	1431.59
3311.31	1298.59
3311.73	1357.59
3312.15	1355.59
3312.57	1377.59
3312.98	1399.59
3313.4	1312.59
3313.82	1320.59
3314.23	1362.59
3314.65	1307.59
3315.07	1404.59
3315.48	1377.59
3315.9	1388.59
3316.32	1441.59
3316.73	1381.59
3317.15	1365.59
3317.57	1397.59
3317.98	1365.59
3318.4	1427.59
3318.82	1315.59
3319.23	1364.59
3319.65	1361.59
3320.07	1401.59
3320.48	1414.59
3320.9	1446.59
3321.32	1408.59
3321.73	1512.59
3322.15	1487.59
3322.56	1414.59
3322.98	1391.59
3323.4	1374.59
3323.81	1383.59
3324.23	1349.59
3324.64	1423.59
3325.06	1355.59
3325.47	1418.59
3325.89	1412.59
3326.31	1432.59
3326.72	1443.59
3327.14	1371.59
3327.55	1408.59
3327.97	1435.59
3328.39	1456.59
3328.8	1455.59
3329.22	1444.59
3329.63	1521.59
3330.05	1511.59
3330.46	1459.59
3330.88	1428.59
3331.29	1465.59
3331.71	1455.59
3332.12	1452.59
3332.54	1431.59
3332.95	1418.59
3333.37	1421.59
3333.78	1424.59
3334.2	1466.59
3334.61	1411.59
3335.03	1454.59
3335.44	1453.59
3335.86	1500.59
3336.27	1459.59
3336.69	1436.59
3337.1	1476.59
3337.52	1510.59
3337.93	1455.59
3338.35	1449.59
3338.76	1481.59
3339.18	1463.59
3339.59	1452.59
3340.01	1487.59
3340.42	1532.59
3340.84	1515.59
3341.25	1461.59
3341.66	1444.59
3342.08	1491.59
3342.49	1450.59
3342.91	1505.59
3343.32	1486.59
3343.73	1464.59
3344.15	1503.59
3344.56	1539.59
3344.98	1551.59
3345.39	1498.59
3345.8	1506.59
3346.22	1529.59
3346.63	1559.59
3347.05	1457.59
3347.46	1507.59
3347.87	1550.59
3348.29	1567.59
3348.7	1553.59
3349.12	1531.59
3349.53	1617.59
3349.94	1580.59
3350.36	1544.59
3350.77	1567.59
3351.18	1508.59
3351.6	1558.59
3352.01	1491.59
3352.42	1521.59
3352.84	1558.59
3353.25	1566.59
3353.66	1563.59
3354.08	1567.59
3354.49	1575.59
3354.9	1525.59
3355.32	1613.59
3355.73	1513.59
3356.14	1471.59
3356.56	1547.59
3356.97	1565.59
3357.38	1511.59
3357.79	1581.59
3358.21	1617.22
3358.62	1591.41
3359.03	1599.19
3359.44	1574.55
3359.86	1550.61
3360.27	1503.6
3360.68	1583.08
3361.1	1623.27
3361.51	1628.43
3361.92	1687.45
3362.33	1580.57
3362.74	1604.67
3363.16	1607.24
3363.57	1601.13
3363.98	1642.68
3364.39	1649.02
3364.81	1596.19
3365.22	1631.41
3365.63	1631.49
3366.04	1575.2
3366.46	1656.76
3366.87	1682.58
3367.28	1647.05
3367.69	1643
3368.1	1654.24
3368.51	1641.65
3368.93	1632.58
3369.34	1633.08
3369.75	1658.71
3370.16	1648.76
3370.57	1629.93
3370.98	1652.32
3371.4	1696.21
3371.81	1668.53
3372.22	1664.74
3372.63	1668.63
3373.04	1687.45
3373.45	1697.64
3373.86	1692.93
3374.28	1675.5
3374.69	1700.4
3375.1	1691.35
3375.51	1688.88
3375.92	1683.1
3376.33	1674.64
3376.74	1720.94
3377.16	1723.76
3377.57	1698.7
3377.98	1712.33
3378.39	1684.91
3378.8	1733.86
3379.21	1717.89
3379.62	1693.73
3380.03	1726.88
3380.44	1726.64
3380.85	1739.89
3381.26	1758.59
3381.67	1753.2
3382.08	1779.42
3382.49	1718.94
3382.91	1774.67
3383.32	1751.47
3383.73	1697.49
3384.14	1732.41
3384.55	1772.66
3384.96	1733.42
3385.37	1806.46
3385.78	1746.03
3386.19	1770.88
3386.6	1805.64
3387.01	1755.87
3387.42	1777.31
3387.83	1762.95
3388.24	1762.81
3388.65	1781.64
3389.06	1811.38
3389.47	1807.95
3389.88	1834.24
3390.29	1829.18
3390.7	1810.17
3391.11	1791.21
3391.52	1823.4
3391.93	1818.91
3392.34	1784.39
3392.75	1807.57
3393.16	1799.47
3393.57	1838.25
3393.97	1822.83
3394.38	1800.19
3394.79	1853.07
3395.2	1897.49
3395.61	1871.84
3396.02	1820.4
3396.43	1869.53
3396.84	1791.13
3397.25	1847.65
3397.66	1845.34
3398.07	1850.31
3398.48	1886.27
3398.89	1859.89
3399.3	1926.76
3399.7	1938.8
3400.11	1870.89
3400.52	1952.22
3400.93	1885.49
3401.34	1848.84
3401.75	1886.45
3402.16	1790.41
3402.57	1847.26
3402.97	1776.11
3403.38	1776.08
3403.79	1813.44
3404.2	1798.35
3404.61	1865.72
3405.02	1924.18
3405.43	1938.5
3405.83	1943.14
3406.24	1926.31
3406.65	1898.54
3407.06	1984.38
3407.47	1944.57
3407.87	1985.25
3408.28	1947.42
3408.69	1960.22
3409.1	1935.4
3409.51	2034.34
3409.92	1979.95
3410.32	1972.68
3410.73	2001.3
3411.14	1986.96
3411.55	1980.11
3411.95	1951.15
3412.36	2020.19
3412.77	2028.81
3413.18	2026.36
3413.59	2060.3
3413.99	2032.72
3414.4	2028.44
3414.81	2021.41
3415.22	1976.25
3415.62	1968.91
3416.03	2044.25
3416.44	1967.63
3416.84	2057.99
3417.25	2050.2
3417.66	2049.95
3418.07	2073.49
3418.48	2110.18
3418.88	2003.36
3419.29	2060.51
3419.7	2077.26
3420.1	1993.8
3420.51	2081.41
3420.7	2105.41
3421.12	2050.41
3421.53	2083.41
3421.95	2158.41
3422.36	2151.41
3422.78	2117.41
3423.19	2115.41
3423.6	2017.41
3424.02	2067.41
3424.44	2106.41
3424.85	2062.41
3425.26	2061.41
3425.68	2078.41
3426.09	2091.41
3426.51	2160.41
3426.92	2153.41
3427.34	2129.41
3427.75	2132.41
3428.17	2185.41
3428.58	2144.41
3428.99	2136.41
3429.41	2050.41
3429.82	2149.41
3430.24	2164.41
3430.65	2205.41
3431.07	2214.41
3431.48	2184.41
3431.9	2234.41
3432.31	2193.41
3432.72	2184.41
3433.14	2176.41
3433.55	2189.41
3433.97	2158.41
3434.38	2185.41
3434.79	2161.41
3435.21	2204.41
3435.62	2272.41
3436.03	2221.41
3436.45	2294.41
3436.86	2268.41
3437.28	2212.41
3437.69	2189.41
3438.1	2205.41
3438.52	2164.41
3438.93	2249.41
3439.34	2176.41
3439.76	2266.41
3440.17	2223.41
3440.58	2240.41
3441	2284.41
3441.41	2262.41
3441.82	2236.41
3442.24	2200.41
3442.65	2182.41
3443.06	2176.41
3443.48	2166.41
3443.89	2236.41
3444.3	2245.41
3444.71	2287.41
3445.13	2238.41
3445.54	2352.41
3445.95	2247.41
3446.37	2276.41
3446.78	2294.41
3447.19	2353.41
3447.6	2267.41
3448.02	2360.41
3448.43	2352.41
3448.84	2338.41
3449.26	2353.41
3449.67	2241.41
3450.08	2373.41
3450.49	2400.41
3450.91	2432.41
3451.32	2329.41
3451.73	2393.41
3452.14	2329.41
3452.55	2312.41
3452.97	2332.41
3453.38	2367.41
3453.79	2324.41
3454.2	2339.41
3454.61	2420.41
3455.03	2311.41
3455.44	2458.41
3455.85	2340.41
3456.26	2350.41
3456.67	2454.41
3457.09	2363.41
3457.5	2320.41
3457.91	2381.41
3458.32	2457.41
3458.73	2457.41
3459.15	2438.41
3459.56	2448.41
3459.97	2467.41
3460.38	2402.41
3460.79	2411.41
3461.2	2332.41
3461.61	2321.41
3462.03	2348.41
3462.44	2247.41
3462.85	2365.41
3463.26	2233.41
3463.67	2357.41
3464.08	2402.41
3464.49	2461.41
3464.9	2473.41
3465.32	2453.41
3465.73	2447.41
3466.14	2476.41
3466.55	2486.41
3466.96	2481.41
3467.37	2494.41
3467.78	2542.41
3468.19	2498.41
3468.6	2574.41
3469.01	2509.41
3469.43	2526.41
3469.84	2559.41
3470.25	2566.41
3470.66	2536.41
3471.07	2518.41
3471.48	2432.41
3471.89	2440.41
3472.3	2447.41
3472.71	2494.41
3473.12	2588.41
3473.53	2653.41
3473.94	2564.41
3474.35	2463.41
3474.76	2620.41
3475.17	2360.41
3475.58	2370.41
3475.99	2402.41
3476.4	2406.41
3476.81	2468.41
3477.22	2575.41
3477.63	2599.41
3478.04	2611.41
3478.45	2712.41
3478.86	2601.41
3479.27	2684.41
3479.68	2646.41
3480.09	2635.41
3480.5	2730.41
3480.91	2630.41
3481.32	2620.41
3481.73	2636.41
3482.14	2648.41
3482.55	2703.41
3482.96	2663.41
3483.37	2758.41
3483.78	2737.41
3484.19	2678.41
3484.6	2709.41
3485.01	2744.41
3485.42	2665.41
3485.82	2693.41
3486.23	2744.41
3486.64	2696.41
3487.05	2827.41
3487.46	2790.41
3487.87	2721.41
3488.28	2690.41
3488.69	2712.41
3489.1	2743.41
3489.51	2670.41
3489.91	2644.41
3490.32	2691.41
3490.73	2818.41
3491.14	2764.41
3491.55	2676.41
3491.96	2732.41
3492.37	2807.41
3492.78	2754.41
3493.18	2805.41
3493.59	2791.41
3494	2701.41
3494.41	2810.41
3494.82	2728.41
3495.23	2632.41
3495.63	2757.41
3496.04	2629.41
3496.45	2773.41
3496.86	2856.41
3497.27	2755.41
3497.68	2817.41
3498.08	2796.41
3498.49	2832.41
3498.9	2735.41
3499.31	2749.41
3499.72	2847.41
3500.12	2849.41
3500.53	2812.41
3500.94	2888.41
3501.35	2898.41
3501.76	2918.41
3502.16	2948.41
3502.57	2917.41
3502.98	2905.41
3503.39	2916.41
3503.8	2962.41
3504.2	2918.41
3504.61	2930.41
3505.02	2954.41
3505.42	2990.41
3505.83	2938.41
3506.24	2977.41
3506.65	3014.41
3507.05	2983.41
3507.46	3046.41
3507.87	3010.41
3508.28	3074.41
3508.68	3092.41
3509.09	2939.41
3509.5	2999.41
3509.9	3054.41
3510.31	3056.41
3510.72	3085.41
3511.13	3102.41
3511.53	3095.41
3511.94	2967.41
3512.35	2963.41
3512.75	2890.41
3513.16	2770.41
3513.57	2781.41
3513.97	2822.41
3514.38	2800.41
3514.79	2874.41
3515.19	2907.41
3515.6	2907.41
3516.01	3001.41
3516.41	3022.41
3516.82	3051.41
3517.23	3030.41
3517.63	2950.41
3518.04	3014.41
3518.44	3021.41
3518.85	3059.41
3519.26	3123.41
3519.66	3199.41
3520.07	3057.41
3520.48	3211.41
3520.88	3180.41
3521.29	3125.41
3521.69	3124.41
3522.1	3075.41
3522.51	3070.41
3522.91	3052.41
3523.32	2882.41
3523.72	3187.41
3524.13	3144.41
3524.53	3231.41
3524.94	3237.41
3525.35	3254.41
3525.75	3298.41
3526.16	3336.41
3526.56	3176.41
3526.97	3208.41
3527.37	3126.41
3527.78	3166.41
3528.18	3184.41
3528.59	3147.41
3528.99	3210.41
3529.4	3243.41
3529.81	3326.41
3530.21	3290.41
3530.62	3283.41
3531.02	3295.41
3531.43	3270.41
3531.83	3197.41
3532.24	3271.41
3532.64	3318.41
3533.05	3256.41
3533.45	3253.41
3533.86	3300.41
3534.26	3303.41
3534.67	3382.41
3535.07	3310.41
3535.47	3327.41
3535.88	3432.41
3536.28	3314.41
3536.69	3332.41
3537.09	3314.41
3537.5	3394.41
3537.9	3404.41
3538.31	3324.41
3538.71	3394.41
3539.12	3464.41
3539.52	3376.41
3539.93	3430.41
3540.33	3362.41
3540.73	3408.41
3541.14	3366.41
3541.54	3340.41
3541.95	3336.41
3542.35	3307.41
3542.75	3370.41
3543.16	3355.41
3543.56	3436.41
3543.97	3402.41
3544.37	3454.41
3544.78	3407.41
3545.18	3361.41
3545.58	3330.41
3545.99	3288.41
3546.39	3357.41
3546.79	3332.41
3547.2	3345.41
3547.6	3408.41
3548	3422.41
3548.41	3481.41
3548.81	3389.41
3549.22	3474.41
3549.62	3408.41
3550.02	3515.41
3550.42	3396.41
3550.83	3402.41
3551.23	3356.41
3551.64	3342.41
3552.04	3413.41
3552.44	3330.41
3552.85	3468.41
3553.25	3500.41
3553.65	3456.41
3554.05	3475.41
3554.46	3397.41
3554.86	3463.41
3555.26	3382.41
3555.67	3407.41
3556.07	3415.41
3556.47	3440.41
3556.87	3481.41
3557.28	3405.41
3557.68	3534.41
3558.08	3515.41
3558.49	3470.41
3558.89	3447.41
3559.29	3476.41
3559.69	3494.41
3560.09	3450.41
3560.5	3442.41
3560.9	3458.41
3561.3	3504.41
3561.71	3418.41
3562.11	3385.41
3562.51	3481.41
3562.91	3388.41
3563.31	3461.41
3563.72	3418.41
3564.12	3382.41
3564.52	3374.41
3564.92	3474.41
3565.32	3326.41
3565.73	3377.41
3566.13	3480.41
3566.53	3356.41
3566.93	3462.41
3567.33	3418.41
3567.74	3492.41
3568.14	3453.41
3568.54	3504.41
3568.94	3410.41
3569.34	3516.41
3569.74	3389.41
3570.15	3418.41
3570.55	3290.41
3570.95	3347.41
3571.35	3355.41
3571.75	3397.41
3572.15	3373.41
3572.56	3425.41
3572.96	3326.41
3573.36	3394.41
3573.76	3234.41
3574.16	3386.41
3574.56	3355.41
3574.96	3358.41
3575.36	3324.41
3575.76	3356.41
3576.17	3383.41
3576.57	3357.41
3576.97	3432.41
3577.37	3336.41
3577.77	3384.41
3578.17	3298.41
3578.57	3360.41
3578.97	3328.41
3579.37	3252.41
3579.77	3320.41
3580.17	3354.41
3580.57	3288.41
3580.97	3281.41
3581.37	3416.41
3581.78	3295.41
3582.18	3336.41
3582.58	3351.41
3582.98	3308.41
3583.38	3275.41
3583.78	3219.41
3584.18	3192.41
3584.58	3280.41
3584.98	3276.41
3585.38	3285.41
3585.78	3258.41
3586.18	3261.41
3586.58	3236.41
3586.98	3290.41
3587.38	3272.41
3587.78	3101.41
3588.18	3129.41
3588.58	3138.41
3588.98	3118.41
3589.38	3099.41
3589.78	3145.41
3590.18	3211.41
3590.58	3142.41
3590.98	3182.41
3591.38	3083.41
3591.78	3059.41
3592.18	3106.41
3592.58	3063.41
3592.98	3054.41
3593.37	3133.41
3593.77	3068.41
3594.17	3033.41
3594.57	3037.41
3594.97	2993.41
3595.37	2963.41
3595.77	3048.41
3596.17	3052.41
3596.57	2904.41
3596.97	2899.41
3597.37	2943.41
3597.77	2925.41
3598.17	2909.41
3598.57	2973.41
3598.96	3035.41
3599.36	3019.41
3599.76	2949.41
3600.16	2920.41
3600.56	2882.41
3600.96	2877.41
3601.36	2909.41
3601.75	2816.41
3602.15	2766.41
3602.55	2850.41
3602.95	2794.41
3603.35	2713.41
3603.75	2826.41
3604.15	2733.41
3604.55	2716.41
3604.94	2714.41
3605.34	2793.41
3605.74	2720.41
3606.14	2767.41
3606.54	2698.41
3606.94	2703.41
3607.33	2674.41
3607.73	2601.41
3608.13	2533.41
3608.53	2556.41
3608.93	2466.41
3609.32	2403.41
3609.72	2439.41
3610.12	2514.41
3610.52	2458.41
3610.92	2566.41
3611.31	2517.41
3611.71	2621.41
3612.11	2557.41
3612.51	2542.41
3612.9	2558.41
3613.3	2568.41
3613.7	2558.41
3614.1	2586.41
3614.5	2619.41
3614.89	2488.41
3615.29	2497.41
3615.69	2505.41
3616.08	2480.41
3616.48	2498.41
3616.88	2509.41
3617.28	2564.41
3617.67	2564.41
3618.07	2530.41
3618.47	2588.41
3618.86	2463.41
3619.26	2452.41
3619.66	2449.41
3620.06	2476.41
3620.45	2443.41
3620.85	2441.41
3621.25	2407.41
3621.64	2382.41
3622.04	2422.41
3622.44	2348.41
3622.83	2436.41
3623.23	2447.41
3623.63	2438.41
3624.02	2452.41
3624.42	2366.41
3624.82	2392.41
3625.21	2346.41
3625.61	2352.41
3626.01	2338.41
3626.4	2273.41
3626.8	2279.41
3627.2	2251.41
3627.59	2263.41
3627.99	2296.41
3628.38	2310.41
3628.78	2349.41
3629.18	2319.41
3629.57	2302.41
3629.97	2254.41
3630.37	2212.41
3630.76	2183.41
3631.16	2277.41
3631.55	2265.41
3631.95	2223.41
3632.35	2253.41
3632.74	2250.41
3633.14	2244.41
3633.53	2187.41
3633.93	2202.41
3634.32	2198.41
3634.72	2192.41
3635.12	2168.41
3635.51	2149.41
3635.91	2149.41
3636.3	2161.41
3636.7	2162.41
3637.09	2151.41
3637.49	2150.41
3637.88	2076.41
3638.28	2149.41
3638.67	2135.41
3639.07	2090.41
3639.47	2086.41
3639.86	2032.41
3640.26	2102.41
3640.65	2040.41
3641.05	1987.41
3641.44	2027.41
3641.84	2014.41
3642.23	1989.41
3642.63	1981.41
3643.02	2005.41
3643.42	1988.41
3643.81	2001.41
3644.21	1983.41
3644.6	1942.41
3644.99	1931.41
3645.39	1972.41
3645.78	1910.41
3646.18	1927.41
3646.57	1910.41
3646.97	1932.41
3647.36	1930.41
3647.76	1898.41
3648.15	1832.41
3648.55	1846.41
3648.94	1868.41
3649.33	1826.41
3649.73	1874.41
3650.12	1826.41
3650.52	1841.41
3650.91	1795.41
3651.31	1855.41
3651.7	1816.41
3652.09	1798.41
3652.49	1765.41
3652.88	1799.41
3653.28	1760.41
3653.67	1749.41
3654.06	1716.41
3654.46	1696.41
3654.85	1642.41
3655.24	1732.41
3655.64	1723.41
3656.03	1672.41
3656.43	1707.41
3656.82	1603.41
3657.21	1670.41
3657.61	1639.41
3658	1619.41
3658.39	1549.41
3658.79	1614.41
3659.18	1589.41
3659.57	1553.41
3659.97	1507.41
3660.36	1521.41
3660.75	1523.41
3661.15	1543.41
3661.54	1531.41
3661.93	1573.41
3662.33	1470.41
3662.72	1478.41
3663.11	1531.41
3663.51	1473.41
3663.9	1452.41
3664.29	1474.41
3664.68	1508.41
3665.08	1469.41
3665.47	1495.41
3665.86	1461.41
3666.26	1474.41
3666.65	1450.41
3667.04	1357.67
3667.43	1396.47
3667.83	1386.96
3668.22	1359.83
3668.61	1394.2
3669	1370.98
3669.4	1321.85
3669.79	1395.6
3670.18	1404.39
3670.57	1336.98
3670.97	1364.25
3671.36	1372.85
3671.75	1328.38
3672.14	1350.63
3672.54	1323.93
3672.93	1295.86
3673.32	1333.14
3673.71	1301.46
3674.1	1297.75
3674.5	1316.97
3674.89	1250
3675.28	1241.39
3675.67	1230.38
3676.06	1226.47
3676.46	1209.66
3676.85	1231.81
3677.24	1216
3677.63	1142.28
3678.02	1203.57
3678.41	1166.29
3678.81	1204.41
3679.2	1154.76
3679.59	1181.91
3679.98	1131.78
3680.37	1142.06
3680.76	1142.58
3681.16	1148.58
3681.55	1155.93
3681.94	1106.13
3682.33	1126.4
3682.72	1079.53
3683.11	1107.41
3683.5	1124.17
3683.89	1102.02
3684.28	1108.49
3684.68	1100.52
3685.07	1092.04
3685.46	1094.56
3685.85	1089.57
3686.24	1072.72
3686.63	1056.88
3687.02	1054.96
3687.41	1036.01
3687.8	1056.22
3688.19	1057.34
3688.58	1012.12
3688.98	1052
3689.37	1013.49
3689.76	1031.53
3690.15	1050.09
3690.54	1025.16
3690.93	1047.56
3691.32	1028.42
3691.71	1011.77
3692.1	1035.78
3692.49	980.758
3692.88	1007.71
3693.27	992.894
3693.66	1048.46
3694.05	983.974
3694.44	990.788
3694.83	957.665
3695.22	1005.77
3695.61	985.975
3696	1014.31
3696.39	994.311
3696.78	1006.99
3697.17	981.853
3697.56	946.761
3697.95	970.706
3698.34	990.024
3698.73	942.339
3699.12	972.224
3699.51	929.557
3699.9	945.52
3700.29	986.266
3700.68	952.923
3701.07	980.525
3701.46	950.402
3701.85	969.502
3702.24	935.706
3702.63	933.926
3703.02	935.548
3703.41	931.793
3703.79	925.275
3704.18	962.538
3704.57	941.091
3704.96	933.327
3705.35	921.301
3705.74	891.003
3706.13	948.736
3706.52	924.973
3706.91	919.459
3707.3	913.226
3707.69	944.807
3708.07	917.131
3708.46	874.891
3708.85	881.259
3709.24	864.493
3709.63	874.925
3710.02	872.444
3710.41	890.901
3710.8	868.971
3711.18	874.788
3711.57	891.386
3711.96	888.267
3712.35	916.382
3712.74	875.123
3713.13	874.955
3713.51	877.608
3713.9	879.976
3714.29	889.11
3714.68	895.305
3715.07	887.01
3715.46	895.262
3715.85	894.166
3716.23	878.63
3716.62	874.261
3717.01	858.655
3717.4	857.863
3717.78	881.171
3718.17	844.725
3718.56	861.67
3718.95	838.47
3719.34	866.234
3719.72	865.095
3720.11	840.662
3720.5	926.678
3720.89	875.99
3721.28	872.933
3721.66	868.742
3722.05	872.701
3722.44	861.35
3722.83	886.437
3723.21	876.731
3723.6	877.677
3723.99	862.115
3724.38	880.088
3724.76	889.972
3725.15	864.881
3725.54	891.746
3725.93	833.566
3726.31	850.944
3726.7	853.461
3727.09	876.223
3727.47	859.921
3727.86	861.926
3728.25	857.548
3728.63	848.879
3729.02	852.698
3729.41	853.89
3729.8	869.58
3730.18	847.175
3730.57	867.036
3730.96	850.247
3731.34	851.72
3731.73	838.051
3732.12	870.123
3732.5	872.213
3732.89	839.756
3733.28	852.707
3733.66	819.05
3734.05	849.13
3734.44	852.029
3734.82	847.51
3735.21	853.594
3735.6	857.139
3735.98	848.344
3736.37	867.862
3736.75	863.156
3737.14	869.622
3737.53	860.542
3737.91	837.191
3738.3	876.479
3738.68	848.341
3739.07	852.734
3739.46	867.12
3739.84	828.465
3740.23	854.857
3740.61	842.52
3741	827.426
3741.39	852.077
3741.77	836.812
3742.16	811.812
3742.54	873.59
3742.93	844.584
3743.32	814.309
3743.7	887.735
3744.09	868.236
3744.47	847.53
3744.86	857.571
3745.24	817.93
3745.63	847.512
3746.01	844.253
3746.4	853.798
3746.78	825.249
3747.17	805.2
3747.56	815.394
3747.94	842.809
3748.33	831.154
3748.71	840.667
3749.09	839.411
3749.48	811.62
3749.86	824.039
3750.25	863.662
3750.64	811.06
3751.02	830.51
3751.41	800.001
3751.79	868.098
3752.17	832.394
3752.56	855.287
3752.94	849.801
3753.33	862.353
3753.71	855.766
3754.1	856.232
3754.48	834.62
3754.87	837.385
3755.25	843.57
3755.64	851.299
3756.02	838.59
3756.41	841.135
3756.79	849.679
3757.17	886.069
3757.56	848.544
3757.94	854.279
3758.33	826.84
3758.71	811.423
3759.1	809.263
3759.48	918.354
3759.86	825.613
3760.25	828.742
3760.63	836.734
3761.02	834.929
3761.4	885.141
3761.78	795.944
3762.17	876.527
3762.55	878.309
3762.93	856.8
3763.32	833.625
3763.7	828.811
3764.09	835.254
3764.47	814.269
3764.85	855.08
3765.24	810.737
3765.62	791.916
3766	813.044
3766.39	820.999
3766.77	815.83
3767.16	821.863
3767.25	810.863
3767.64	843.863
3768.03	837.863
3768.42	839.863
3768.81	787.863
3769.2	773.863
3769.59	835.863
3769.98	840.863
3770.37	876.863
3770.77	888.863
3771.15	896.863
3771.55	912.863
3771.94	860.863
3772.32	851.863
3772.72	792.863
3773.1	808.863
3773.5	872.863
3773.88	808.863
3774.28	866.863
3774.66	818.863
3775.05	845.863
3775.44	808.863
3775.83	794.863
3776.22	846.863
3776.61	810.863
3777	856.863
3777.39	826.863
3777.78	817.863
3778.17	816.863
3778.56	802.863
3778.95	810.863
3779.34	782.863
3779.73	794.863
3780.12	783.863
3780.51	824.863
3780.9	824.863
3781.29	839.863
3781.68	830.863
3782.06	837.863
3782.45	846.863
3782.84	862.863
3783.23	835.863
3783.62	840.863
3784.01	841.863
3784.4	850.863
3784.79	863.863
3785.18	845.863
3785.56	844.863
3785.95	825.863
3786.34	900.863
3786.73	831.863
3787.12	867.863
3787.51	792.863
3787.9	830.863
3788.29	843.863
3788.67	869.863
3789.06	844.863
3789.45	858.863
3789.84	806.863
3790.23	845.863
3790.62	811.863
3791.01	826.863
3791.39	833.863
3791.78	829.863
3792.17	848.863
3792.56	834.863
3792.95	835.863
3793.34	825.863
3793.72	842.863
3794.11	840.863
3794.5	858.863
3794.89	887.863
3795.27	853.863
3795.66	813.863
3796.05	841.863
3796.44	833.863
3796.83	841.863
3797.21	802.863
3797.6	835.863
3797.99	801.863
3798.38	866.863
3798.76	815.863
3799.15	834.863
3799.54	811.863
3799.93	829.863
3800.31	855.863
3800.7	828.863
3801.09	851.863
3801.48	809.863
3801.86	812.863
3802.25	834.863
3802.64	885.863
3803.03	841.863
3803.41	832.863
3803.8	863.863
3804.19	854.863
3804.57	879.863
3804.96	864.863
3805.35	888.863
3805.74	866.863
3806.12	839.863
3806.51	867.863
3806.9	874.863
3807.28	878.863
3807.67	855.863
3808.06	896.863
3808.44	865.863
3808.83	819.863
3809.22	839.863
3809.6	905.863
3809.99	903.863
3810.38	852.863
3810.76	885.863
3811.15	864.863
3811.54	865.863
3811.92	897.863
3812.31	884.863
3812.7	842.863
3813.08	846.863
3813.47	837.863
3813.86	821.863
3814.24	811.863
3814.63	771.863
3815.01	826.863
3815.4	804.863
3815.79	801.863
3816.17	793.863
3816.56	807.863
3816.94	815.863
3817.33	839.863
3817.72	834.863
3818.1	810.863
3818.49	811.863
3818.87	830.863
3819.26	801.863
3819.65	865.863
3820.03	881.863
3820.42	805.863
3820.8	850.863
3821.19	860.863
3821.57	885.863
3821.96	868.863
3822.35	782.863
3822.73	847.863
3823.12	858.863
3823.5	825.863
3823.89	836.863
3824.27	844.863
3824.66	847.863
3825.04	850.863
3825.43	861.863
3825.81	862.863
3826.2	893.863
3826.58	849.863
3826.97	888.863
3827.35	868.863
3827.74	871.863
3828.12	841.863
3828.51	853.863
3828.89	846.863
3829.28	843.863
3829.66	870.863
3830.05	860.863
3830.43	850.863
3830.82	852.863
3831.2	856.863
3831.59	860.863
3831.97	892.863
3832.36	865.863
3832.74	797.863
3833.12	870.863
3833.51	856.863
3833.89	884.863
3834.28	852.863
3834.66	881.863
3835.05	869.863
3835.43	884.863
3835.82	870.863
3836.2	894.863
3836.58	862.863
3836.97	893.863
3837.35	914.863
3837.74	840.863
3838.12	945.863
3838.51	914.863
3838.89	874.863
3839.27	855.863
3839.66	798.863
3840.04	893.863
3840.43	873.863
3840.81	868.863
3841.19	850.863
3841.58	884.863
3841.96	849.863
3842.34	840.863
3842.73	834.863
3843.11	896.863
3843.49	854.863
3843.88	840.863
3844.26	909.863
3844.65	852.863
3845.03	855.863
3845.41	848.863
3845.8	852.863
3846.18	902.863
3846.56	876.863
3846.95	894.863
3847.33	865.863
3847.71	865.863
3848.1	855.863
3848.48	905.863
3848.86	883.863
3849.24	915.863
3849.63	840.863
3850.01	879.863
3850.39	881.863
3850.78	855.863
3851.16	875.863
3851.54	897.863
3851.92	891.863
3852.31	925.863
3852.69	932.863
3853.07	892.863
3853.46	869.863
3853.84	867.863
3854.22	884.863
3854.6	860.863
3854.99	886.863
3855.37	886.863
3855.75	868.863
3856.13	879.863
3856.52	889.863
3856.9	863.863
3857.28	906.863
3857.66	834.863
3858.05	879.863
3858.43	882.863
3858.81	914.863
3859.19	843.863
3859.57	890.863
3859.96	900.863
3860.34	883.863
3860.72	896.863
3861.1	947.863
3861.48	926.863
3861.87	860.863
3862.25	917.863
3862.63	878.863
3863.01	864.863
3863.39	882.863
3863.78	891.863
3864.16	905.863
3864.54	943.863
3864.92	882.863
3865.3	889.863
3865.68	916.863
3866.07	880.863
3866.45	899.863
3866.83	900.863
3867.21	887.863
3867.59	936.863
3867.97	872.863
3868.35	897.863
3868.74	914.863
3869.12	876.863
3869.5	849.863
3869.88	892.863
3870.26	904.863
3870.64	938.863
3871.02	863.863
3871.4	923.863
3871.79	874.863
3872.17	868.863
3872.55	872.863
3872.93	887.863
3873.31	934.863
3873.69	903.863
3874.07	859.863
3874.45	889.863
3874.83	935.863
3875.21	878.863
3875.59	892.863
3875.97	884.863
3876.36	921.863
3876.74	890.863
3877.12	909.863
3877.5	888.863
3877.88	886.863
3878.26	876.863
3878.64	852.863
3879.02	911.863
3879.4	908.863
3879.78	887.863
3880.16	930.863
3880.54	897.863
3880.92	896.863
3881.3	851.863
3881.68	847.863
3882.06	882.863
3882.44	904.863
3882.82	892.863
3883.2	898.863
3883.58	915.863
3883.96	903.863
3884.34	930.863
3884.72	907.863
3885.1	941.863
3885.48	927.863
3885.86	886.863
3886.24	896.863
3886.62	892.863
3887	928.863
3887.38	923.863
3887.76	868.863
3888.14	906.863
3888.52	906.863
3888.9	922.863
3889.28	884.863
3889.66	925.863
3890.03	887.863
3890.41	900.863
3890.79	882.863
3891.17	896.863
3891.55	895.863
3891.93	901.863
3892.31	935.863
3892.69	933.863
3893.07	944.863
3893.45	887.863
3893.83	832.863
3894.21	947.863
3894.58	897.863
3894.96	892.863
3895.34	954.863
3895.72	891.863
3896.1	888.863
3896.48	905.863
3896.86	906.863
3897.24	904.863
3897.61	935.863
3897.99	962.863
3898.37	901.863
3898.75	904.863
3899.13	934.863
3899.51	902.863
3899.89	922.863
3900.26	932.863
3900.64	911.863
3901.02	964.863
3901.4	899.863
3901.78	943.863
3902.16	938.863
3902.53	884.863
3902.91	952.863
3903.29	943.863
3903.67	895.863
3904.05	895.863
3904.42	904.863
3904.8	873.863
3905.18	840.863
3905.56	899.863
3905.94	890.863
3906.31	863.863
3906.69	866.863
3907.07	866.863
3907.45	910.863
3907.83	877.863
3908.2	856.863
3908.58	936.863
3908.96	893.863
3909.34	883.863
3909.71	910.863
3910.09	945.863
3910.47	914.863
3910.85	917.863
3911.22	917.863
3911.6	927.863
3911.98	908.863
3912.36	892.863
3912.73	947.863
3913.11	927.863
3913.49	926.863
3913.87	901.863
3914.24	928.863
3914.62	929.863
3915	907.863
3915.37	873.863
3915.75	894.863
3916.13	947.863
3916.5	921.863
3916.88	946.863
3917.26	911.863
3917.64	952.863
3918.01	893.863
3918.39	909.863
3918.77	893.863
3919.14	913.863
3919.52	907.863
3919.9	919.863
3920.27	899.863
3920.65	908.863
3921.03	927.863
3921.4	921.863
3921.78	927.863
3922.16	910.863
3922.53	887.863
3922.91	915.863
3923.29	877.863
3923.66	889.863
3924.04	901.863
3924.41	928.863
3924.79	970.863
3925.17	939.863
3925.54	911.863
3925.92	939.863
3926.29	926.863
3926.67	939.863
3927.05	939.863
3927.42	944.863
3927.8	944.863
3928.17	933.863
3928.55	889.863
3928.93	928.863
3929.3	946.863
3929.68	954.863
3930.05	924.863
3930.43	918.863
3930.8	962.863
3931.18	865.863
3931.56	937.863
3931.93	925.863
3932.31	917.863
3932.68	929.863
3933.06	914.863
3933.43	883.863
3933.81	908.863
3934.18	936.863
3934.56	921.863
3934.93	929.863
3935.31	929.863
3935.69	961.863
3936.06	932.863
3936.44	936.863
3936.81	924.863
3937.19	951.863
3937.56	916.863
3937.94	979.863
3938.31	882.863
3938.69	938.863
3939.06	940.863
3939.44	920.863
3939.81	951.863
3940.19	963.863
3940.56	971.863
3940.93	945.863
3941.31	915.863
3941.68	914.863
3942.06	912.863
3942.43	941.863
3942.81	904.863
3943.18	939.863
3943.56	921.863
3943.93	930.863
3944.31	956.863
3944.68	960.863
3945.05	938.863
3945.43	939.863
3945.8	950.863
3946.18	939.863
3946.55	961.863
3946.93	928.863
3947.3	931.863
3947.67	942.863
3948.05	895.863
3948.42	951.863
3948.8	939.863
3949.17	939.863
3949.54	901.863
3949.92	949.863
3950.29	957.863
3950.67	863.863
3951.04	982.863
3951.41	929.863
3951.79	967.863
3952.16	880.863
3952.53	911.863
3952.91	966.863
3953.28	946.863
3953.66	922.863
3954.03	928.863
3954.4	925.863
3954.78	894.863
3955.15	1005.86
3955.52	905.863
3955.9	969.863
3956.27	944.863
3956.64	947.863
3957.02	892.863
3957.39	907.863
3957.76	896.863
3958.14	918.863
3958.51	950.863
3958.88	920.863
3959.25	970.863
3959.63	937.863
3960	949.863
3960.37	994.863
3960.75	931.863
3961.12	951.863
3961.49	923.863
3961.87	956.863
3962.24	928.863
3962.61	923.863
3962.98	920.863
3963.36	934.863
3963.73	883.863
3964.1	953.863
3964.47	1004.86
3964.85	941.863
3965.22	968.863
3965.59	943.863
3965.96	966.863
3966.34	938.863
3966.71	898.863
3967.08	904.863
3967.45	936.863
3967.83	896.863
3968.2	930.863
3968.57	977.863
3968.94	947.863
3969.31	943.863
3969.69	1011.86
3970.06	910.863
3970.43	939.863
3970.8	907.863
3971.17	924.863
3971.55	955.863
3971.92	901.863
3972.29	956.863
3972.66	974.863
3973.03	952.863
3973.41	925.863
3973.78	965.863
3974.15	961.863
3974.52	920.863
3974.89	951.863
3975.26	950.863
3975.63	941.863
3976.01	940.863
3976.38	952.863
3976.75	934.863
3977.12	922.863
3977.49	939.863
3977.86	978.863
3978.24	952.863
3978.61	983.863
3978.98	962.863
3979.35	936.863
3979.72	941.863
3980.09	910.863
3980.46	915.863
3980.83	913.863
3981.21	987.863
3981.58	959.863
3981.95	937.863
3982.32	932.863
3982.69	964.863
3983.06	971.863
3983.43	944.863
3983.8	933.863
3984.17	983.863
3984.54	1031.86
3984.91	974.863
3985.28	937.863
3985.65	939.863
3986.03	888.863
3986.4	946.863
3986.77	951.863
3987.14	910.863
3987.51	947.863
3987.88	901.863
3988.25	909.863
3988.62	961.863
3988.99	930.863
3989.36	973.863
3989.73	938.863
3990.1	963.863
3990.47	956.863
3990.84	959.863
3991.21	991.863
3991.58	964.863
3991.95	956.863
3992.32	990.863
3992.69	1024.86
3993.06	931.863
3993.43	912.863
3993.8	979.863
3994.17	957.863
3994.54	968.863
3994.91	977.863
3995.28	973.863
3995.65	924.863
3996.02	969.863
3996.39	956.863
3996.76	988.863
3997.13	931.863
3997.5	943.863
3997.87	941.863
3998.24	936.863
3998.61	936.863
3998.98	961.863
3999.34	962.863
3999.71	942.863
4000.08	961.863
