19.7123	2320.73
20.3887	2760.73
21.0651	3389.73
21.7414	3947.73
22.4176	4401.73
23.0939	4578.73
23.77	4658.73
24.4462	4756.73
25.1222	4706.73
25.7983	4813.73
26.4742	4894.73
27.1502	5006.73
27.8261	5144.73
28.5019	5067.73
29.1777	5213.73
29.8534	5290.73
30.5291	5492.73
31.2048	5649.73
31.8804	5666.73
32.5559	5774.73
33.2314	5848.73
33.9069	5923.73
34.5823	5958.73
35.2577	6163.73
35.933	6265.73
36.6083	6314.73
37.2835	6311.73
37.9587	6489.73
38.6338	6608.73
39.3066	6713.73
39.9817	6844.73
40.6566	6929.73
41.3316	6952.73
42.0065	6990.73
42.6813	7006.73
43.3539	7064.73
44.0286	6964.73
44.7033	7120.73
45.378	7232.73
46.0526	7240.73
46.7249	7316.73
47.3994	7232.73
48.0739	7338.73
48.7483	7374.73
49.4204	7321.73
50.0947	7378.73
50.769	7301.73
51.4433	7343.73
52.1152	7539.73
52.7893	7480.73
53.4634	7492.73
54.1352	7501.73
54.8092	7352.73
55.4831	7515.73
56.1548	7447.73
56.8286	7477.73
57.5024	7405.73
58.1739	7552.73
58.8477	7568.73
59.5213	7480.73
60.1927	7379.73
60.8663	7477.73
61.5375	7467.73
62.211	7604.73
62.8845	7664.73
63.5556	7650.73
64.2289	7664.73
64.8999	7401.73
65.5732	7395.73
66.2441	7396.73
66.9173	7390.73
67.5881	7360.73
68.2612	7447.73
68.9319	7384.73
69.6049	7472.73
70.2755	7390.73
70.9484	7360.73
71.619	7397.73
72.2918	7370.73
72.9622	7284.73
73.6349	7274.73
74.3053	7221.73
74.9756	7288.73
75.6482	7302.73
76.3184	7238.73
76.9909	7289.73
77.661	7342.73
78.3311	7270.73
79.0034	7216.73
79.6734	7276.73
80.3433	7088.73
81.0155	7113.73
81.6854	7153.73
82.3552	7267.73
83.0272	7088.73
83.6969	7154.73
84.3666	6960.73
85.0385	7132.73
85.7081	7111.73
86.3776	7277.73
87.0471	7106.73
87.7188	7090.98
88.3882	7090.98
89.0575	7090.98
89.7268	7016.73
90.3961	6988.98
91.0676	6988.98
91.7367	6988.98
92.4059	6970.48
93.0749	6961.23
93.7439	6951.98
94.4152	6933.23
95.0841	6996.73
95.753	7003.73
96.4218	6798.73
97.0906	6807.73
97.7594	6930.73
98.4281	6910.73
99.0967	6767.73
99.7676	6816.73
100.436	6857.73
101.105	6867.73
101.773	6946.73
102.442	6858.73
103.11	6781.73
103.778	6836.73
104.447	6722.73
105.115	6786.73
105.783	6753.73
106.451	6800.73
107.119	6616.73
107.787	6657.73
108.455	6668.73
109.123	6845.73
109.791	6831.73
110.459	6725.73
111.127	6629.73
111.795	6610.73
112.462	6509.73
113.13	6685.73
113.795	6651.73
114.463	6520.73
115.13	6608.73
115.798	6501.73
116.465	6486.73
117.133	6540.73
117.8	6471.73
118.467	6496.73
119.132	6473.73
119.8	6374.73
120.467	6421.73
121.134	6398.73
121.801	6248.73
122.466	6339.73
123.133	6357.73
123.8	6322.73
124.467	6282.73
125.133	6281.73
125.798	6078.73
126.465	6054.73
127.131	6069.73
127.796	6127.73
128.462	6147.73
129.129	6238.73
129.796	6144.73
130.46	6088.73
131.126	5988.73
131.793	5982.73
132.457	6108.73
133.123	6152.73
133.789	6203.73
134.453	6149.73
135.119	6016.73
135.783	5945.73
136.449	5956.73
137.115	5872.73
137.779	5992.73
138.445	5916.73
139.108	6032.73
139.774	5930.73
140.438	5895.73
141.104	5933.73
141.769	5922.73
142.433	5984.73
143.098	5822.73
143.762	5769.73
144.427	5778.73
145.09	5677.73
145.756	5730.73
146.419	5627.73
147.084	5694.73
147.747	5692.73
148.41	5682.73
149.075	5652.73
149.738	5549.73
150.403	5643.73
151.066	5712.73
151.731	5693.73
152.394	5637.73
153.056	5650.73
153.721	5507.73
154.384	5259.73
155.046	5442.73
155.711	5518.73
156.374	5441.73
157.036	5558.73
157.701	5372.73
158.363	5423.73
159.025	5278.73
159.69	5386.73
160.352	5370.73
161.014	5407.73
161.676	5499.73
162.34	5425.73
163.002	5484.73
163.664	5396.73
164.326	5422.73
164.99	5495.73
165.652	5434.73
166.314	5504.73
166.975	5463.73
167.637	5420.73
168.301	5467.73
168.962	5441.73
169.624	5430.73
170.285	5367.73
170.947	5400.73
171.608	5391.73
172.272	5340.73
172.933	5345.73
173.594	5322.73
174.255	5385.73
174.917	5351.73
175.578	5312.73
176.239	5268.73
176.9	5307.73
177.561	5312.73
178.222	5249.73
178.882	5289.73
179.543	5229.73
180.204	5275.73
180.865	5279.73
181.526	5246.73
182.186	5278.73
182.847	5264.73
183.507	5139.73
184.168	5320.73
184.828	5184.73
185.489	5072.73
186.149	5121.73
186.809	5077.73
187.47	5157.73
188.13	5031.73
188.79	5238.73
189.45	5235.73
190.11	5240.73
190.768	5097.73
191.428	5250.73
192.088	5262.73
192.748	5306.73
193.408	5352.73
194.068	5190.73
194.728	5204.73
195.385	5207.73
196.045	5314.73
196.705	5314.73
197.364	5283.73
198.021	5228.73
198.681	5140.73
199.34	5119.73
200	5205.73
200.657	5164.73
201.316	5177.73
201.976	5091.73
202.635	5193.73
203.292	5160.73
203.951	5134.73
204.61	5181.73
205.267	5085.73
205.926	5204.73
206.585	5115.73
207.242	5080.73
207.9	5020.73
208.559	4973.73
209.216	4942.73
209.875	5014.73
210.533	5005.73
211.19	5039.73
211.848	5036.73
212.505	5170.73
213.163	5124.73
213.819	5090.73
214.478	5048.73
215.134	5218.73
215.792	5090.73
216.451	5248.73
217.107	5240.73
217.765	5040.73
218.421	5144.73
219.079	5142.73
219.735	5174.73
220.391	5115.73
221.049	5190.73
221.704	5060.73
222.362	5220.73
223.018	5178.73
223.675	5298.73
224.331	5168.73
224.989	5307.73
225.644	5309.73
226.3	5201.73
226.957	5178.73
227.612	5080.73
228.268	5130.73
228.925	4870.73
229.58	4878.73
230.235	5015.73
230.893	5124.73
231.548	5246.73
232.203	5158.73
232.86	5135.73
233.515	5184.73
234.17	5251.73
234.827	5331.73
235.481	5312.73
236.136	5167.73
236.791	5208.73
237.448	5140.73
238.102	5139.73
238.757	5272.73
239.411	5215.73
240.066	5260.73
240.722	5312.73
241.377	5163.73
242.031	5187.73
242.685	5408.73
243.339	5312.73
243.993	5242.73
244.648	5244.73
245.304	5031.73
245.958	5322.73
246.612	5319.73
247.266	5401.73
247.92	5225.73
248.574	5364.73
249.227	5405.73
249.881	5620.73
250.535	5309.73
251.189	5426.73
251.842	5467.73
252.496	5435.73
253.149	5420.73
253.803	5420.73
254.456	5535.73
255.11	5446.73
255.763	5516.73
256.416	5433.73
257.07	5515.73
257.723	5544.73
258.376	5516.73
259.029	5450.73
259.682	5380.73
260.335	5524.73
260.988	5505.73
261.641	5314.73
262.294	5428.73
262.947	5419.73
263.598	5500.73
264.251	5356.73
264.903	5383.73
265.556	5468.73
266.209	5464.73
266.861	5482.73
267.512	5389.73
268.164	5376.73
268.817	5362.73
269.469	5374.73
270.121	5331.73
270.772	5356.73
271.424	5367.73
272.076	5353.73
272.728	5516.73
273.378	5462.73
274.03	5535.73
274.682	5464.73
275.332	5583.73
275.984	5498.73
276.636	5626.73
277.288	5582.73
277.938	5546.73
278.59	5556.73
279.239	5564.73
279.891	5669.73
280.542	5668.73
281.192	5664.73
281.843	5580.73
282.495	5448.73
283.144	5603.73
283.796	5523.73
284.445	5544.73
285.096	5461.73
285.745	5570.73
286.397	5707.73
287.048	5580.73
287.697	5682.73
288.348	5680.73
288.997	5562.73
289.648	5737.73
290.297	5804.73
290.948	5692.73
291.596	5632.73
292.247	5632.73
292.896	5520.73
293.544	5657.73
294.195	5683.73
294.844	5825.73
295.494	5762.73
296.143	5699.73
296.793	5658.73
297.441	5740.73
298.09	5666.73
298.74	5760.73
299.388	5746.73
300.036	5854.73
300.687	5828.73
301.335	5680.73
301.983	5688.73
302.633	5780.73
303.281	5874.73
303.929	5944.73
304.579	5934.73
305.227	5919.73
305.874	5724.73
306.522	5912.73
307.172	5762.73
307.819	5895.73
308.467	5779.73
309.114	5882.73
309.764	5975.73
310.412	5841.73
311.059	6012.73
311.706	5925.73
312.354	5932.73
313.003	6003.73
313.65	6002.73
314.297	5884.73
314.944	5971.73
315.592	5983.73
316.239	5922.73
316.886	6084.73
317.535	5966.73
318.182	5982.73
318.828	5953.73
319.475	5991.73
320.122	6074.73
320.769	5994.73
321.415	5982.73
322.062	6035.73
322.709	5917.73
323.355	6123.73
324.002	6028.73
324.648	6049.73
325.294	6169.73
325.941	6168.73
326.587	6194.73
327.233	6003.73
327.88	6248.73
328.526	6138.73
329.172	6107.73
329.818	6055.73
330.464	6183.73
331.11	6275.73
331.754	6167.73
332.4	6332.73
333.046	6264.73
333.692	6150.73
334.337	6317.73
334.983	6355.73
335.629	6178.73
336.275	6382.73
336.918	6192.73
337.564	6421.73
338.209	6253.73
338.855	6298.73
339.5	6387.73
340.143	6336.73
340.789	6453.73
341.434	6342.73
342.079	6381.73
342.722	6515.73
343.367	6435.73
344.012	6417.73
344.658	6528.73
345.3	6548.73
345.945	6584.73
346.59	6672.73
347.233	6598.73
347.878	6547.73
348.523	6465.73
349.165	6443.73
349.81	6596.73
350.455	6661.73
351.097	6772.73
351.742	6596.73
352.384	6647.73
353.029	6730.73
353.673	6590.73
354.315	6640.73
354.96	6816.73
355.602	6756.73
356.246	6776.73
356.888	6832.73
357.533	6837.73
358.175	6767.73
358.819	6788.73
359.461	6995.73
360.105	6836.73
360.746	6917.73
361.39	7003.73
362.032	6981.73
362.676	6901.73
363.318	6946.73
363.961	7006.73
364.603	6969.73
365.247	7090.73
365.888	6955.73
366.529	7092.73
367.173	6922.73
367.814	7183.73
368.456	7078.73
369.099	7106.73
369.74	7162.73
370.381	7184.73
371.025	7184.73
371.666	7157.73
372.307	7080.73
372.95	7205.73
373.591	7197.73
374.232	7129.73
374.875	7160.73
375.516	7135.73
376.156	7233.73
376.797	7424.73
377.44	7478.73
378.081	7381.73
378.721	7535.73
379.362	7434.73
380.002	7407.73
380.645	7393.73
381.285	7373.73
381.926	7488.73
382.566	7454.73
383.206	7605.73
383.847	7329.73
384.489	7415.73
385.129	7592.73
385.769	7696.73
386.409	7598.73
387.049	7714.73
387.689	7748.73
388.329	7662.73
388.969	7729.73
389.609	7694.73
390.249	7547.73
390.889	7708.73
391.528	7847.73
392.168	7837.73
392.81	7805.73
393.449	7902.73
394.089	7694.73
394.726	7760.73
395.366	7811.73
396.005	7763.73
396.645	7843.73
397.284	7898.73
397.923	7897.73
398.562	7808.73
399.202	7902.73
399.841	7894.73
400.48	7904.73
401.119	7854.73
401.758	7992.73
402.397	8006.73
403.034	7813.73
403.673	7802.73
404.311	7996.73
404.95	7995.73
405.589	8185.73
406.228	8104.73
406.864	8157.73
407.503	8133.73
408.142	8214.73
408.78	8235.73
409.419	8203.73
410.055	8236.73
410.693	8438.73
411.332	8401.73
411.968	8344.73
412.606	8372.73
413.244	8380.73
413.883	8412.73
414.519	8421.73
415.157	8448.73
415.795	8590.73
416.431	8340.73
417.069	8457.73
417.707	8541.73
418.342	8530.73
418.98	8484.73
419.616	8531.73
420.254	8584.73
420.891	8559.73
421.527	8319.73
422.165	8284.73
422.8	8304.73
423.438	8414.73
424.075	8660.73
424.71	8725.73
425.348	8711.73
425.983	8949.73
426.62	8734.73
427.256	9052.73
427.893	8960.73
428.528	9041.73
429.165	8852.73
429.8	9020.73
430.435	9056.73
431.072	9116.73
431.707	9072.73
432.344	9082.73
432.979	9098.73
433.615	9094.73
434.25	9170.73
434.885	9118.73
435.521	9293.73
436.156	9169.73
436.79	9184.73
437.427	9392.73
438.061	9415.73
438.696	9417.73
439.332	9593.73
439.967	9340.73
440.601	9388.73
441.237	9358.73
441.871	9563.73
442.505	9635.73
443.142	9703.73
443.776	9728.73
444.41	9647.73
445.044	9532.73
445.678	9608.73
446.314	9541.73
446.947	9741.73
447.581	9879.73
448.215	9781.73
448.849	9654.73
449.484	9796.73
450.118	9758.73
450.752	9578.73
451.385	9794.73
452.018	9846.73
452.652	10028.7
453.285	10082.7
453.921	10087.7
454.554	10002.7
455.187	9946.73
455.821	10118.7
456.454	10029.7
457.087	10203.7
457.72	10146.7
458.353	10272.7
458.986	10197.7
459.619	10112.7
460.252	10038.7
460.885	10206.7
461.518	10226.7
462.15	10260.7
462.783	10198.7
463.416	10228.7
464.048	10131.7
464.681	10210.7
465.314	10202.7
465.946	10199.7
466.579	10408.5
467.209	10428.5
467.841	10166.5
468.474	10216.7
469.106	10231.7
469.738	10275.7
470.371	10333.5
471.003	10511.7
471.633	10393.7
472.265	10336
472.897	10362.7
473.529	10469.5
474.161	10437.5
474.791	10557.7
475.423	10534.5
476.054	10410.7
476.686	10246.5
477.318	10381.7
477.948	10398.5
478.579	10342.2
479.211	10298.7
479.84	10536
480.472	10545.5
481.103	10573.5
481.733	10351.5
482.364	10285.7
482.996	10331.2
483.625	10352.2
484.256	10337
484.887	10395.7
485.516	10308
486.148	10319.2
486.779	10112.5
487.408	10102.7
488.039	10201.2
488.668	10133.2
489.298	10024
489.927	10089.7
490.558	9963.73
491.187	9982.73
491.818	9913.23
492.446	9829.73
493.077	9770.23
493.705	9743.48
494.336	9766.48
494.964	9540.48
495.595	9353.73
496.223	9453.73
496.854	9368.23
497.482	9229.98
498.112	9301.48
498.741	9061.98
499.371	9065.23
499.999	8844.98
500.627	8842.23
501.257	8677.23
501.885	8466.48
502.513	8483.98
503.143	8411.23
503.771	8270.73
504.399	8169.98
505.029	8042.23
505.656	7916.98
506.284	7781.23
506.914	7825.98
507.541	7583.48
508.169	7455.73
508.796	7388.48
509.426	7364.73
510.054	7216.73
510.681	7086.23
511.308	7004.23
511.938	6916.23
512.565	6863.73
513.192	6744.48
513.819	6703.73
514.446	6475.98
515.076	6340.98
515.703	6255.48
516.33	6244.48
516.957	6149.73
517.584	6060.23
518.21	5883.98
518.837	5894.48
519.464	5811.23
520.093	5831.48
520.72	5622.98
521.346	5539.48
521.973	5476.73
522.6	5444.23
523.226	5382.98
523.853	5277.98
524.479	5246.48
525.105	5161.98
525.732	5067.73
526.358	5081.73
526.984	5021.23
527.611	4900.48
528.237	4855.98
528.863	4794.98
529.489	4761.73
530.115	4714.73
530.741	4691.98
531.365	4697.98
531.991	4564.23
532.617	4423.23
533.243	4350.98
533.869	4261.98
534.495	4286.48
535.12	4256.98
535.746	4170.48
536.369	4152.98
536.995	4194.98
537.621	4216.73
538.246	4262.98
538.872	4161.48
539.495	4129.48
540.12	4147.73
540.746	4109.23
541.371	4135.73
541.994	4074.98
542.62	3891.23
543.245	4066.48
543.87	4026.98
544.493	4028.23
545.118	3948.48
545.743	3907.73
546.366	3845.73
546.991	3865.73
547.616	3798.48
548.238	3824.98
548.863	3833.48
549.488	3789.48
550.111	3775.98
550.735	3757.73
551.36	3792.23
551.982	3657.23
552.607	3717.98
553.229	3710.48
553.854	3604.23
554.476	3650.73
555.101	3696.73
555.723	3548.48
556.347	3565.73
556.969	3608.48
557.594	3518.73
558.216	3545.98
558.84	3538.98
559.462	3528.23
560.086	3442.73
560.708	3505.48
561.332	3478.98
561.954	3477.48
562.578	3502.98
563.199	3466.73
563.821	3478.98
564.445	3467.73
565.066	3482.98
565.69	3410.73
566.312	3408.23
566.933	3338.98
567.557	3456.73
568.178	3430.48
568.799	3380.98
569.423	3352.48
570.044	3356.98
570.665	3324.73
571.289	3308.23
571.91	3319.73
572.531	3341.73
573.152	3262.98
573.775	3375.73
574.396	3299.98
575.017	3279.73
575.638	3260.23
576.261	3251.48
576.882	3250.48
577.503	3242.73
578.123	3225.98
578.744	3195.48
579.365	3169.23
579.987	3213.98
580.608	3190.98
581.229	3195.73
581.849	3202.48
582.47	3185.23
583.09	3157.48
583.71	3156.73
584.331	3089.98
584.951	3078.73
585.571	3057.48
586.194	3010.73
586.814	3046.98
587.434	3062.73
588.054	3055.73
588.674	3033.98
589.294	3044.48
589.914	2982.48
590.534	2978.48
591.154	3029.73
591.774	3017.98
592.391	2945.73
593.011	2884.48
593.631	2867.73
594.25	2883.23
594.87	2866.73
595.49	2853.48
596.109	2798.73
596.729	2805.73
597.348	2863.98
597.967	2841.23
598.585	2833.73
599.204	2836.73
599.823	2730.23
600.443	2764.73
601.062	2773.23
601.681	2761.48
602.298	2689.23
602.917	2754.48
603.536	2740.23
604.155	2692.23
604.772	2743.23
605.391	2739.48
606.01	2710.48
606.629	2665.23
607.245	2693.98
607.864	2628.73
608.483	2645.23
609.099	2576.73
609.718	2565.48
610.337	2572.23
610.953	2584.98
611.572	2532.48
612.19	2517.48
612.806	2472.73
613.425	2513.98
614.043	2526.48
614.659	2456.48
615.278	2495.48
615.894	2427.73
616.512	2467.23
617.128	2397.73
617.746	2379.23
618.364	2386.23
618.98	2369.98
619.598	2383.73
620.214	2374.23
620.832	2309.98
621.448	2270.73
622.065	2246.23
622.681	2261.23
623.297	2271.98
623.914	2264.73
624.53	2286.73
625.148	2222.48
625.763	2199.98
626.381	2259.23
626.996	2251.98
627.611	2240.98
628.229	2229.23
628.844	2264.48
629.459	2157.48
630.076	2187.98
630.692	2219.73
631.307	2198.48
631.924	2198.98
632.539	2196.23
633.154	2128.23
633.771	2088.73
634.386	2142.23
635.001	2084.73
635.615	2056.73
636.232	2167.73
636.847	2114.23
637.462	2123.73
638.076	2067.73
638.693	2047.73
639.308	2022.23
639.922	1968.73
640.537	2014.48
641.151	2049.73
641.768	2037.23
642.382	1970.98
642.996	2000.48
643.611	1960.73
644.225	1969.23
644.839	1943.73
645.453	1882.23
646.067	1841.48
646.681	1932.98
647.295	1934.73
647.912	1884.98
648.526	1980.23
649.139	1928.48
649.753	1874.98
650.367	1887.23
650.981	1870.73
651.595	1932.98
652.208	1827.98
652.822	1915.23
653.436	1931.48
654.049	1842.73
654.663	1821.48
655.274	1834.23
655.584	1799.23
656.206	1779.23
656.826	1866.23
657.448	1765.23
658.07	1802.23
658.69	1813.23
659.312	1800.23
659.931	1844.23
660.553	1804.23
661.173	1713.23
661.794	1798.23
662.414	1772.23
663.035	1751.23
663.655	1727.23
664.276	1630.23
664.896	1634.23
665.515	1664.23
666.136	1693.23
666.756	1645.23
667.377	1726.23
667.996	1755.23
668.617	1720.23
669.236	1737.23
669.855	1704.23
670.477	1717.23
671.095	1652.23
671.714	1680.23
672.335	1636.23
672.954	1650.23
673.573	1636.23
674.194	1635.23
674.812	1632.23
675.431	1608.23
676.052	1679.23
676.67	1607.23
677.289	1559.23
677.91	1627.23
678.528	1609.23
679.146	1588.23
679.765	1608.23
680.383	1569.23
681.003	1564.23
681.622	1608.23
682.24	1614.23
682.858	1601.23
683.476	1585.23
684.096	1618.23
684.714	1646.23
685.332	1608.23
685.95	1611.23
686.568	1559.23
687.186	1600.23
687.804	1622.23
688.424	1594.23
689.042	1530.23
689.659	1591.23
690.277	1632.23
690.895	1627.23
691.512	1564.23
692.13	1547.23
692.747	1616.23
693.365	1630.23
693.982	1584.23
694.599	1566.23
695.217	1570.23
695.834	1580.23
696.451	1466.23
697.069	1499.23
697.686	1553.23
698.303	1518.23
698.92	1511.23
699.537	1524.23
700.154	1503.23
700.771	1440.23
701.388	1467.23
702.005	1418.23
702.62	1509.23
703.236	1427.23
703.853	1471.23
704.47	1414.23
705.087	1470.23
705.703	1461.23
706.32	1453.23
706.934	1496.23
707.551	1451.23
708.167	1451.23
708.784	1466.23
709.4	1445.23
710.014	1458.23
710.631	1466.23
711.247	1505.23
711.863	1432.23
712.477	1485.23
713.093	1435.23
713.709	1478.23
714.326	1445.23
714.939	1465.23
715.555	1433.23
716.171	1410.23
716.785	1455.23
717.401	1428.23
718.017	1445.23
718.631	1467.23
719.246	1494.23
719.862	1474.23
720.476	1475.23
721.091	1496.23
721.705	1481.23
722.32	1457.23
722.936	1544.23
723.549	1476.23
724.164	1419.23
724.778	1459.23
725.393	1499.23
726.006	1458.23
726.622	1472.23
727.235	1491.23
727.85	1441.23
728.463	1482.23
729.078	1433.23
729.691	1489.23
730.306	1448.23
730.919	1531.23
731.534	1446.23
732.146	1565.23
732.761	1484.23
733.374	1560.23
733.989	1444.23
734.601	1443.23
735.214	1481.23
735.829	1465.23
736.441	1413.23
737.056	1453.23
737.668	1463.23
738.281	1495.23
738.895	1483.23
739.507	1527.23
740.12	1477.23
740.734	1458.23
741.346	1419.23
741.958	1465.23
742.57	1474.23
743.184	1457.23
743.796	1501.23
744.408	1494.23
745.02	1494.23
745.634	1466.23
746.246	1553.23
746.858	1474.23
747.47	1448.23
748.084	1474.23
748.695	1487.23
749.307	1478.23
749.919	1472.23
750.53	1491.23
751.142	1485.23
751.755	1452.23
752.367	1492.23
752.978	1501.23
753.589	1481.23
754.201	1439.23
754.812	1506.23
755.423	1516.23
756.035	1471.23
756.646	1476.23
757.257	1520.23
757.868	1560.23
758.479	1535.23
759.092	1507.23
759.703	1543.23
760.314	1554.23
760.925	1477.23
761.536	1528.23
762.147	1538.23
762.757	1562.23
763.366	1534.23
763.977	1580.23
764.587	1594.23
765.198	1579.23
765.808	1533.23
766.419	1543.23
767.029	1621.23
767.64	1569.23
768.25	1597.23
768.861	1658.23
769.471	1546.23
770.079	1588.23
770.689	1603.23
771.3	1591.23
771.91	1594.23
772.52	1646.23
773.13	1599.23
773.738	1617.23
774.348	1663.23
774.958	1613.23
775.568	1642.23
776.178	1669.23
776.785	1658.23
777.395	1693.23
778.005	1694.23
778.615	1683.23
779.222	1625.23
779.832	1591.23
780.442	1681.23
781.049	1669.23
781.659	1672.23
782.268	1669.23
782.875	1706.23
783.485	1692.23
784.094	1635.23
784.701	1681.23
785.311	1678.23
785.918	1787.23
786.527	1703.23
787.136	1732.23
787.743	1723.23
788.352	1712.23
788.959	1692.23
789.568	1682.23
790.177	1738.23
790.784	1748.23
791.393	1668.23
792	1755.23
792.608	1748.23
793.215	1642.23
793.824	1716.23
794.43	1745.23
795.039	1800.23
795.646	1724.23
796.252	1755.23
796.861	1728.23
797.467	1680.23
798.075	1704.23
798.682	1760.23
799.29	1721.23
799.896	1671.23
800.503	1763.23
801.111	1687.23
801.717	1680.23
802.323	1705.23
802.931	1728.23
803.537	1655.23
804.143	1660.23
804.751	1675.23
805.357	1638.23
805.963	1666.23
806.571	1626.23
807.176	1651.23
807.782	1675.23
808.39	1605.23
808.995	1692.23
809.601	1635.23
810.207	1579.23
810.812	1571.23
811.42	1599.23
812.025	1587.23
812.63	1557.23
813.236	1635.23
813.841	1555.23
814.449	1537.23
815.054	1554.23
815.659	1461.23
816.264	1455.23
816.869	1483.23
817.474	1479.23
818.079	1497.23
818.684	1483.23
819.291	1469.23
819.896	1449.23
820.501	1406.23
821.106	1426.23
821.711	1418.23
822.316	1451.23
822.92	1363.23
823.525	1384.23
824.13	1363.23
824.734	1341.23
825.339	1297.23
825.943	1303.23
826.548	1254.23
827.152	1266.23
827.757	1249.23
828.361	1213.23
828.965	1237.23
829.57	1217.23
830.174	1240.23
830.776	1154.23
831.38	1195.23
831.984	1157.23
832.589	1163.23
833.193	1125.23
833.797	1130.23
834.401	1117.23
835.005	1072.23
835.606	1037.23
836.21	1092.23
836.814	1057.23
837.418	1044.23
838.021	1086.23
838.623	1035.23
839.227	1055.23
839.83	992.23
840.434	1029.23
841.035	995.23
841.639	1013.23
842.242	998.23
842.846	965.23
843.447	999.23
844.05	971.23
844.654	957.48
845.255	954.73
845.858	998.23
846.461	1010.73
847.062	936.73
847.665	923.48
848.269	943.73
848.87	935.23
849.472	962.73
850.073	965.23
850.676	1024.23
851.279	996.48
851.88	973.73
852.483	1014.98
853.083	1022.23
853.686	1014.23
854.287	994.98
854.889	1017.98
855.49	986.23
856.092	1039.23
856.693	1082.23
857.295	1055.73
857.896	1037.23
858.498	1034.73
859.098	1070.23
859.701	1090.23
860.301	1077.48
860.903	1061.48
861.503	1087.98
862.103	1113.48
862.705	1106.98
863.305	1095.73
863.907	1123.23
864.507	1113.98
865.107	1132.48
865.709	1149.73
866.309	1124.98
866.909	1164.73
867.511	1146.73
868.11	1208.73
868.71	1154.73
869.31	1184.98
869.911	1166.48
870.511	1230.48
871.11	1223.23
871.712	1217.48
872.311	1221.98
872.911	1194.98
873.51	1254.73
874.109	1263.23
874.711	1287.23
875.31	1297.23
875.909	1291.23
876.508	1308.48
877.107	1252.48
877.708	1259.73
878.307	1297.23
878.906	1272.98
879.505	1325.98
880.104	1311.23
880.703	1369.73
881.302	1368.23
881.901	1353.23
882.5	1367.73
883.098	1382.98
883.699	1383.48
884.298	1372.23
884.896	1357.48
885.495	1356.23
886.093	1359.73
886.692	1368.23
887.29	1409.48
887.889	1405.73
888.487	1488.73
889.085	1457.48
889.684	1445.98
890.28	1460.98
890.878	1467.73
891.476	1469.48
892.074	1409.73
892.672	1512.23
893.271	1475.98
893.869	1487.23
894.467	1469.48
895.065	1507.73
895.662	1508.23
896.258	1488.48
896.856	1508.48
897.454	1514.23
898.052	1501.23
898.649	1492.48
899.247	1492.98
899.842	1549.48
900.44	1511.48
901.038	1541.23
901.635	1586.23
902.231	1495.23
902.828	1546.73
903.425	1551.23
904.023	1521.48
904.618	1540.98
905.215	1539.98
905.813	1568.23
906.408	1558.48
907.005	1526.23
907.602	1512.73
908.197	1538.48
908.794	1479.73
909.391	1504.98
909.986	1502.23
910.583	1540.23
911.18	1577.73
911.775	1540.48
912.371	1572.48
912.966	1532.73
913.563	1545.48
914.157	1540.23
914.754	1553.73
915.351	1599.73
915.945	1566.98
916.542	1583.98
917.136	1604.23
917.733	1580.23
918.327	1541.23
918.924	1567.48
919.518	1591.48
920.114	1547.23
920.708	1567.48
921.302	1548.48
921.899	1607.23
922.493	1565.98
923.089	1512.23
923.683	1551.98
924.277	1540.23
924.873	1549.48
925.467	1476.98
926.063	1488.98
926.657	1481.73
927.25	1513.98
927.846	1499.73
928.44	1516.48
929.034	1517.73
929.629	1501.48
930.223	1508.98
930.816	1483.48
931.41	1524.98
932.006	1496.73
932.599	1485.73
933.192	1476.98
933.786	1476.73
934.381	1469.23
934.974	1463.23
935.568	1445.98
936.161	1476.23
936.754	1434.23
937.349	1493.23
937.942	1457.73
938.535	1444.73
939.128	1417.73
939.721	1448.48
940.314	1428.73
940.907	1422.73
941.502	1432.73
942.095	1408.23
942.688	1369.48
943.281	1390.23
943.873	1409.48
944.466	1402.98
945.059	1381.73
945.651	1377.98
946.244	1386.98
946.836	1380.98
947.429	1329.48
948.021	1385.73
948.614	1351.23
949.206	1363.98
949.798	1379.23
950.391	1353.23
950.983	1322.98
951.575	1330.98
952.167	1350.23
952.76	1358.23
953.352	1285.73
953.944	1347.73
954.534	1329.48
955.126	1310.48
955.718	1362.48
956.31	1351.23
956.901	1337.23
957.493	1348.48
958.085	1320.73
958.675	1284.23
959.266	1245.98
959.858	1345.73
960.45	1307.73
961.041	1259.73
961.631	1300.48
962.222	1297.48
962.814	1301.48
963.405	1285.98
963.995	1291.73
964.586	1289.98
965.177	1293.23
965.767	1277.23
966.358	1288.23
966.949	1272.23
967.538	1219.73
968.129	1295.73
968.721	1256.73
969.31	1268.48
969.901	1269.48
970.492	1295.23
971.081	1277.48
971.671	1300.23
972.26	1292.98
972.851	1324.48
973.442	1301.98
974.031	1327.98
974.621	1290.48
975.21	1304.98
975.801	1334.48
976.389	1292.98
976.98	1324.98
977.568	1275.23
978.159	1308.23
978.747	1314.48
979.338	1347.73
979.926	1346.98
980.516	1343.73
981.105	1384.98
981.695	1338.73
982.283	1350.48
982.871	1322.73
983.461	1336.98
984.049	1363.48
984.64	1365.98
985.228	1331.73
985.816	1339.48
986.406	1361.73
986.993	1356.98
987.581	1368.48
988.171	1394.23
988.759	1384.73
989.347	1362.23
989.936	1363.73
990.524	1376.23
991.112	1358.98
991.699	1361.98
992.289	1379.98
992.876	1373.73
993.464	1404.23
994.051	1349.98
994.641	1359.98
995.228	1401.73
995.815	1418.98
996.403	1387.98
996.99	1426.73
997.579	1450.73
998.166	1427.73
998.753	1483.23
999.341	1403.73
999.928	1445.98
1000.51	1434.23
1001.1	1441.98
1001.69	1445.48
1002.28	1455.73
1002.86	1481.73
1003.45	1427.98
1004.04	1466.98
1004.62	1474.98
1005.21	1476.23
1005.8	1460.48
1006.38	1447.23
1006.97	1471.23
1007.56	1497.48
1008.14	1485.23
1008.73	1495.23
1009.32	1456.98
1009.9	1449.48
1010.49	1496.23
1011.08	1463.23
1011.66	1491.48
1012.25	1491.48
1012.83	1496.48
1013.42	1461.23
1014.01	1443.48
1014.59	1456.98
1015.18	1473.23
1015.76	1482.98
1016.35	1485.23
1016.93	1560.98
1017.52	1499.48
1018.11	1510.73
1018.69	1490.98
1019.28	1444.73
1019.86	1483.73
1020.45	1485.73
1021.03	1544.73
1021.62	1566.23
1022.2	1538.23
1022.79	1562.73
1023.37	1538.23
1023.96	1542.73
1024.54	1516.98
1025.13	1513.48
1025.71	1557.48
1026.3	1529.23
1026.88	1537.23
1027.47	1525.98
1028.05	1480.98
1028.64	1539.73
1029.22	1562.48
1029.8	1534.98
1030.39	1593.48
1030.97	1498.23
1031.56	1511.48
1032.14	1541.73
1032.72	1520.48
1033.31	1453.23
1033.89	1527.98
1034.48	1500.73
1035.06	1552.48
1035.64	1525.23
1036.23	1545.98
1036.81	1551.23
1037.39	1508.23
1037.98	1529.48
1038.56	1493.98
1039.15	1490.48
1039.73	1540.98
1040.31	1527.48
1040.9	1527.48
1041.48	1456.98
1042.06	1490.48
1042.64	1476.98
1043.23	1525.48
1043.81	1530.48
1044.39	1544.48
1044.98	1549.48
1045.56	1510.98
1046.14	1526.48
1046.72	1484.23
1047.31	1441.23
1047.89	1523.98
1048.47	1496.73
1049.06	1549.48
1049.64	1565.48
1050.22	1587.48
1050.8	1574.48
1051.38	1506.23
1051.97	1532.73
1052.55	1551.73
1053.13	1549.73
1053.71	1533.98
1054.29	1493.98
1054.88	1496.73
1055.46	1530.48
1056.04	1517.73
1056.62	1537.23
1057.2	1502.48
1057.78	1553.23
1058.37	1589.23
1058.95	1537.73
1059.53	1534.98
1060.11	1519.48
1060.69	1550.23
1061.27	1555.73
1061.85	1519.48
1062.43	1531.23
1063.02	1544.23
1063.6	1558.23
1064.18	1524.98
1064.76	1483.48
1065.34	1516.73
1065.92	1423.48
1066.5	1508.73
1067.08	1522.23
1067.66	1506.98
1068.24	1508.98
1068.82	1454.98
1069.4	1474.73
1069.98	1435.23
1070.56	1514.73
1071.15	1457.23
1071.73	1536.23
1072.3	1498.23
1072.88	1515.73
1073.46	1508.73
1074.04	1472.48
1074.62	1564.23
1075.21	1502.98
1075.79	1534.73
1076.36	1529.23
1076.94	1558.73
1077.52	1586.23
1078.1	1548.48
1078.68	1577.98
1079.26	1535.73
1079.84	1595.73
1080.42	1553.98
1081	1586.23
1081.58	1562.23
1082.16	1543.23
1082.74	1518.73
1083.32	1616.23
1083.9	1520.48
1084.47	1579.48
1085.05	1611.23
1085.63	1603.23
1085.95	1621.23
1086.54	1615.23
1087.12	1644.23
1087.71	1653.23
1088.3	1632.23
1088.88	1719.23
1089.47	1719.23
1090.05	1659.23
1090.64	1691.23
1091.22	1746.23
1091.81	1734.23
1092.39	1800.23
1092.98	1763.23
1093.56	1717.23
1094.15	1771.23
1094.73	1745.23
1095.32	1820.23
1095.9	1797.23
1096.49	1790.23
1097.07	1870.23
1097.65	1822.23
1098.24	1825.23
1098.82	1886.23
1099.41	1840.23
1099.99	1903.23
1100.58	1881.23
1101.16	1848.23
1101.75	1852.23
1102.33	1901.23
1102.91	1883.23
1103.5	1832.23
1104.08	1917.23
1104.67	1948.23
1105.25	2020.23
1105.83	1989.23
1106.42	1955.23
1107	1941.23
1107.59	1960.23
1108.17	1960.23
1108.75	2036.23
1109.34	2049.23
1109.92	1998.23
1110.5	2042.23
1111.09	1991.23
1111.67	2098.23
1112.25	2110.23
1112.83	2127.23
1113.42	2006.23
1114	2083.23
1114.58	2046.23
1115.17	2041.23
1115.75	2032.23
1116.33	2095.23
1116.91	2044.23
1117.5	2107.23
1118.08	2061.23
1118.66	2012.23
1119.25	2059.23
1119.83	2088.23
1120.41	2117.23
1120.99	2074.23
1121.58	2108.23
1122.16	2173.23
1122.74	2147.23
1123.32	2107.23
1123.9	2190.23
1124.49	2176.23
1125.07	2122.23
1125.65	2161.23
1126.23	2127.23
1126.81	2178.23
1127.4	2077.23
1127.98	2114.23
1128.56	2103.23
1129.14	2163.23
1129.72	2141.23
1130.3	2108.23
1130.88	2133.23
1131.47	2120.23
1132.05	2107.23
1132.63	2096.23
1133.21	2159.23
1133.79	2018.23
1134.37	2114.23
1134.95	2116.23
1135.53	2154.23
1136.11	2127.23
1136.69	2039.23
1137.27	2060.23
1137.85	2096.23
1138.44	2105.23
1139.02	2148.23
1139.6	2051.23
1140.18	2089.23
1140.76	2058.23
1141.34	2136.23
1141.92	2088.23
1142.5	2142.23
1143.08	2078.23
1143.66	2081.23
1144.24	2026.23
1144.82	1980.23
1145.4	2055.23
1145.98	2007.23
1146.56	2024.23
1147.14	2028.23
1147.72	2088.23
1148.3	2056.23
1148.88	2007.23
1149.46	1980.23
1150.04	2004.23
1150.62	1966.23
1151.19	2006.23
1151.77	1985.23
1152.35	1980.23
1152.93	1909.23
1153.51	2024.23
1154.09	1986.23
1154.67	1959.23
1155.25	1972.23
1155.83	1946.23
1156.41	1946.23
1156.99	1948.23
1157.56	1934.23
1158.14	1923.23
1158.72	1962.23
1159.3	1890.23
1159.88	1858.23
1160.46	1958.23
1161.03	1895.23
1161.61	1865.23
1162.19	1841.23
1162.77	1911.23
1163.35	1878.23
1163.93	1786.23
1164.51	1879.23
1165.08	1808.23
1165.66	1758.23
1166.24	1798.23
1166.82	1792.23
1167.39	1790.23
1167.97	1788.23
1168.55	1772.23
1169.13	1768.23
1169.71	1819.23
1170.28	1742.23
1170.86	1796.23
1171.44	1742.23
1172.01	1678.23
1172.59	1646.23
1173.17	1688.23
1173.75	1701.23
1174.32	1711.23
1174.9	1653.23
1175.48	1674.23
1176.05	1655.23
1176.63	1586.23
1177.21	1637.23
1177.79	1591.23
1178.36	1628.23
1178.94	1623.23
1179.51	1624.23
1180.09	1546.23
1180.67	1580.23
1181.24	1522.23
1181.82	1513.23
1182.4	1494.23
1182.97	1555.23
1183.55	1484.23
1184.12	1468.23
1184.7	1511.23
1185.28	1443.23
1185.85	1460.23
1186.43	1469.23
1187.01	1401.23
1187.58	1442.23
1188.16	1459.23
1188.73	1410.23
1189.31	1411.23
1189.88	1350.23
1190.46	1351.23
1191.03	1384.23
1191.61	1308.23
1192.19	1342.23
1192.76	1381.23
1193.34	1285.23
1193.91	1328.23
1194.49	1286.23
1195.06	1274.23
1195.64	1244.23
1196.21	1247.23
1196.79	1260.23
1197.36	1232.23
1197.94	1169.23
1198.51	1219.23
1199.09	1222.23
1199.66	1167.23
1200.23	1169.23
1200.81	1122.23
1201.38	1137.23
1201.96	1161.23
1202.53	1119.23
1203.11	1124.23
1203.68	1064.23
1204.26	1070.23
1204.83	1073.23
1205.4	1052.23
1205.98	1006.23
1206.55	990.23
1207.13	994.23
1207.7	1012.23
1208.27	970.23
1208.85	972.23
1209.42	945.23
1210	955.23
1210.57	961.23
1211.14	934.23
1211.72	872.23
1212.29	960.23
1212.86	922.23
1213.44	892.23
1214.01	900.23
1214.58	868.23
1215.16	886.23
1215.73	893.23
1216.3	846.23
1216.87	861.23
1217.45	866.23
1218.02	881.23
1218.59	849.23
1219.17	773.23
1219.74	812.23
1220.31	760.23
1220.88	741.23
1221.46	735.23
1222.03	756.23
1222.6	747.23
1223.17	715.23
1223.75	756.23
1224.32	693.23
1224.89	681.23
1225.46	713.23
1226.03	704.23
1226.61	670.23
1227.18	643.23
1227.75	676.23
1228.32	664.23
1228.9	666.23
1229.47	631.23
1230.04	639.23
1230.61	604.23
1231.18	589.23
1231.75	606.23
1232.32	589.23
1232.9	585.23
1233.47	567.23
1234.04	562.23
1234.61	588.23
1235.18	589.23
1235.75	546.23
1236.32	583.23
1236.89	585.23
1237.46	535.23
1238.03	516.23
1238.61	549.23
1239.18	574.23
1239.75	559.23
1240.32	493.23
1240.89	510.23
1241.46	481.23
1242.03	479.23
1242.6	476.23
1243.17	503.23
1243.74	482.23
1244.31	501.23
1244.88	482.23
1245.45	479.23
1246.02	488.23
1246.59	473.23
1247.16	487.23
1247.73	451.23
1248.3	476.23
1248.87	477.23
1249.44	457.23
1250.01	466.23
1250.58	469.23
1251.15	455.23
1251.72	474.23
1252.29	452.23
1252.86	465.23
1253.43	458.23
1254	453.23
1254.57	467.23
1255.14	441.23
1255.71	442.23
1256.28	447.23
1256.84	431.23
1257.41	424.23
1257.98	444.23
1258.55	442.23
1259.12	434.23
1259.69	418.23
1260.26	427.23
1260.83	421.23
1261.39	418.23
1261.96	411.23
1262.53	459.23
1263.1	404.23
1263.67	447.23
1264.24	428.23
1264.81	407.23
1265.37	438.23
1265.94	433.23
1266.51	432.23
1267.08	464.23
1267.65	399.23
1268.21	431.23
1268.78	397.23
1269.35	415.23
1269.92	406.23
1270.49	399.23
1271.05	442.23
1271.62	415.23
1272.19	413.23
1272.76	416.23
1273.32	416.23
1273.89	391.23
1274.46	412.23
1275.02	389.23
1275.59	424.23
1276.16	423.23
1276.73	405.23
1277.29	418.23
1277.86	411.23
1278.43	398.23
1278.99	435.23
1279.56	395.23
1280.13	407.23
1280.69	386.23
1281.26	408.23
1281.83	394.23
1282.39	353.23
1282.96	366.23
1283.53	394.23
1284.09	350.23
1284.66	406.23
1285.23	394.23
1285.79	404.23
1286.36	395.23
1286.92	393.23
1287.49	394.23
1288.06	377.23
1288.62	374.23
1289.19	391.23
1289.75	407.23
1290.32	391.23
1290.89	398.23
1291.45	399.23
1292.02	383.23
1292.58	390.23
1293.15	360.23
1293.71	391.23
1294.28	391.23
1294.85	377.23
1295.41	408.23
1295.98	353.23
1296.54	407.23
1297.11	387.23
1297.67	371.23
1298.24	423.23
1298.8	375.23
1299.37	371.23
1299.93	399.23
1300.5	390.23
1301.06	407.23
1301.63	397.23
1302.19	374.23
1302.76	395.23
1303.32	375.23
1303.88	397.23
1304.45	388.23
1305.01	390.23
1305.58	377.23
1306.14	387.23
1306.71	386.23
1307.27	375.23
1307.83	388.23
1308.4	370.23
1308.96	404.23
1309.53	386.23
1310.09	373.23
1310.65	373.23
1311.22	360.23
1311.78	393.23
1312.34	360.23
1312.91	414.23
1313.47	375.23
1314.03	383.23
1314.6	404.23
1315.16	391.23
1315.73	386.23
1316.29	394.23
1316.85	382.23
1317.41	369.23
1317.98	404.23
1318.54	354.23
1319.1	390.23
1319.67	394.23
1320.23	356.23
1320.79	394.23
1321.35	367.23
1321.92	355.23
1322.48	414.23
1323.04	396.23
1323.61	398.23
1324.17	351.23
1324.73	365.23
1325.29	361.23
1325.86	396.23
1326.42	409.23
1326.98	372.23
1327.54	351.23
1328.1	357.23
1328.67	389.23
1329.23	396.23
1329.79	415.23
1330.35	419.23
1330.91	381.23
1331.47	390.23
1332.04	375.23
1332.6	380.23
1333.16	375.23
1333.72	367.23
1334.28	386.23
1334.84	358.23
1335.41	387.23
1335.97	381.23
1336.53	370.23
1337.09	383.23
1337.65	363.23
1338.21	361.23
1338.77	370.23
1339.33	398.23
1339.9	346.23
1340.46	392.23
1341.02	369.23
1341.58	365.23
1342.14	380.23
1342.7	366.23
1343.26	363.23
1343.82	352.23
1344.38	381.23
1344.94	393.23
1345.5	366.23
1346.06	401.23
1346.62	377.23
1347.18	375.23
1347.74	387.23
1348.3	358.23
1348.86	367.23
1349.42	344.23
1349.98	391.23
1350.54	360.23
1351.1	358.23
1351.66	364.23
1352.22	389.23
1352.78	365.23
1353.34	381.23
1353.9	382.23
1354.46	359.23
1355.02	381.23
1355.58	375.23
1356.14	359.23
1356.7	399.23
1357.26	351.23
1357.82	359.23
1358.38	383.23
1358.93	367.23
1359.49	371.23
1360.05	391.23
1360.61	399.23
1361.17	371.23
1361.73	347.23
1362.29	369.23
1362.85	367.23
1363.41	375.23
1363.96	390.23
1364.52	383.23
1365.08	399.23
1365.64	382.23
1366.2	374.23
1366.76	416.23
1367.31	382.23
1367.87	356.23
1368.43	394.23
1368.99	375.23
1369.55	399.23
1370.11	387.23
1370.66	383.23
1371.22	378.23
1371.78	383.23
1372.34	379.23
1372.89	373.23
1373.45	375.23
1374.01	382.23
1374.57	403.23
1375.13	396.23
1375.68	399.23
1376.24	375.23
1376.8	388.23
1377.35	397.23
1377.91	391.23
1378.47	374.23
1379.03	402.23
1379.58	379.23
1380.14	440.23
1380.7	383.23
1381.25	383.23
1381.81	399.23
1382.37	372.23
1382.92	343.23
1383.48	411.23
1384.04	391.23
1384.59	386.23
1385.15	389.23
1385.71	381.23
1386.26	365.23
1386.82	361.23
1387.38	379.23
1387.93	373.23
1388.49	354.23
1389.04	386.23
1389.6	382.23
1390.16	383.23
1390.71	370.23
1391.27	391.23
1391.82	388.23
1392.38	397.23
1392.93	385.23
1393.49	378.23
1394.05	349.23
1394.6	369.23
1395.16	375.23
1395.71	357.23
1396.27	346.23
1396.82	358.23
1397.38	337.23
1397.93	378.23
1398.49	357.23
1399.04	371.23
1399.6	373.23
1400.16	368.23
2999.9	588.98
3000.34	597.98
3000.79	603.98
3001.23	614.98
3001.68	612.98
3002.12	609.98
3002.57	617.98
3003.02	621.98
3003.46	634.98
3003.91	600.98
3004.35	598.98
3004.8	588.98
3005.24	630.98
3005.69	633.98
3006.13	607.98
3006.58	613.98
3007.02	597.98
3007.47	625.98
3007.91	596.98
3008.36	578.98
3008.8	616.98
3009.25	647.98
3009.69	617.98
3010.14	635.98
3010.58	646.98
3011.03	634.98
3011.47	621.98
3011.92	627.98
3012.36	611.98
3012.8	633.98
3013.25	626.98
3013.69	600.98
3014.14	606.98
3014.58	624.98
3015.03	622.98
3015.47	650.98
3015.92	631.98
3016.36	606.98
3016.8	648.98
3017.25	609.98
3017.69	656.98
3018.14	707.98
3018.58	636.98
3019.02	657.98
3019.47	611.98
3019.91	633.98
3020.36	611.98
3020.8	638.98
3021.24	629.98
3021.69	629.98
3022.13	650.98
3022.57	639.98
3023.02	637.98
3023.46	629.98
3023.91	627.98
3024.35	627.98
3024.79	665.98
3025.24	623.98
3025.68	644.98
3026.12	648.98
3026.57	613.98
3027.01	675.98
3027.45	644.98
3027.9	712.98
3028.34	659.98
3028.78	641.98
3029.22	655.98
3029.67	672.98
3030.11	666.98
3030.55	682.98
3031	673.98
3031.44	666.98
3031.88	639.98
3032.33	588.98
3032.77	585.98
3033.21	597.98
3033.65	586.98
3034.1	609.98
3034.54	614.98
3034.98	610.98
3035.42	637.98
3035.87	670.98
3036.31	646.98
3036.75	682.98
3037.19	667.98
3037.63	673.98
3038.08	654.98
3038.52	659.98
3038.96	690.98
3039.4	645.98
3039.85	682.98
3040.29	672.98
3040.73	730.98
3041.17	686.98
3041.61	648.98
3042.06	696.98
3042.5	697.98
3042.94	637.98
3043.38	667.98
3043.82	672.98
3044.27	644.98
3044.71	710.98
3045.15	677.98
3045.59	698.98
3046.03	693.98
3046.47	677.98
3046.91	691.98
3047.36	691.98
3047.8	666.98
3048.24	715.98
3048.68	713.98
3049.12	699.98
3049.56	677.98
3050	671.98
3050.44	711.98
3050.89	677.98
3051.33	713.98
3051.77	703.98
3052.21	677.98
3052.65	678.98
3053.09	733.98
3053.53	693.98
3053.97	724.98
3054.41	723.98
3054.85	715.98
3055.29	699.98
3055.73	705.98
3056.17	729.98
3056.61	738.98
3057.06	721.98
3057.5	705.98
3057.94	693.98
3058.38	735.98
3058.82	702.98
3059.26	695.98
3059.7	715.98
3060.14	718.98
3060.58	694.98
3061.02	749.98
3061.46	723.98
3061.9	754.98
3062.34	707.98
3062.78	740.98
3063.22	743.98
3063.66	711.98
3064.1	720.98
3064.54	726.98
3064.98	744.98
3065.42	707.98
3065.86	722.98
3066.3	739.98
3066.74	730.98
3067.18	706.98
3067.62	745.98
3068.06	804.98
3068.5	744.98
3068.93	734.98
3069.37	755.98
3069.81	721.98
3070.25	699.98
3070.69	743.98
3071.13	753.98
3071.57	762.98
3072.01	753.98
3072.45	774.98
3072.89	779.98
3073.33	740.98
3073.77	773.98
3074.21	787.98
3074.64	768.98
3075.08	735.98
3075.52	748.98
3075.96	733.98
3076.4	743.98
3076.84	740.98
3077.28	778.98
3077.72	743.98
3078.15	750.98
3078.59	726.98
3079.03	687.98
3079.47	699.98
3079.91	758.98
3080.35	748.98
3080.78	792.98
3081.22	772.98
3081.66	787.98
3082.1	766.98
3082.54	755.98
3082.98	745.98
3083.41	797.98
3083.85	755.98
3084.29	800.98
3084.73	806.98
3085.17	748.98
3085.6	769.98
3086.04	790.98
3086.48	713.98
3086.92	789.98
3087.36	800.98
3087.79	772.98
3088.23	813.98
3088.67	741.98
3089.11	805.98
3089.54	727.98
3089.98	792.98
3090.42	782.98
3090.86	769.98
3091.29	776.98
3091.73	772.98
3092.17	784.98
3092.61	780.98
3093.04	785.98
3093.48	809.98
3093.92	779.98
3094.35	750.98
3094.79	758.98
3095.23	720.98
3095.67	765.98
3096.1	790.98
3096.54	732.98
3096.98	809.98
3097.41	760.98
3097.85	718.98
3098.29	803.98
3098.72	791.98
3099.16	796.98
3099.6	825.98
3100.03	785.98
3100.47	801.98
3100.91	800.98
3101.34	868.98
3101.78	807.98
3102.22	792.98
3102.65	816.98
3103.09	839.98
3103.52	817.98
3103.96	821.98
3104.4	813.98
3104.83	845.98
3105.27	810.98
3105.71	819.98
3106.14	822.98
3106.58	796.98
3107.01	784.98
3107.45	812.98
3107.89	801.98
3108.32	821.98
3108.76	823.98
3109.19	860.98
3109.63	817.98
3110.06	819.98
3110.5	780.98
3110.94	812.98
3111.37	786.98
3111.81	777.98
3112.24	832.98
3112.68	827.98
3113.11	780.98
3113.55	839.98
3113.98	817.98
3114.42	804.98
3114.86	834.98
3115.29	876.98
3115.73	890.98
3116.16	814.98
3116.59	856.98
3117.03	815.98
3117.47	840.98
3117.9	860.98
3118.34	871.98
3118.77	861.98
3119.2	858.98
3119.64	851.98
3120.08	912.98
3120.51	899.98
3120.94	861.98
3121.38	919.98
3121.81	840.98
3122.25	860.98
3122.68	866.98
3123.12	886.98
3123.55	908.98
3123.99	911.98
3124.42	891.98
3124.86	907.98
3125.29	840.98
3125.72	844.98
3126.16	885.98
3126.59	819.98
3127.03	900.98
3127.46	909.98
3127.89	867.98
3128.33	924.98
3128.76	855.98
3129.2	902.98
3129.63	905.98
3130.06	883.98
3130.5	869.98
3130.93	884.98
3131.37	868.98
3131.8	852.98
3132.23	842.98
3132.67	839.98
3133.1	899.98
3133.53	887.98
3133.97	877.98
3134.4	898.98
3134.83	869.98
3135.27	918.98
3135.7	848.98
3136.13	883.98
3136.57	852.98
3137	882.98
3137.43	886.98
3137.87	913.98
3138.3	955.98
3138.73	859.98
3139.17	915.98
3139.6	922.98
3140.03	955.98
3140.47	920.98
3140.9	916.98
3141.33	967.98
3141.76	949.98
3142.2	934.98
3142.63	985.98
3143.06	946.98
3143.49	950.98
3143.93	911.98
3144.36	958.98
3144.79	907.98
3145.22	958.98
3145.66	979.98
3146.09	951.98
3146.52	974.98
3146.95	974.98
3147.39	967.98
3147.82	976.98
3148.25	975.98
3148.68	970.98
3149.11	955.98
3149.55	957.98
3149.98	963.98
3150.41	953.98
3150.84	942.98
3151.28	923.98
3151.71	878.98
3152.14	913.98
3152.57	935.98
3153	931.98
3153.43	953.98
3153.87	919.98
3154.3	960.98
3154.73	972.98
3155.16	925.98
3155.59	946.98
3156.02	934.98
3156.45	976.98
3156.89	1054.98
3157.32	1009.98
3157.75	983.98
3158.18	952.98
3158.61	975.98
3159.04	1007.98
3159.47	959.98
3159.91	959.98
3160.34	960.98
3160.77	965.98
3161.2	937.98
3161.63	1029.98
3162.06	996.98
3162.49	994.98
3162.92	972.98
3163.35	1027.98
3163.78	1011.98
3164.21	996.98
3164.65	1042.98
3165.08	988.98
3165.51	1009.98
3165.94	1049.98
3166.37	1050.98
3166.8	980.98
3167.23	1051.98
3167.66	996.98
3168.09	1008.98
3168.52	1040.98
3168.95	1019.98
3169.38	1015.98
3169.81	1032.98
3170.24	1012.98
3170.67	1059.98
3171.1	1051.98
3171.53	1064.98
3171.96	1069.98
3172.39	1037.98
3172.82	1057.98
3173.25	1023.98
3173.68	1010.98
3174.11	999.98
3174.54	1050.98
3174.97	1038.98
3175.4	1075.98
3175.83	1039.98
3176.26	1046.98
3176.69	1049.98
3177.12	1075.98
3177.55	1096.98
3177.98	1050.98
3178.41	1063.98
3178.84	1075.98
3179.26	1083.98
3179.69	1094.98
3180.12	1128.98
3180.55	1099.98
3180.98	1090.98
3181.41	1069.98
3181.84	1069.98
3182.27	1085.98
3182.7	1074.98
3183.13	1034.98
3183.56	1026.98
3183.99	1122.98
3184.41	1094.98
3184.84	1104.98
3185.27	1122.98
3185.7	1125.98
3186.13	1078.98
3186.56	1074.98
3186.99	1090.98
3187.42	1094.98
3187.84	1094.98
3188.27	1110.98
3188.7	1086.98
3189.13	1108.98
3189.56	1128.98
3189.99	1179.98
3190.42	1069.98
3190.84	1107.98
3191.27	1134.98
3191.7	1083.98
3192.13	1106.98
3192.56	1107.98
3192.98	1124.98
3193.41	1133.98
3193.84	1139.98
3194.27	1137.98
3194.7	1106.98
3195.12	1173.98
3195.55	1178.98
3195.98	1091.98
3196.41	1163.98
3196.84	1141.98
3197.26	1099.98
3197.69	1154.98
3198.12	1171.98
3198.55	1142.98
3198.97	1132.98
3199.4	1144.98
3199.83	1172.98
3200.26	1130.98
3200.68	1113.98
3201.11	1156.98
3201.54	1161.98
3201.97	1172.98
3202.39	1168.98
3202.82	1232.98
3203.25	1186.98
3203.67	1223.98
3204.1	1230.98
3204.53	1173.98
3204.95	1183.98
3205.38	1190.98
3205.81	1227.98
3206.24	1225.98
3206.66	1167.98
3207.09	1204.98
3207.52	1223.98
3207.94	1197.98
3208.37	1230.98
3208.8	1216.98
3209.22	1234.98
3209.65	1208.98
3210.08	1232.98
3210.5	1199.98
3210.93	1238.98
3211.36	1211.98
3211.78	1227.98
3212.21	1255.98
3212.63	1230.98
3213.06	1252.98
3213.49	1217.98
3213.91	1262.98
3214.34	1219.98
3214.77	1229.98
3215.19	1272.98
3215.62	1251.98
3216.04	1202.98
3216.47	1262.98
3216.89	1235.98
3217.32	1252.98
3217.75	1245.98
3218.17	1303.98
3218.6	1266.98
3219.02	1268.98
3219.45	1250.98
3219.88	1251.98
3220.3	1242.98
3220.73	1274.98
3221.15	1291.98
3221.58	1274.98
3222	1285.98
3222.43	1286.98
3222.85	1307.98
3223.28	1217.98
3223.7	1234.98
3224.13	1267.98
3224.56	1287.98
3224.98	1324.98
3225.41	1290.98
3225.83	1299.98
3226.26	1318.98
3226.68	1306.98
3227.11	1301.98
3227.53	1301.98
3227.96	1329.98
3228.38	1330.98
3228.8	1330.98
3229.23	1306.98
3229.65	1371.98
3230.08	1343.98
3230.5	1324.98
3230.93	1365.98
3231.35	1326.98
3231.78	1327.98
3232.2	1388.98
3232.63	1341.98
3233.05	1358.98
3233.47	1352.98
3233.9	1309.98
3234.32	1380.98
3234.75	1325.98
3235.17	1405.98
3235.6	1321.98
3236.02	1341.98
3236.44	1341.98
3236.87	1313.98
3237.29	1427.98
3237.72	1407.98
3238.14	1383.98
3238.56	1324.98
3238.99	1373.98
3239.41	1380.98
3239.84	1334.98
3240.26	1385.98
3240.68	1395.98
3241.11	1395.98
3241.53	1368.98
3241.95	1386.98
3242.38	1320.98
3242.8	1371.98
3243.22	1421.98
3243.65	1395.98
3244.07	1400.98
3244.49	1376.98
3244.92	1346.98
3245.34	1406.98
3245.76	1363.98
3246.19	1424.98
3246.61	1374.98
3247.03	1412.98
3247.46	1406.98
3247.88	1420.98
3248.3	1378.98
3248.73	1444.98
3249.15	1433.98
3249.57	1455.98
3249.99	1407.98
3250.42	1402.98
3250.84	1397.98
3251.26	1346.98
3251.69	1363.98
3252.11	1315.98
3252.53	1272.98
3252.95	1370.98
3253.38	1314.98
3253.8	1332.98
3254.22	1351.98
3254.64	1433.98
3255.07	1420.98
3255.49	1435.98
3255.91	1420.98
3256.33	1478.98
3256.76	1493.98
3257.18	1481.98
3257.6	1378.98
3258.02	1450.98
3258.44	1422.98
3258.87	1439.98
3259.29	1466.98
3259.71	1472.98
3260.13	1457.98
3260.55	1412.98
3260.97	1468.98
3261.4	1452.98
3261.82	1465.98
3262.24	1427.98
3262.66	1478.98
3263.08	1417.98
3263.51	1417.98
3263.93	1446.98
3264.35	1415.98
3264.77	1426.98
3265.19	1452.98
3265.61	1465.98
3266.03	1478.98
3266.46	1452.98
3266.88	1442.98
3267.3	1448.98
3267.72	1474.98
3268.14	1454.98
3268.56	1491.98
3268.98	1442.98
3269.4	1516.98
3269.83	1477.98
3270.25	1500.98
3270.67	1368.98
3271.09	1473.98
3271.51	1415.98
3271.93	1538.98
3272.35	1474.98
3272.77	1440.98
3273.19	1510.98
3273.61	1452.98
3274.03	1496.98
3274.45	1475.98
3274.87	1580.98
3275.29	1455.98
3275.72	1498.98
3276.14	1489.98
3276.56	1523.98
3276.98	1496.98
3277.4	1514.98
3277.82	1527.98
3278.24	1471.98
3278.66	1477.98
3279.08	1499.98
3279.5	1563.98
3279.92	1525.98
3280.34	1473.98
3280.76	1494.98
3281.18	1494.98
3281.6	1535.98
3282.02	1501.98
3282.44	1518.98
3282.86	1551.98
3283.28	1565.98
3283.7	1532.98
3284.12	1496.98
3284.54	1580.98
3284.96	1487.98
3285.38	1535.98
3285.79	1549.98
3286.21	1533.98
3286.63	1518.98
3287.05	1575.98
3287.47	1562.98
3287.89	1539.98
3288.31	1520.98
3288.73	1569.98
3289.15	1490.98
3289.57	1521.98
3289.99	1531.98
3290.41	1558.98
3290.83	1587.98
3291.25	1527.98
3291.66	1523.98
3292.08	1538.98
3292.5	1594.98
3292.92	1603.98
3293.34	1558.98
3293.76	1630.48
3294.18	1606.73
3294.6	1557.23
3295.02	1526.23
3295.43	1519.98
3295.85	1592.23
3296.27	1535.73
3296.69	1590.23
3297.11	1597.48
3297.53	1574.23
3297.94	1594.23
3298.36	1558.48
3298.78	1574.98
3299.2	1565.73
3299.62	1522.23
3300.04	1564.73
3300.45	1556.73
3300.87	1603.23
3301.29	1553.98
3301.71	1578.98
3302.13	1576.98
3302.54	1608.73
3302.96	1519.98
3303.38	1555.23
3303.8	1590.48
3304.22	1592.48
3304.63	1586.73
3305.05	1578.98
3305.47	1622.48
3305.89	1605.73
3306.31	1614.23
3306.72	1614.48
3307.14	1616.73
3307.56	1629.23
3307.98	1603.23
3308.39	1669.23
3308.81	1625.73
3309.23	1598.48
3309.64	1546.48
3310.06	1627.98
3310.48	1598.23
3310.9	1603.98
3311.31	1637.48
3311.73	1614.23
3312.15	1625.48
3312.57	1613.23
3312.98	1607.73
3313.4	1635.23
3313.82	1604.48
3314.23	1638.98
3314.65	1664.23
3315.07	1678.48
3315.48	1619.98
3315.9	1659.73
3316.32	1641.23
3316.73	1663.98
3317.15	1666.23
3317.57	1660.23
3317.98	1657.23
3318.4	1658.73
3318.82	1682.98
3319.23	1670.23
3319.65	1631.98
3320.07	1664.73
3320.48	1646.98
3320.9	1691.98
3321.32	1676.98
3321.73	1678.98
3322.15	1700.23
3322.56	1690.98
3322.98	1708.98
3323.4	1684.23
3323.81	1674.23
3324.23	1666.98
3324.64	1694.73
3325.06	1681.73
3325.47	1738.73
3325.89	1712.23
3326.31	1698.98
3326.72	1729.23
3327.14	1660.23
3327.55	1689.73
3327.97	1748.73
3328.39	1670.98
3328.8	1688.48
3329.22	1753.23
3329.63	1766.23
3330.05	1691.98
3330.46	1710.73
3330.88	1775.98
3331.29	1738.98
3331.71	1732.73
3332.12	1729.23
3332.54	1735.73
3332.95	1742.98
3333.37	1735.73
3333.78	1735.73
3334.2	1765.98
3334.61	1773.98
3335.03	1752.73
3335.44	1804.73
3335.86	1765.73
3336.27	1756.98
3336.69	1734.23
3337.1	1744.48
3337.52	1747.23
3337.93	1740.73
3338.35	1730.73
3338.76	1689.73
3339.18	1687.48
3339.59	1735.73
3340.01	1753.98
3340.42	1769.98
3340.84	1774.48
3341.25	1800.98
3341.66	1772.23
3342.08	1856.73
3342.49	1835.73
3342.91	1835.73
3343.32	1798.23
3343.73	1852.98
3344.15	1789.23
3344.56	1791.48
3344.98	1849.98
3345.39	1844.73
3345.8	1845.98
3346.22	1831.48
3346.63	1863.98
3347.05	1853.23
3347.46	1874.48
3347.87	1803.73
3348.29	1833.23
3348.7	1866.98
3349.12	1835.23
3349.53	1881.98
3349.94	1868.48
3350.36	1799.98
3350.77	1914.48
3351.18	1836.73
3351.6	1850.48
3352.01	1924.73
3352.42	1885.23
3352.84	1904.98
3353.25	1890.48
3353.66	1899.98
3354.08	1928.23
3354.49	1929.48
3354.9	1876.73
3355.32	1906.48
3355.73	1833.48
3356.14	1845.23
3356.56	1888.98
3356.97	1902.98
3357.38	1942.98
3357.79	1893.23
3358.21	1901.98
3358.62	1924.73
3359.03	1905.23
3359.44	1914.98
3359.86	1942.98
3360.27	1947.23
3360.68	1919.48
3361.1	1942.98
3361.51	1945.23
3361.92	1967.23
3362.33	2004.23
3362.74	1971.73
3363.16	1957.73
3363.57	1933.73
3363.98	1963.98
3364.39	1921.23
3364.81	1942.98
3365.22	1971.48
3365.63	1933.98
3366.04	2023.98
3366.46	1966.23
3366.87	2009.23
3367.28	2030.23
3367.69	1963.73
3368.1	1987.98
3368.51	2006.48
3368.93	1985.23
3369.34	1998.23
3369.75	2056.73
3370.16	1998.73
3370.57	2015.48
3370.98	1994.98
3371.4	2036.48
3371.81	1996.23
3372.22	2018.48
3372.63	2049.48
3373.04	2054.73
3373.45	2013.73
3373.86	2045.98
3374.28	2081.73
3374.69	2016.23
3375.1	2033.98
3375.51	2090.23
3375.92	1982.23
3376.33	2080.23
3376.74	2085.23
3377.16	2018.48
3377.57	2121.98
3377.98	2081.48
3378.39	2064.73
3378.8	2095.73
3379.21	2108.73
3379.62	2106.48
3380.03	2099.73
3380.44	2065.48
3380.85	2125.48
3381.26	2118.23
3381.67	2092.73
3382.08	2125.73
3382.49	2113.73
3382.91	2041.98
3383.32	2135.23
3383.73	2153.73
3384.14	2194.73
3384.55	2113.48
3384.96	2212.23
3385.37	2162.98
3385.78	2180.23
3386.19	2139.48
3386.6	2137.23
3387.01	2172.23
3387.42	2145.73
3387.83	2175.23
3388.24	2191.23
3388.65	2222.23
3389.06	2214.73
3389.47	2222.23
3389.88	2144.98
3390.29	2224.23
3390.7	2162.48
3391.11	2242.98
3391.52	2224.98
3391.93	2191.73
3392.34	2253.73
3392.75	2248.23
3393.16	2231.98
3393.57	2231.98
3393.97	2205.23
3394.38	2200.98
3394.79	2250.48
3395.2	2260.98
3395.61	2264.98
3396.02	2213.23
3396.43	2226.48
3396.84	2274.48
3397.25	2235.73
3397.66	2214.98
3398.07	2272.98
3398.48	2208.23
3398.89	2202.48
3399.3	2179.48
3399.7	2181.98
3400.11	2176.23
3400.52	2234.48
3400.93	2279.48
3401.34	2301.48
3401.75	2321.48
3402.16	2310.73
3402.57	2351.98
3402.97	2277.73
3403.38	2265.48
3403.79	2363.73
3404.2	2405.73
3404.61	2327.48
3405.02	2370.73
3405.43	2338.98
3405.83	2348.73
3406.24	2358.73
3406.65	2377.73
3407.06	2411.48
3407.47	2372.48
3407.87	2358.23
3408.28	2363.98
3408.69	2308.23
3409.1	2317.23
3409.51	2352.23
3409.92	2401.48
3410.32	2397.73
3410.73	2464.98
3411.14	2381.73
3411.55	2349.98
3411.95	2347.23
3412.36	2346.73
3412.77	2335.73
3413.18	2258.48
3413.59	2316.98
3413.99	2326.48
3414.4	2428.98
3414.81	2413.48
3415.22	2436.98
3415.62	2414.73
3416.03	2483.48
3416.44	2516.73
3416.84	2544.48
3417.25	2507.98
3417.66	2472.48
3418.07	2522.98
3418.48	2499.73
3418.88	2500.23
3419.29	2519.73
3419.7	2502.48
3420.1	2404.23
3420.51	2537.98
3420.55	2563.98
3420.96	2542.98
3421.38	2565.98
3421.79	2622.98
3422.21	2488.98
3422.62	2568.98
3423.03	2567.98
3423.45	2480.98
3423.86	2528.98
3424.27	2551.98
3424.69	2461.98
3425.1	2513.98
3425.51	2534.98
3425.93	2534.98
3426.34	2508.98
3426.75	2510.98
3427.17	2628.98
3427.58	2559.98
3427.99	2570.98
3428.41	2588.98
3428.82	2622.98
3429.23	2568.98
3429.65	2581.98
3430.06	2690.98
3430.47	2672.98
3430.88	2624.98
3431.3	2571.98
3431.71	2598.98
3432.12	2470.98
3432.54	2519.98
3432.95	2592.98
3433.36	2558.98
3433.77	2596.98
3434.19	2613.98
3434.6	2652.98
3435.01	2587.98
3435.42	2531.98
3435.84	2647.98
3436.25	2585.98
3436.66	2753.98
3437.07	2680.98
3437.48	2733.98
3437.9	2730.98
3438.31	2668.98
3438.72	2677.98
3439.13	2837.98
3439.55	2819.98
3439.96	2808.98
3440.37	2811.98
3440.78	2694.98
3441.19	2826.98
3441.61	2757.98
3442.02	2708.98
3442.43	2763.98
3442.84	2685.98
3443.25	2734.98
3443.66	2810.98
3444.08	2834.98
3444.49	2794.98
3444.9	2839.98
3445.31	2847.98
3445.72	2919.98
3446.13	2788.98
3446.55	2855.98
3446.96	2812.98
3447.37	2794.98
3447.78	2784.98
3448.19	2860.98
3448.6	2758.98
3449.01	2800.98
3449.43	2788.98
3449.84	2723.98
3450.25	2782.98
3450.66	2779.98
3451.07	2720.98
3451.48	2769.98
3451.89	2703.98
3452.3	2739.98
3452.71	2770.98
3453.12	2876.98
3453.53	2810.98
3453.95	2806.98
3454.36	2927.98
3454.77	2827.98
3455.18	2930.98
3455.59	2858.98
3456	2896.98
3456.41	2883.98
3456.82	2878.98
3457.23	2936.98
3457.64	2968.98
3458.05	2975.98
3458.46	3007.98
3458.87	2958.98
3459.28	2954.98
3459.69	2970.98
3460.1	2956.98
3460.51	2963.98
3460.92	2902.98
3461.33	3031.98
3461.74	3046.98
3462.15	2979.98
3462.56	3055.98
3462.97	3009.98
3463.38	3040.98
3463.79	3122.98
3464.2	3019.98
3464.61	3149.98
3465.02	3018.98
3465.43	2940.98
3465.84	3020.98
3466.25	2982.98
3466.66	3048.98
3467.07	3086.98
3467.48	3092.98
3467.89	3121.98
3468.3	3131.98
3468.71	3118.98
3469.12	3092.98
3469.53	3124.98
3469.94	3123.98
3470.34	3116.98
3470.76	3067.98
3471.16	3169.98
3471.57	3146.98
3471.98	3147.98
3472.39	3164.98
3472.8	3164.98
3473.21	3182.98
3473.62	3212.98
3474.03	3233.98
3474.44	3218.98
3474.85	3210.98
3475.25	3110.98
3475.66	3190.98
3476.07	3280.98
3476.48	3285.98
3476.89	3281.98
3477.3	3281.98
3477.71	3315.98
3478.11	3194.98
3478.52	3257.98
3478.93	3293.98
3479.34	3279.98
3479.75	3206.98
3480.16	3175.98
3480.56	3279.98
3480.97	3213.98
3481.38	3308.98
3481.79	3234.98
3482.2	3339.98
3482.61	3327.98
3483.01	3305.98
3483.42	3262.98
3483.83	3299.98
3484.24	3289.98
3484.65	3292.98
3485.06	3357.98
3485.46	3388.98
3485.87	3316.98
3486.28	3363.98
3486.69	3477.98
3487.09	3406.98
3487.5	3402.98
3487.91	3394.98
3488.32	3383.98
3488.72	3406.98
3489.13	3390.98
3489.54	3332.98
3489.95	3366.98
3490.35	3401.98
3490.76	3426.98
3491.17	3514.98
3491.58	3490.98
3491.98	3450.98
3492.39	3423.98
3492.8	3437.98
3493.21	3410.98
3493.61	3410.98
3494.02	3430.98
3494.43	3480.98
3494.83	3559.98
3495.24	3497.98
3495.65	3485.98
3496.05	3477.98
3496.46	3587.98
3496.87	3484.98
3497.28	3516.98
3497.68	3573.98
3498.09	3478.98
3498.5	3538.98
3498.9	3540.98
3499.31	3510.98
3499.72	3508.98
3500.12	3525.98
3500.53	3581.98
3500.93	3599.98
3501.34	3634.98
3501.75	3635.98
3502.15	3583.98
3502.56	3578.98
3502.97	3656.98
3503.37	3597.98
3503.78	3598.98
3504.19	3550.98
3504.59	3616.98
3505	3664.98
3505.4	3740.98
3505.81	3640.98
3506.22	3722.98
3506.62	3622.98
3507.03	3724.98
3507.43	3696.98
3507.84	3729.98
3508.25	3635.98
3508.65	3642.98
3509.06	3738.98
3509.46	3729.98
3509.87	3714.98
3510.27	3812.98
3510.68	3787.98
3511.08	3717.98
3511.49	3714.98
3511.9	3691.98
3512.3	3693.98
3512.71	3728.98
3513.11	3810.98
3513.52	3790.98
3513.92	3776.98
3514.33	3713.98
3514.73	3815.98
3515.14	3844.98
3515.54	3765.98
3515.95	3834.98
3516.35	3795.98
3516.76	3856.98
3517.16	3829.98
3517.57	3824.98
3517.97	3794.98
3518.38	3861.98
3518.78	3850.98
3519.19	3850.98
3519.59	3820.98
3520	3877.98
3520.4	3941.98
3520.81	3928.98
3521.21	3794.98
3521.62	3854.98
3522.02	3778.98
3522.43	3905.98
3522.83	3799.98
3523.23	3923.98
3523.64	4006.98
3524.04	4002.98
3524.45	3926.98
3524.85	3905.98
3525.26	4015.98
3525.66	3984.98
3526.06	3911.98
3526.47	3932.98
3526.87	3879.98
3527.28	3911.98
3527.68	3931.98
3528.09	4026.98
3528.49	3995.98
3528.89	4044.98
3529.3	4064.98
3529.7	4048.98
3530.11	4110.98
3530.51	4018.98
3530.91	4036.98
3531.32	3908.98
3531.72	4088.98
3532.12	4017.98
3532.53	3967.98
3532.93	4091.98
3533.33	4044.98
3533.74	4043.98
3534.14	4172.98
3534.54	4070.98
3534.95	4117.98
3535.35	4083.98
3535.75	4129.98
3536.16	4077.98
3536.56	4132.98
3536.96	4028.98
3537.37	4103.98
3537.77	4166.98
3538.17	4193.98
3538.58	4139.98
3538.98	4218.98
3539.38	4199.98
3539.78	4099.98
3540.19	4161.98
3540.59	4110.98
3540.99	4136.98
3541.4	4102.98
3541.8	4249.98
3542.2	4198.98
3542.6	4180.73
3543.01	4115.73
3543.41	4099.23
3543.81	4181.23
3544.22	4216.48
3544.62	4202.73
3545.02	4140.98
3545.42	4139.23
3545.82	4147.98
3546.23	4079.73
3546.63	3851.23
3547.03	3928.98
3547.43	3940.23
3547.84	3840.48
3548.24	4034.23
3548.64	4146.73
3549.04	4094.23
3549.45	4194.73
3549.85	4203.73
3550.25	4145.73
3550.65	4215.98
3551.05	4283.98
3551.45	4230.23
3551.86	4197.48
3552.26	4243.48
3552.66	4252.23
3553.06	4253.73
3553.46	4199.98
3553.86	4312.23
3554.27	4205.73
3554.67	4197.73
3555.07	4154.48
3555.47	4213.98
3555.87	4270.98
3556.27	4165.23
3556.67	4272.23
3557.08	4264.48
3557.48	4343.48
3557.88	4270.73
3558.28	4242.73
3558.68	4188.98
3559.08	4193.23
3559.48	4198.98
3559.89	4231.98
3560.29	4258.73
3560.69	4213.48
3561.09	4269.23
3561.49	4208.98
3561.89	4254.73
3562.29	4131.98
3562.69	4272.48
3563.09	4276.73
3563.49	4189.98
3563.89	4267.48
3564.29	4180.98
3564.7	4204.23
3565.1	4214.48
3565.5	4195.23
3565.9	4203.48
3566.3	4142.73
3566.7	4186.48
3567.1	4266.23
3567.5	4276.73
3567.9	4216.98
3568.3	4218.23
3568.7	4128.98
3569.1	4187.98
3569.5	4146.98
3569.9	4168.73
3570.3	4213.73
3570.7	4245.73
3571.1	4223.48
3571.5	4227.23
3571.9	4245.73
3572.3	4224.98
3572.7	4125.73
3573.1	4136.48
3573.5	4175.73
3573.9	4209.23
3574.3	4216.48
3574.7	4110.23
3575.1	4159.23
3575.5	4244.23
3575.9	4063.73
3576.3	4122.23
3576.7	4112.73
3577.1	4202.98
3577.5	4146.73
3577.9	4079.23
3578.3	4119.48
3578.69	4140.48
3579.09	4087.98
3579.49	4106.73
3579.89	4096.73
3580.29	4052.98
3580.69	4221.98
3581.09	4049.73
3581.49	4049.73
3581.89	4013.73
3582.29	4023.73
3582.69	3985.23
3583.09	4031.98
3583.48	3981.23
3583.88	4035.23
3584.28	4029.73
3584.68	3926.23
3585.08	4015.73
3585.48	3920.23
3585.88	3894.73
3586.28	3841.98
3586.67	3839.48
3587.07	3834.23
3587.47	3801.98
3587.87	3824.23
3588.27	3878.48
3588.67	3882.98
3589.07	3899.23
3589.46	3866.98
3589.86	3938.98
3590.26	3830.48
3590.66	3807.48
3591.06	3862.48
3591.45	3820.48
3591.85	3803.48
3592.25	3768.98
3592.65	3771.98
3593.05	3743.73
3593.44	3737.98
3593.84	3772.23
3594.24	3685.23
3594.64	3774.73
3595.04	3742.73
3595.43	3671.48
3595.83	3633.23
3596.23	3592.98
3596.63	3706.73
3597.03	3640.23
3597.42	3574.48
3597.82	3489.73
3598.22	3566.23
3598.62	3528.98
3599.01	3414.73
3599.41	3436.48
3599.81	3444.98
3600.21	3524.48
3600.6	3530.73
3601	3412.23
3601.4	3391.48
3601.79	3443.23
3602.19	3432.73
3602.59	3403.73
3602.99	3370.23
3603.38	3327.73
3603.78	3387.73
3604.18	3332.23
3604.57	3360.23
3604.97	3342.73
3605.37	3417.48
3605.77	3306.23
3606.16	3264.23
3606.56	3225.98
3606.96	3239.48
3607.35	3234.48
3607.75	3235.73
3608.15	3265.48
3608.54	3277.98
3608.94	3253.48
3609.34	3205.98
3609.73	3163.48
3610.13	3113.73
3610.53	3098.23
3610.92	3155.23
3611.32	3152.23
3611.71	3181.48
3612.11	3135.98
3612.51	3102.48
3612.9	3140.73
3613.3	3090.48
3613.69	3092.98
3614.09	3102.48
3614.49	3118.48
3614.88	3088.48
3615.28	3022.73
3615.67	3032.23
3616.07	3021.23
3616.47	3040.23
3616.86	3071.98
3617.26	3010.73
3617.65	3006.48
3618.05	2985.98
3618.45	2999.98
3618.84	2995.23
3619.24	2992.73
3619.63	2998.98
3620.03	3000.98
3620.42	3020.73
3620.82	2937.23
3621.21	2935.48
3621.61	2957.98
3622	2907.73
3622.4	2946.73
3622.8	2853.73
3623.19	2925.23
3623.59	2908.73
3623.98	2893.23
3624.38	2818.98
3624.77	2764.98
3625.17	2825.73
3625.56	2827.98
3625.96	2801.48
3626.35	2831.23
3626.75	2829.73
3627.14	2774.48
3627.54	2772.48
3627.93	2814.73
3628.33	2776.23
3628.72	2830.48
3629.11	2773.73
3629.51	2799.23
3629.91	2774.48
3630.3	2740.73
3630.69	2723.48
3631.09	2718.23
3631.48	2726.73
3631.88	2705.23
3632.27	2687.23
3632.67	2663.48
3633.06	2621.48
3633.46	2632.23
3633.85	2632.73
3634.24	2686.73
3634.64	2562.73
3635.03	2599.48
3635.43	2634.73
3635.82	2620.73
3636.21	2584.48
3636.61	2584.23
3637	2581.23
3637.4	2570.73
3637.79	2543.73
3638.18	2547.73
3638.58	2554.73
3638.97	2510.48
3639.37	2544.23
3639.76	2499.23
3640.15	2456.23
3640.55	2516.73
3640.94	2458.48
3641.33	2403.98
3641.73	2451.98
3642.12	2389.23
3642.51	2349.23
3642.91	2342.73
3643.3	2309.48
3643.69	2306.73
3644.09	2258.23
3644.48	2252.23
3644.87	2254.23
3645.27	2258.98
3645.66	2236.73
3646.05	2260.48
3646.45	2259.73
3646.84	2254.48
3647.23	2278.48
3647.63	2241.73
3648.02	2306.73
3648.41	2267.23
3648.81	2241.48
3649.2	2208.73
3649.59	2182.48
3649.98	2244.73
3650.38	2197.23
3650.77	2146.48
3651.16	2124.48
3651.55	2086.73
3651.95	2113.73
3652.34	2042.48
3652.73	2076.73
3653.12	2068.48
3653.52	2012.98
3653.91	2025.98
3654.3	2063.48
3654.69	2020.23
3655.09	1968.73
3655.48	2011.48
3655.87	1950.23
3656.26	1876.23
3656.65	1865.98
3657.05	1882.98
3657.44	1857.98
3657.83	1840.48
3658.22	1849.48
3658.62	1869.73
3659.01	1872.98
3659.4	1881.23
3659.79	1813.23
3660.18	1830.73
3660.57	1836.73
3660.97	1870.23
3661.36	1849.23
3661.75	1814.98
3662.14	1815.98
3662.53	1804.98
3662.92	1807.73
3663.32	1805.98
3663.71	1753.73
3664.1	1720.73
3664.49	1765.23
3664.88	1684.48
3665.27	1678.98
3665.66	1670.48
3666.06	1648.73
3666.45	1676.98
3666.84	1611.98
3667.23	1690.73
3667.62	1650.98
3668.01	1636.48
3668.4	1609.98
3668.79	1542.23
3669.19	1552.98
3669.58	1514.23
3669.97	1531.73
3670.36	1499.48
3670.75	1509.73
3671.14	1505.73
3671.53	1525.23
3671.92	1502.48
3672.31	1435.23
3672.7	1450.48
3673.09	1461.23
3673.48	1455.23
3673.87	1456.98
3674.26	1430.48
3674.66	1441.23
3675.05	1416.73
3675.44	1374.98
3675.83	1348.48
3676.22	1362.98
3676.61	1297.98
3677	1405.23
3677.39	1333.98
3677.78	1353.48
3678.17	1305.23
3678.56	1329.23
3678.95	1285.23
3679.34	1298.73
3679.73	1257.73
3680.12	1255.48
3680.51	1250.23
3680.9	1309.98
3681.29	1289.98
3681.68	1265.23
3682.07	1270.48
3682.46	1285.98
3682.85	1232.48
3683.24	1260.23
3683.63	1241.98
3684.02	1222.48
3684.41	1204.73
3684.8	1235.73
3685.19	1175.98
3685.57	1197.73
3685.96	1238.73
3686.35	1211.23
3686.74	1189.73
3687.13	1162.73
3687.52	1213.23
3687.91	1182.73
3688.3	1147.23
3688.69	1178.73
3689.08	1164.98
3689.47	1108.48
3689.86	1123.98
3690.25	1081.73
3690.63	1085.98
3691.02	1118.23
3691.41	1119.73
3691.8	1078.73
3692.19	1057.23
3692.58	1078.48
3692.97	1060.48
3693.36	1053.23
3693.75	1049.48
3694.13	1033.23
3694.52	986.23
3694.91	981.73
3695.3	1013.98
3695.69	1028.73
3696.08	1047.73
3696.47	1058.48
3696.85	1054.73
3697.24	1017.73
3697.63	1026.48
3698.02	1011.23
3698.41	1020.48
3698.8	1005.48
3699.18	1042.73
3699.57	1010.23
3699.96	1023.98
3700.35	1016.48
3700.74	1031.23
3701.12	1020.73
3701.51	998.98
3701.9	958.73
3702.29	990.23
3702.68	908.23
3703.06	949.48
3703.45	984.48
3703.84	993.48
3704.23	960.23
3704.62	1002.23
3705	1025.23
3705.39	947.98
3705.78	960.98
3706.16	978.98
3706.55	1012.73
3706.94	937.98
3707.19	948.98
3707.58	976.98
3707.97	966.98
3708.37	952.98
3708.76	975.98
3709.15	927.98
3709.55	987.98
3709.94	947.98
3710.33	924.98
3710.73	948.98
3711.12	928.98
3711.51	930.98
3711.9	928.98
3712.3	983.98
3712.69	936.98
3713.08	917.98
3713.47	914.98
3713.87	961.98
3714.26	957.98
3714.65	960.98
3715.04	937.98
3715.44	952.98
3715.83	950.98
3716.22	962.98
3716.61	938.98
3717.01	899.98
3717.4	906.98
3717.79	934.98
3718.18	937.98
3718.58	926.98
3718.97	901.98
3719.36	944.98
3719.75	879.98
3720.14	940.98
3720.54	905.98
3720.93	895.98
3721.32	927.98
3721.71	913.98
3722.1	901.98
3722.5	900.98
3722.89	892.98
3723.28	913.98
3723.67	862.98
3724.06	895.98
3724.45	895.98
3724.85	910.98
3725.24	900.98
3725.63	896.98
3726.02	878.98
3726.41	879.98
3726.8	924.98
3727.19	901.98
3727.59	918.98
3727.98	903.98
3728.37	905.98
3728.76	874.98
3729.15	882.98
3729.54	879.98
3729.93	843.98
3730.32	855.98
3730.72	848.98
3731.11	854.98
3731.5	887.98
3731.89	827.98
3732.28	866.98
3732.67	876.98
3733.06	880.98
3733.45	874.98
3733.84	886.98
3734.23	874.98
3734.62	906.98
3735.01	849.98
3735.4	843.98
3735.8	871.98
3736.19	842.98
3736.58	897.98
3736.97	886.98
3737.36	868.98
3737.75	896.98
3738.14	847.98
3738.53	888.98
3738.92	903.98
3739.31	886.98
3739.7	784.98
3740.09	862.98
3740.48	831.98
3740.87	850.98
3741.26	852.98
3741.65	820.98
3742.04	897.98
3742.43	870.98
3742.82	888.98
3743.21	850.98
3743.6	882.98
3743.99	838.98
3744.38	872.98
3744.77	885.98
3745.16	886.98
3745.55	839.98
3745.94	858.98
3746.33	896.98
3746.72	857.98
3747.11	860.98
3747.5	862.98
3747.89	887.98
3748.27	888.98
3748.67	859.98
3749.05	861.98
3749.44	885.98
3749.83	876.98
3750.22	850.98
3750.61	853.98
3751	848.98
3751.39	870.98
3751.78	839.98
3752.17	803.98
3752.56	828.98
3752.95	841.98
3753.33	888.98
3753.72	868.98
3754.11	883.98
3754.5	882.98
3754.89	864.98
3755.28	858.98
3755.67	905.98
3756.06	937.98
3756.45	856.98
3756.83	853.98
3757.22	831.98
3757.61	888.98
3758	805.98
3758.39	842.98
3758.78	888.98
3759.17	907.98
3759.55	889.98
3759.94	871.98
3760.33	835.98
3760.72	908.98
3761.11	888.98
3761.5	830.98
3761.88	882.98
3762.27	824.98
3762.66	830.98
3763.05	837.98
3763.44	852.98
3763.82	870.98
3764.21	860.98
3764.6	857.98
3764.99	824.98
3765.38	880.98
3765.76	911.98
3766.15	830.98
3766.54	828.98
3766.93	838.98
3767.32	849.98
3767.7	850.98
3768.09	827.98
3768.48	831.98
3768.87	880.98
3769.25	826.98
3769.64	858.98
3770.03	876.98
3770.42	837.98
3770.8	854.98
3771.19	870.98
3771.58	835.98
3771.96	864.98
3772.35	821.98
3772.74	835.98
3773.13	879.98
3773.51	847.98
3773.9	857.98
3774.29	847.98
3774.67	879.98
3775.06	812.98
3775.45	842.98
3775.84	844.98
3776.22	833.98
3776.61	869.98
3777	862.98
3777.38	847.98
3777.77	830.98
3778.16	856.98
3778.54	816.98
3778.93	858.98
3779.32	809.98
3779.7	850.98
3780.09	880.98
3780.48	885.98
3780.86	859.98
3781.25	880.98
3781.64	886.98
3782.02	845.98
3782.41	845.98
3782.8	866.98
3783.18	842.98
3783.57	799.98
3783.95	841.98
3784.34	886.98
3784.73	850.98
3785.11	863.98
3785.5	815.98
3785.88	833.98
3786.27	787.98
3786.66	785.98
3787.04	771.98
3787.43	861.98
3787.81	854.98
3788.2	826.73
3788.58	823.98
3788.97	858.23
3789.36	883.98
3789.74	820.98
3790.13	823.23
3790.51	865.23
3790.9	840.98
3791.28	833.73
3791.67	821.23
3792.06	798.98
3792.44	852.98
3792.83	818.73
3793.21	849.98
3793.6	833.98
3793.98	853.48
3794.37	837.98
3794.75	836.23
3795.14	866.73
3795.52	809.98
3795.91	856.73
3796.29	823.48
3796.68	851.73
3797.06	817.73
3797.45	856.23
3797.83	838.48
3798.22	870.98
3798.6	848.98
3798.99	853.48
3799.37	890.73
3799.76	851.48
3800.14	852.23
3800.53	887.98
3800.91	833.48
3801.3	843.48
3801.68	879.73
3802.06	845.23
3802.45	830.48
3802.83	844.73
3803.22	838.48
3803.6	848.48
3803.99	830.98
3804.37	870.48
3804.76	844.73
3805.14	861.48
3805.52	868.48
3805.91	833.48
3806.29	885.48
3806.68	881.98
3807.06	839.98
3807.44	855.23
3807.83	849.73
3808.21	872.23
3808.6	851.73
3808.98	864.73
3809.36	830.23
3809.75	878.23
3810.13	867.98
3810.52	838.23
3810.9	872.48
3811.28	862.23
3811.67	896.23
3812.05	872.98
3812.44	843.48
3812.82	858.73
3813.2	827.98
3813.59	887.23
3813.97	841.48
3814.35	847.23
3814.74	856.23
3815.12	840.48
3815.5	856.23
3815.89	851.23
3816.27	844.98
3816.65	855.73
3817.04	837.23
3817.42	874.98
3817.8	872.48
3818.18	892.23
3818.57	835.23
3818.95	855.73
3819.33	871.98
3819.72	829.73
3820.1	845.23
3820.48	882.23
3820.87	851.23
3821.25	858.98
3821.63	844.73
3822.01	868.98
3822.4	887.48
3822.78	832.23
3823.16	865.98
3823.54	828.23
3823.93	862.73
3824.31	856.48
3824.69	863.23
3825.07	869.98
3825.46	872.23
3825.84	863.48
3826.22	866.98
3826.6	882.48
3826.99	853.73
3827.37	888.73
3827.75	848.98
3828.13	846.73
3828.51	834.23
3828.9	839.98
3829.28	837.73
3829.66	821.73
3830.04	807.73
3830.42	815.98
3830.81	847.73
3831.19	861.98
3831.57	870.98
3831.95	884.98
3832.33	816.98
3832.71	831.48
3833.1	890.23
3833.48	890.23
3833.86	845.73
3834.24	855.23
3834.62	873.23
3835.01	874.23
3835.39	872.48
3835.77	836.98
3836.15	897.23
3836.53	847.73
3836.91	858.73
3837.29	859.48
3837.67	887.73
3838.06	857.23
3838.44	836.23
3838.82	853.48
3839.2	862.73
3839.58	838.73
3839.96	838.73
3840.34	874.48
3840.72	885.23
3841.1	845.23
3841.49	879.48
3841.87	839.73
3842.25	883.23
3842.63	874.48
3843.01	852.98
3843.39	885.98
3843.77	891.73
3844.15	821.73
3844.53	855.23
3844.91	865.73
3845.29	868.48
3845.67	852.23
3846.05	874.23
3846.43	868.48
3846.82	854.98
3847.2	876.48
3847.58	874.73
3847.96	882.23
3848.34	857.98
3848.72	855.48
3849.1	867.73
3849.48	849.73
3849.86	881.98
3850.24	868.23
3850.62	878.23
3851	856.98
3851.38	862.23
3851.76	860.73
3852.14	830.48
3852.52	891.73
3852.9	851.48
3853.28	865.73
3853.66	877.23
3854.04	862.98
3854.42	867.23
3854.8	893.98
3855.18	886.23
3855.56	880.23
3855.94	874.23
3856.32	876.98
3856.69	866.98
3857.07	897.23
3857.45	873.23
3857.83	848.98
3858.21	859.73
3858.59	879.73
3858.97	857.23
3859.35	864.48
3859.73	863.73
3860.11	888.23
3860.49	889.23
3860.87	875.98
3861.25	890.48
3861.63	878.73
3862	870.73
3862.38	909.73
3862.76	883.23
3863.14	874.73
3863.52	893.23
3863.9	861.23
3864.28	888.23
3864.66	861.73
3865.04	894.23
3865.41	871.98
3865.79	896.98
3866.17	869.23
3866.55	873.98
3866.93	905.73
3867.31	860.48
3867.69	882.98
3868.06	892.48
3868.44	879.48
3868.82	843.48
3869.2	869.48
3869.58	862.98
3869.96	855.23
3870.34	883.73
3870.71	878.48
3871.09	877.73
3871.47	904.98
3871.85	844.48
3872.23	883.23
3872.6	892.48
3872.98	856.73
3873.36	898.73
3873.74	897.23
3874.12	885.98
3874.49	886.98
3874.87	904.48
3875.25	891.23
3875.63	904.98
3876.01	914.98
3876.38	869.48
3876.76	841.73
3877.14	901.23
3877.52	893.98
3877.89	892.73
3878.27	897.48
3878.65	878.48
3879.02	887.48
3879.4	891.73
3879.78	879.98
3880.16	895.48
3880.54	890.23
3880.91	879.48
3881.29	906.23
3881.67	865.23
3882.04	854.23
3882.42	889.48
3882.8	898.23
3883.18	900.48
3883.55	870.98
3883.93	902.98
3884.31	874.23
3884.68	888.48
3885.06	841.98
3885.44	867.98
3885.81	880.73
3886.19	853.48
3886.57	848.23
3886.94	874.73
3887.32	876.48
3887.7	859.23
3888.08	889.73
3888.45	892.73
3888.83	875.73
3889.2	890.23
3889.58	898.73
3889.96	890.98
3890.33	898.98
3890.71	914.73
3891.09	884.23
3891.46	895.73
3891.84	885.48
3892.22	895.23
3892.59	880.48
3892.97	896.23
3893.34	883.23
3893.72	855.73
3894.1	859.48
3894.47	869.48
3894.85	879.23
3895.22	857.73
3895.6	908.73
3895.98	874.23
3896.35	839.73
3896.73	854.48
3897.1	855.98
3897.48	829.98
3897.85	883.48
3898.23	881.48
3898.61	870.48
3898.98	880.73
3899.36	870.23
3899.73	892.23
3900.11	883.23
3900.48	894.48
3900.86	878.98
3901.24	867.73
3901.61	879.98
3901.99	875.73
3902.36	902.23
3902.74	904.73
3903.11	897.48
3903.49	928.98
3903.86	888.73
3904.24	937.23
3904.61	914.23
3904.99	874.23
3905.36	880.23
3905.74	938.98
3906.11	929.23
3906.49	909.98
3906.86	892.73
3907.24	894.48
3907.61	928.73
3907.99	927.98
3908.36	887.73
3908.74	922.73
3909.11	904.73
3909.49	899.73
3909.86	902.23
3910.23	892.48
3910.61	895.48
3910.98	885.98
3911.36	879.48
3911.73	898.48
3912.11	877.73
3912.48	869.73
3912.86	916.23
3913.23	926.48
3913.61	920.98
3913.98	923.73
3914.35	959.23
3914.73	873.23
3915.1	912.48
3915.48	916.23
3915.85	889.98
3916.22	882.48
3916.6	862.98
3916.97	916.48
3917.35	910.73
3917.72	935.73
3918.09	907.98
3918.47	877.48
3918.84	883.23
3919.21	887.98
3919.59	890.48
3919.96	900.73
3920.34	914.98
3920.71	929.48
3921.08	934.23
3921.46	875.23
3921.83	959.48
3922.2	946.48
3922.58	894.73
3922.95	949.98
3923.33	941.98
3923.7	921.73
3924.07	954.98
3924.44	943.73
3924.82	923.23
3925.19	917.48
3925.56	929.73
3925.94	911.73
3926.31	963.73
3926.68	952.23
3927.06	938.73
3927.43	892.98
3927.8	953.48
3928.18	917.23
3928.55	932.98
3928.92	908.98
3929.29	892.48
3929.67	920.98
3930.04	895.98
3930.41	899.23
3930.79	878.48
3931.16	929.23
3931.53	945.23
3931.9	879.48
3932.28	879.98
3932.65	850.23
3933.02	831.23
3933.39	852.73
3933.77	836.73
3934.14	885.48
3934.51	893.98
3934.88	862.23
3935.25	882.98
3935.63	885.73
3936	886.98
3936.37	894.23
3936.74	890.48
3937.12	899.48
3937.49	931.73
3937.86	892.73
3938.23	944.23
3938.6	934.48
3938.98	902.48
3939.35	914.48
3939.47	929.48
3939.84	926.48
3940.22	946.48
3940.6	893.48
3940.98	924.48
3941.35	869.48
3941.73	906.48
3942.11	922.48
3942.49	934.48
3942.86	920.48
3943.24	929.48
3943.62	963.48
3944	910.48
3944.37	919.48
3944.75	998.48
3945.13	920.48
3945.5	926.48
3945.88	970.48
3946.26	886.48
3946.64	949.48
3947.01	938.48
3947.39	918.48
3947.77	894.48
3948.14	916.48
3948.52	932.48
3948.9	952.48
3949.27	948.48
3949.65	896.48
3950.03	957.48
3950.4	961.48
3950.78	948.48
3951.16	927.48
3951.53	922.48
3951.91	890.48
3952.29	919.48
3952.66	930.48
3953.04	950.48
3953.42	932.48
3953.79	945.48
3954.17	947.48
3954.54	963.48
3954.92	1000.48
3955.3	973.48
3955.67	963.48
3956.05	920.48
3956.43	978.48
3956.8	977.48
3957.18	976.48
3957.55	977.48
3957.93	954.48
3958.31	926.48
3958.68	913.48
3959.06	950.48
3959.43	974.48
3959.81	911.48
3960.18	933.48
3960.56	982.48
3960.94	958.48
3961.31	940.48
3961.69	952.48
3962.06	930.48
3962.44	915.48
3962.81	963.48
3963.19	949.48
3963.57	902.48
3963.94	955.48
3964.32	927.48
3964.69	1017.48
3965.07	942.48
3965.44	882.48
3965.82	937.48
3966.19	941.48
3966.57	992.48
3966.94	961.48
3967.32	973.48
3967.69	970.48
3968.07	931.48
3968.44	931.48
3968.82	963.48
3969.19	972.48
3969.57	970.48
3969.94	935.48
3970.32	958.48
3970.69	963.48
3971.07	953.48
3971.44	961.48
3971.82	952.48
3972.19	962.48
3972.57	969.48
3972.94	955.48
3973.32	931.48
3973.69	932.48
3974.06	957.48
3974.44	940.48
3974.81	982.48
3975.19	945.48
3975.56	966.48
3975.94	988.48
3976.31	989.48
3976.69	953.48
3977.06	945.48
3977.43	945.48
3977.81	940.48
3978.18	986.48
3978.56	963.48
3978.93	945.48
3979.31	921.48
3979.68	973.48
3980.05	947.48
3980.43	942.48
3980.8	970.48
3981.18	924.48
3981.55	960.48
3981.92	938.48
3982.3	997.48
3982.67	1019.48
3983.04	949.48
3983.42	928.48
3983.79	941.48
3984.17	986.48
3984.54	964.48
3984.91	960.48
3985.29	934.48
3985.66	926.48
3986.03	943.48
3986.41	1000.48
3986.78	986.48
3987.15	903.48
3987.53	957.48
3987.9	956.48
3988.27	985.48
3988.65	1000.48
3989.02	986.48
3989.39	954.48
3989.77	909.48
3990.14	929.48
3990.51	919.48
3990.88	943.48
3991.26	972.48
3991.63	974.48
3992	924.48
3992.38	936.48
3992.75	934.48
3993.12	950.48
3993.49	966.48
3993.87	985.48
3994.24	942.48
3994.61	962.48
3994.99	943.48
3995.36	997.48
3995.73	978.48
3996.1	965.48
3996.47	971.48
3996.85	1020.48
3997.22	933.48
3997.59	1027.48
3997.96	976.48
3998.34	984.48
3998.71	962.48
3999.08	937.48
3999.45	972.48
3999.83	951.48
