19.7123	5487.86
20.3887	5412.86
21.0651	5327.86
21.7414	5272.86
22.4176	5332.86
23.0939	5310.86
23.77	5163.86
24.4462	5185.86
25.1222	5226.86
25.7983	5117.86
26.4742	5232.86
27.1502	5088.86
27.8261	5265.86
28.5019	5112.86
29.1777	5153.86
29.8534	5033.86
30.5291	5006.86
31.2048	5035.86
31.8804	5013.86
32.5559	5178.86
33.2314	5188.86
33.9069	5352.86
34.5823	5174.86
35.2577	5218.86
35.933	5282.86
36.6083	5337.86
37.2835	5468.86
37.9587	5314.86
38.6338	5476.86
39.3066	5405.86
39.9817	5560.86
40.6566	5530.86
41.3316	5708.86
42.0065	5654.86
42.6813	5519.86
43.3539	5722.86
44.0286	5738.86
44.7033	5672.86
45.378	5646.86
46.0526	5874.86
46.7249	5884.86
47.3994	5908.86
48.0739	5934.86
48.7483	6050.86
49.4204	5970.86
50.0947	5913.86
50.769	6057.86
51.4433	6182.86
52.1152	6032.86
52.7893	6126.86
53.4634	6103.86
54.1352	6067.86
54.8092	6145.86
55.4831	6310.86
56.1548	6190.86
56.8286	6406.86
57.5024	6401.86
58.1739	6412.86
58.8477	6436.86
59.5213	6479.86
60.1927	6433.86
60.8663	6337.86
61.5375	6314.86
62.211	6374.86
62.8845	6294.86
63.5556	6279.86
64.2289	6401.86
64.8999	6484.86
65.5732	6503.86
66.2441	6433.86
66.9173	6333.86
67.5881	6221.86
68.2612	6284.86
68.9319	6122.86
69.6049	6277.86
70.2755	6352.86
70.9484	6316.86
71.619	6361.86
72.2918	6398.86
72.9622	6500.86
73.6349	6384.86
74.3053	6405.86
74.9756	6474.86
75.6482	6634.86
76.3184	6603.86
76.9909	6391.86
77.661	6458.86
78.3311	6486.86
79.0034	6515.86
79.6734	6417.86
80.3433	6398.86
81.0155	6503.86
81.6854	6482.86
82.3552	6538.86
83.0272	6454.86
83.6969	6554.86
84.3666	6383.86
85.0385	6518.86
85.7081	6417.86
86.3776	6386.86
87.0471	6374.86
87.7188	6347.86
88.3882	6510.86
89.0575	6483.86
89.7268	6499.86
90.3961	6377.86
91.0676	6443.86
91.7367	6368.86
92.4059	6364.86
93.0749	6455.86
93.7439	6399.86
94.4152	6492.86
95.0841	6436.86
95.753	6305.86
96.4218	6293.86
97.0906	6361.86
97.7594	6361.86
98.4281	6306.86
99.0967	6270.86
99.7676	6379.86
100.436	6287.86
101.105	6232.86
101.773	6328.86
102.442	6377.86
103.11	6140.86
103.778	6320.86
104.447	6281.86
105.115	6206.86
105.783	6281.86
106.451	6369.86
107.119	6307.86
107.787	6111.86
108.455	6298.86
109.123	6151.86
109.791	6184.86
110.459	6188.86
111.127	6239.86
111.795	6255.86
112.462	6240.86
113.13	6241.86
113.795	6164.86
114.463	6064.86
115.13	6108.86
115.798	6058.86
116.465	5990.86
117.133	6082.86
117.8	5939.86
118.467	5975.86
119.132	5915.86
119.8	5806.86
120.467	5892.86
121.134	5849.86
121.801	5866.86
122.466	5983.86
123.133	5957.86
123.8	5950.86
124.467	5981.86
125.133	5897.86
125.798	6000.86
126.465	6022.86
127.131	5964.86
127.796	5998.86
128.462	5831.86
129.129	5863.32
129.796	5843.98
130.46	5815.61
131.126	5765.21
131.793	5718.5
132.457	5640.94
133.123	5629.37
133.789	5616.97
134.453	5676.3
135.119	5702.62
135.783	5720.29
136.449	5719.52
137.115	5726.59
137.779	5726.84
138.445	5714.21
139.108	5650.86
139.774	5660.86
140.438	5764.86
141.104	5761.86
141.769	5702.86
142.433	5672.86
143.098	5568.86
143.762	5652.86
144.427	5646.86
145.09	5731.86
145.756	5674.86
146.419	5731.86
147.084	5557.86
147.747	5608.86
148.41	5682.86
149.075	5684.86
149.738	5488.86
150.403	5516.86
151.066	5500.86
151.731	5565.86
152.394	5640.86
153.056	5574.86
153.721	5476.86
154.384	5592.86
155.046	5625.86
155.711	5382.86
156.374	5435.86
157.036	5486.86
157.701	5426.86
158.363	5566.86
159.025	5540.86
159.69	5300.86
160.352	5365.86
161.014	5365.86
161.676	5266.86
162.34	5325.86
163.002	5422.86
163.664	5402.86
164.326	5302.86
164.99	5419.86
165.652	5328.86
166.314	5265.86
166.975	5300.86
167.637	5267.86
168.301	5224.86
168.962	5212.86
169.624	5129.86
170.285	5280.86
170.947	5285.86
171.608	5158.86
172.272	5303.86
172.933	5246.86
173.594	5254.86
174.255	5136.86
174.917	5248.86
175.578	5259.86
176.239	5254.86
176.9	5231.86
177.561	5179.86
178.222	5141.86
178.882	5081.86
179.543	5209.86
180.204	5190.86
180.865	5126.86
181.526	5214.86
182.186	5132.86
182.847	5038.86
183.507	5016.86
184.168	4980.86
184.828	4875.86
185.489	4974.86
186.149	4851.86
186.809	5026.86
187.47	4800.86
188.13	4927.86
188.79	4949.86
189.45	4927.86
190.11	5093.86
190.768	4959.86
191.428	5078.86
192.088	5077.86
192.748	4992.86
193.408	4983.86
194.068	5060.86
194.728	4910.86
195.385	4923.86
196.045	4951.86
196.705	4877.86
197.364	4764.86
198.021	4896.86
198.681	4890.86
199.34	4841.86
200	4843.86
200.657	4918.86
201.316	4906.86
201.976	4949.86
202.635	4806.86
203.292	4980.86
203.951	4839.86
204.61	4919.86
205.267	4884.86
205.926	4816.86
206.585	4799.86
207.242	4837.86
207.9	4838.86
208.559	4816.86
209.216	4899.86
209.875	4805.86
210.533	4927.86
211.19	4775.86
211.848	4739.86
212.505	4696.86
213.163	4738.38
213.819	4735.09
214.478	4731.22
215.134	4721.31
215.792	4701.45
216.451	4696.29
217.107	4662.71
217.765	4658.24
218.421	4651.11
219.079	4703.55
219.735	4697.36
220.391	4688.66
221.049	4702.87
221.704	4660.42
222.362	4668.86
223.018	4621.86
223.675	4649.86
224.331	4617.86
224.989	4631.86
225.644	4669.86
226.3	4607.86
226.957	4639.86
227.612	4778.86
228.268	4718.86
228.925	4629.86
229.58	4666.86
230.235	4673.86
230.893	4709.86
231.548	4569.86
232.203	4584.86
232.86	4594.86
233.515	4629.86
234.17	4675.86
234.827	4560.86
235.481	4567.86
236.136	4685.86
236.791	4581.86
237.448	4614.86
238.102	4570.86
238.757	4534.86
239.411	4535.86
240.066	4558.86
240.722	4464.86
241.377	4522.86
242.031	4578.86
242.685	4559.86
243.339	4431.86
243.993	4553.86
244.648	4480.86
245.304	4502.86
245.958	4455.86
246.612	4456.86
247.266	4554.86
247.92	4529.86
248.574	4375.86
249.227	4532.86
249.881	4529.86
250.535	4376.86
251.189	4550.86
251.842	4522.86
252.496	4514.86
253.149	4538.86
253.803	4495.86
254.456	4426.86
255.11	4376.86
255.763	4508.86
256.416	4488.86
257.07	4431.86
257.723	4433.86
258.376	4465.86
259.029	4392.86
259.682	4364.86
260.335	4301.86
260.988	4446.86
261.641	4413.86
262.294	4409.86
262.947	4378.86
263.598	4334.86
264.251	4446.86
264.903	4491.86
265.556	4363.86
266.209	4363.86
266.861	4302.86
267.512	4243.86
268.164	4291.86
268.817	4215.86
269.469	4307.86
270.121	4248.86
270.772	4270.86
271.424	4301.86
272.076	4256.86
272.728	4234.86
273.378	4371.86
274.03	4220.86
274.682	4319.86
275.332	4306.86
275.984	4349.86
276.636	4358.86
277.288	4396.86
277.938	4313.86
278.59	4276.86
279.239	4329.86
279.891	4323.86
280.542	4310.86
281.192	4298.86
281.843	4367.86
282.495	4227.86
283.144	4192.86
283.796	4283.86
284.445	4248.86
285.096	4335.86
285.745	4346.86
286.397	4275.86
287.048	4284.86
287.697	4248.86
288.348	4258.86
288.997	4259.86
289.648	4227.86
290.297	4273.86
290.948	4290.86
291.596	4236.86
292.247	4259.86
292.896	4310.86
293.544	4278.86
294.195	4260.86
294.844	4192.86
295.494	4165.86
296.143	4155.86
296.793	4154.86
297.441	4189.86
298.09	4203.86
298.74	4188.86
299.388	4137.86
300.036	4206.86
300.687	4150.86
301.335	4186.86
301.983	4211.86
302.633	4341.86
303.281	4252.86
303.929	4283.86
304.579	4142.86
305.227	4182.86
305.874	4308.86
306.522	4131.86
307.172	4104.86
307.819	4210.86
308.467	4154.86
309.114	4088.86
309.764	4186.86
310.412	4119.86
311.059	4147.86
311.706	4226.86
312.354	4154.86
313.003	4203.86
313.65	4204.86
314.297	4112.86
314.944	4016.86
315.592	4107.86
316.239	4173.86
316.886	4144.86
317.535	4193.86
318.182	4198.86
318.828	4112.86
319.475	4235.86
320.122	4150.86
320.769	4192.86
321.415	4200.86
322.062	4168.86
322.709	4171.86
323.355	4203.86
324.002	4119.86
324.648	4146.86
325.294	4125.86
325.941	4190.86
326.587	4220.86
327.233	4068.86
327.88	4153.86
328.526	4208.86
329.172	4148.86
329.818	4142.86
330.464	4118.86
331.11	4054.86
331.754	4124.86
332.4	4113.86
333.046	4203.86
333.692	4135.86
334.337	4143.86
334.983	4130.86
335.629	4129.86
336.275	4162.86
336.918	4169.86
337.564	4076.86
338.209	4104.86
338.855	4180.86
339.5	4129.86
340.143	4109.86
340.789	4180.86
341.434	4284.86
342.079	4025.86
342.722	4172.86
343.367	4124.86
344.012	4186.86
344.658	4104.86
345.3	4069.86
345.945	4087.86
346.59	4051.86
347.233	4069.86
347.878	4124.86
348.523	4049.86
349.165	4144.86
349.81	4075.86
350.455	3982.86
351.097	4132.86
351.742	4029.86
352.384	4092.86
353.029	4010.86
353.673	4092.86
354.315	4068.86
354.96	4063.86
355.602	4142.86
356.246	4042.86
356.888	4025.86
357.533	4023.86
358.175	4148.86
358.819	4177.86
359.461	4078.86
360.105	4072.86
360.746	4113.86
361.39	3966.86
362.032	4039.86
362.676	4131.86
363.318	4107.86
363.961	4158.86
364.603	4040.86
365.247	4014.86
365.888	4079.86
366.529	4105.86
367.173	4031.86
367.814	4086.86
368.456	4140.86
369.099	4034.86
369.74	4047.86
370.381	4079.86
371.025	4090.86
371.666	4030.86
372.307	4117.86
372.95	4125.86
373.591	3994.86
374.232	4040.86
374.875	4069.86
375.516	3958.86
376.156	4059.86
376.797	4088.86
377.44	4011.86
378.081	4056.86
378.721	4030.86
379.362	4046.86
380.002	4064.86
380.645	3991.86
381.285	4116.86
381.926	4052.86
382.566	4113.86
383.206	4062.86
383.847	4115.86
384.489	3967.86
385.129	4027.86
385.769	4087.86
386.409	4060.86
387.049	4087.86
387.689	4108.86
388.329	4217.86
388.969	4074.86
389.609	4107.86
390.249	4096.86
390.889	4169.86
391.528	4053.86
392.168	4071.86
392.81	4067.86
393.449	4029.86
394.089	4052.86
394.726	4158.86
395.366	4037.86
396.005	4061.86
396.645	4090.86
397.284	4084.86
397.923	4115.86
398.562	4065.86
399.202	4136.86
399.841	4103.86
400.48	4135.86
401.119	4080.86
401.758	4172.86
402.397	4049.86
403.034	4040.86
403.673	4176.86
404.311	4072.86
404.95	4044.86
405.589	4055.86
406.228	4110.86
406.864	4119.86
407.503	4065.86
408.142	4043.86
408.78	4027.86
409.419	4199.86
410.055	4213.86
410.693	4157.86
411.332	4074.86
411.968	4043.86
412.606	4196.86
413.244	4094.86
413.883	3988.86
414.519	4068.86
415.157	4131.86
415.795	4140.86
416.431	4059.86
417.069	4121.86
417.707	4059.86
418.342	4184.86
418.98	4157.86
419.616	4110.86
420.254	4150.86
420.891	4046.86
421.527	4148.86
422.165	4129.86
422.8	4225.86
423.438	4130.86
424.075	4085.86
424.71	4037.86
425.348	4147.86
425.983	4118.86
426.62	4100.86
427.256	4022.86
427.893	4136.86
428.528	4246.86
429.165	4222.86
429.8	4147.86
430.435	4226.86
431.072	4213.86
431.707	4017.86
432.344	4170.86
432.979	4150.86
433.615	4216.86
434.25	4086.86
434.885	4328.86
435.521	4309.86
436.156	4261.86
436.79	4252.86
437.427	4262.86
438.061	4170.86
438.696	4290.86
439.332	4219.86
439.967	4109.86
440.601	4143.86
441.237	4224.86
441.871	4156.86
442.505	4211.86
443.142	4224.86
443.776	4233.86
444.41	4149.86
445.044	4169.86
445.678	4368.86
446.314	4237.86
446.947	4293.86
447.581	4324.86
448.215	4320.86
448.849	4224.86
449.484	4160.86
450.118	4267.86
450.752	4260.86
451.385	4306.86
452.018	4309.86
452.652	4316.86
453.285	4267.86
453.921	4253.86
454.554	4158.86
455.187	4315.86
455.821	4198.86
456.454	4334.86
457.087	4366.86
457.72	4382.86
458.353	4246.86
458.986	4237.86
459.619	4298.86
460.252	4339.86
460.885	4314.86
461.518	4294.86
462.15	4223.86
462.783	4371.86
463.416	4321.86
464.048	4271.86
464.681	4336.86
465.314	4348.86
465.946	4361.86
466.579	4231.86
467.209	4309.86
467.841	4436.86
468.474	4393.86
469.106	4418.86
469.738	4427.86
470.371	4397.86
471.003	4373.86
471.633	4497.86
472.265	4439.86
472.897	4409.86
473.529	4446.86
474.161	4386.86
474.791	4415.86
475.423	4423.86
476.054	4459.86
476.686	4375.86
477.318	4362.86
477.948	4224.86
478.579	4315.86
479.211	4415.86
479.84	4404.86
480.472	4366.86
481.103	4314.86
481.733	4373.86
482.364	4570.46
482.996	4426.32
483.625	4368.39
484.256	4470.39
484.887	4376.2
485.516	4407.22
486.148	4430.35
486.779	4420.6
487.408	4377.61
488.039	4389.2
488.668	4498.13
489.298	4477.75
489.927	4320.3
490.558	4434.37
491.187	4463.46
491.818	4451.72
492.446	4530.33
493.077	4384.61
493.705	4434.08
494.336	4445.56
494.964	4477.48
495.595	4464.57
496.223	4534.98
496.854	4399.45
497.482	4406.77
498.112	4586.95
498.741	4518.67
499.371	4429.22
499.999	4508.75
500.627	4414.23
501.257	4348.57
501.885	4372.36
502.513	4398.7
503.143	4435.96
503.771	4402.08
504.399	4494.38
505.029	4406.18
505.656	4430.72
506.284	4356.59
506.914	4424.6
507.541	4417.68
508.169	4474.85
508.796	4440.7
509.426	4346.62
510.054	4367.16
510.681	4439.17
511.308	4402.52
511.938	4362.15
512.565	4390.59
513.192	4443.49
513.819	4370.15
514.446	4405.47
515.076	4395.93
515.703	4447.33
516.33	4310.64
516.957	4386.54
517.584	4425.63
518.21	4363.97
518.837	4328.5
519.464	4337.59
520.093	4362.84
520.72	4455.8
521.346	4368.54
521.973	4292.92
522.6	4322.51
523.226	4360.59
523.853	4284.33
524.479	4303.16
525.105	4314.74
525.732	4301.56
526.358	4293.97
526.984	4289.54
527.611	4291
528.237	4363.71
528.863	4339.55
529.489	4186.03
530.115	4248.01
530.741	4311.67
531.365	4353.31
531.991	4368.88
532.617	4419.57
533.243	4278.64
533.869	4227.39
534.495	4278.05
535.12	4257.33
535.746	4269.85
536.369	4275.65
536.995	4274.01
537.621	4240.88
538.246	4198
538.872	4124.31
539.495	4189.55
540.12	4155.54
540.746	4171.08
541.371	4132.21
541.994	4179.98
542.62	4255.76
543.245	4246.75
543.87	4321.63
544.493	4239.98
545.118	4279.71
545.743	4220.62
546.366	4186.86
546.991	4250.27
547.616	4228.11
548.238	4227.83
548.863	4167.11
549.488	4248.63
550.111	4219.53
550.735	4212.28
551.36	4189.92
551.982	4169.59
552.607	4188.78
553.229	4200.84
553.854	4214.65
554.476	4087.68
555.101	4133.72
555.723	4160.97
556.347	4112.94
556.969	4074.36
557.594	4163.34
558.216	4128.87
558.84	4139.55
559.462	4123.55
560.086	4163.06
560.708	4156.25
561.332	4125.56
561.954	4086.5
562.578	4122.03
563.199	4153.35
563.821	4048.54
564.445	4047.84
565.066	4104.21
565.69	4027.31
566.312	4068.41
566.933	4140.79
567.557	4056.68
568.178	4123.93
568.799	4095.14
569.423	4111.14
570.044	4105.28
570.665	4007.66
571.289	4112.19
571.91	4011.95
572.531	4006.61
573.152	4056.38
573.775	4031.57
574.396	4079.02
575.017	4008.38
575.638	3959.36
576.261	3941.85
576.882	3981.92
577.503	3865.52
578.123	3925.35
578.744	3912.88
579.365	3908.82
579.987	3895.99
580.608	3897.29
581.229	3970.02
581.849	3806.77
582.47	3807.64
583.09	3930.03
583.71	3937.08
584.331	3918.99
584.951	3840.18
585.571	3785.08
586.194	3689.92
586.814	3591.05
587.434	3785.72
588.054	3760.88
588.674	3744.88
589.294	3699.94
589.914	3691.72
590.534	3684.31
591.154	3675.29
591.774	3712.06
592.391	3703.64
593.011	3713.87
593.631	3514.62
594.25	3542.74
594.87	3611.34
595.49	3562.79
596.109	3599.77
596.729	3711.22
597.348	3562.86
597.967	3709.63
598.585	3664.97
599.204	3644.82
599.823	3654.57
600.443	3675.93
601.062	3534.04
601.681	3586.61
602.298	3596.93
602.917	3582.94
603.536	3641.33
604.155	3598.64
604.772	3566.11
605.391	3594.24
606.01	3512.03
606.629	3538.64
607.245	3516.65
607.864	3576.27
608.483	3536.64
609.099	3493.78
609.718	3489.22
610.337	3522.62
610.953	3515.45
611.572	3469.82
612.19	3523.62
612.806	3432.02
613.425	3411.75
614.043	3415.18
614.659	3377.16
615.278	3485.28
615.894	3389.68
616.512	3453.84
617.128	3400.99
617.746	3389.52
618.364	3397.84
618.98	3343.78
619.598	3346.91
620.214	3334.63
620.832	3394.47
621.448	3392.57
622.065	3343.18
622.681	3276.71
623.297	3328.19
623.914	3250.57
624.53	3255.63
625.148	3298.68
625.763	3323.94
626.381	3229.07
626.996	3328.13
627.611	3299.16
628.229	3247.44
628.844	3346.15
629.459	3333.77
630.076	3322.11
630.692	3295.54
631.307	3315.7
631.924	3238.31
632.539	3300.14
633.154	3229.77
633.771	3310.19
634.386	3324.12
635.001	3271.28
635.615	3291.58
636.232	3254.1
636.847	3222.79
637.462	3221.95
638.076	3109.3
638.693	3128.44
639.308	3107.73
639.922	3094.12
640.537	3154.77
641.151	3219.04
641.768	3198.31
642.382	3202.09
642.996	3174.61
643.611	3157.8
644.225	3183.46
644.839	3181.48
645.453	3195.55
646.067	3230.68
646.681	3317.45
647.295	3130.61
647.912	3242.35
648.526	3201.37
649.139	3118
649.753	3196.51
650.367	3195.1
650.981	3176.03
651.595	3179.26
652.208	3232.98
652.822	3102.8
653.436	3166.8
654.049	3209.06
654.663	3245.01
655.274	3221.14
655.459	3269.14
656.081	3275.14
656.703	3243.14
657.323	3266.14
657.945	3099.14
658.567	3209.14
659.187	3219.14
659.809	3087.14
660.43	3230.14
661.05	3236.14
661.672	3132.14
662.293	3221.14
662.913	3198.14
663.534	3200.14
664.154	3128.14
664.775	3144.73
665.397	3143.85
666.016	3144.19
666.637	3145.28
667.257	3145.94
667.878	3131.95
668.497	3106.43
669.118	3105.72
669.737	3106.6
670.358	3105.22
670.977	3128
671.598	3125.47
672.217	3150.72
672.838	3152.09
673.457	3081.14
674.078	3086.14
674.696	3037.14
675.317	3154.14
675.936	3052.14
676.554	3137.14
677.175	3074.14
677.794	3243.14
678.414	3156.14
679.033	3137.14
679.651	3156.14
680.271	3077.14
680.89	3139.14
681.508	3176.14
682.128	3155.14
682.746	3123.14
683.365	3098.14
683.985	3174.14
684.603	3154.14
685.221	3105.14
685.839	3152.14
686.459	3165.14
687.077	3139.14
687.695	3155.14
688.312	3193.14
688.932	3123.14
689.55	3113.14
690.168	3061.14
690.785	3110.14
691.403	3129.14
692.023	3105.14
692.64	3164.14
693.258	3061.14
693.875	3135.14
694.492	3136.14
695.11	3050.14
695.729	3142.14
696.346	3137.14
696.964	3126.14
697.581	3135.14
698.198	3062.14
698.815	3183.14
699.432	3151.14
700.049	3072.14
700.666	3058.14
701.283	3068.14
701.9	3133.14
702.517	3049.14
703.134	3083.14
703.75	3179.14
704.367	3119.14
704.984	3106.14
705.6	3057.14
706.217	3032.14
706.834	3039.14
707.45	3129.14
708.067	3014.14
708.683	3028.14
709.299	3055.14
709.916	3159.14
710.532	3085.14
711.148	3125.14
711.765	3065.14
712.379	3147.14
712.995	3067.14
713.611	3048.14
714.227	3058.14
714.843	3089.14
715.459	3084.14
716.075	3088.14
716.689	3054.14
717.305	3015.14
717.921	3060.14
718.536	3058.14
719.15	3101.14
719.766	3060.14
720.381	2970.14
720.997	3003.14
721.611	2982.14
722.226	2956.14
722.842	2957.14
723.457	2989.14
724.07	3091.14
724.686	3115.14
725.301	2998.14
725.914	3040.14
726.53	3034.14
727.145	3010.14
727.758	3064.14
728.373	2956.14
728.988	2996.14
729.601	2968.14
730.216	3010.14
730.829	2960.14
731.444	3035.14
732.059	2968.14
732.672	2985.14
733.286	3100.14
733.899	3046.14
734.514	3094.14
735.126	2931.14
735.741	3017.14
736.354	2982.14
736.968	3008.14
737.581	3018.14
738.195	3032.14
738.807	2931.14
739.422	2993.14
740.034	2966.14
740.648	2933.14
741.261	2982.14
741.873	2960.14
742.487	2990.14
743.099	2934.14
743.713	2978.14
744.325	2961.14
744.937	2970.14
745.551	2926.14
746.163	3006.14
746.777	2938.14
747.389	2904.14
748	2964.14
748.614	2934.14
749.226	2905.14
749.838	2946.14
750.449	2947.14
751.063	2903.14
751.674	3046.14
752.286	2908.14
752.899	2971.14
753.511	2970.14
754.122	2932.14
754.733	2881.14
755.347	2968.14
755.958	2781.14
756.569	2897.14
757.18	2882.14
757.791	2841.14
758.402	2937.14
759.015	2896.14
759.626	2909.14
760.237	2871.14
760.848	2998.14
761.459	3018.14
762.07	2877.14
762.681	2897.14
763.294	2821.14
763.904	2907.14
764.515	2902.14
765.126	2881.14
765.736	2932.14
766.347	2899.14
766.957	2897.14
767.568	2947.14
768.178	2887.14
768.788	2907.14
769.399	2927.14
770.009	2899.14
770.619	2948.14
771.229	2907.14
771.84	2848.14
772.45	2967.14
773.06	2885.14
773.67	2798.14
774.28	2904.14
774.89	2881.14
775.5	2916.14
776.108	2803.14
776.717	2840.14
777.327	2903.14
777.937	2805.14
778.547	2849.14
779.156	2823.14
779.766	2861.14
780.374	2949.14
780.983	2836.14
781.593	2814.14
782.202	2839.14
782.812	2753.14
783.421	2828.14
784.028	2827.14
784.638	2889.14
785.247	2923.14
785.856	2853.14
786.463	2878.14
787.073	2800.14
787.682	2725.14
788.289	2893.14
788.898	2812.14
789.507	2903.14
790.116	2821.14
790.722	2813.14
791.331	2797.14
791.94	2737.14
792.547	2777.14
793.156	2770.14
793.762	2795.14
794.371	2839.14
794.98	2784.14
795.586	2855.14
796.195	2757.14
796.801	2730.14
797.41	2747.14
798.018	2748.14
798.624	2777.14
799.233	2765.14
799.839	2757.14
800.447	2796.14
801.054	2784.14
801.662	2749.14
802.268	2815.14
802.876	2671.14
803.482	2756.14
804.09	2784.14
804.696	2748.14
805.304	2694.14
805.91	2812.14
806.516	2764.14
807.123	2722.14
807.729	2728.14
808.337	2769.14
808.943	2734.14
809.548	2729.14
810.156	2757.14
810.761	2649.14
811.367	2599.14
811.974	2765.14
812.58	2759.14
813.185	2700.14
813.792	2737.14
814.398	2708.14
815.003	2719.14
815.61	2750.14
816.216	2828.14
816.821	2742.14
817.426	2741.14
818.033	2692.14
818.638	2641.14
819.243	2721.14
819.848	2759.14
820.455	2732.14
821.06	2684.14
821.664	2712.14
822.269	2797.14
822.874	2701.14
823.479	2703.14
824.085	2746.14
824.69	2684.14
825.294	2745.14
825.899	2716.14
826.504	2755.14
827.108	2704.14
827.712	2723.14
828.317	2722.14
828.921	2703.14
829.527	2663.14
830.132	2680.14
830.736	2743.14
831.34	2798.14
831.944	2739.14
832.548	2784.14
833.152	2697.14
833.756	2799.14
834.36	2702.14
834.964	2676.14
835.568	2737.14
836.172	2778.14
836.776	2766.14
837.38	2735.14
837.981	2702.14
838.585	2771.14
839.189	2685.14
839.792	2790.14
840.396	2828.14
841	2679.14
841.603	2809.14
842.206	2801.14
842.81	2682.14
843.411	2715.14
844.015	2855.14
844.618	2756.14
845.221	2811.14
845.824	2797.14
846.425	2785.14
847.029	2819.14
847.632	2713.14
848.235	2742.14
848.838	2800.14
849.439	2748.14
850.042	2885.14
850.645	2715.14
851.245	2793.14
851.848	2806.14
852.451	2825.14
853.054	2722.14
853.654	2917.14
854.257	2860.14
854.86	2877.14
855.46	2868.14
856.063	2873.14
856.665	2797.14
857.266	3022.14
857.868	2813.14
858.469	2856.14
859.071	2833.14
859.673	2894.14
860.273	2920.14
860.876	2922.14
861.476	2919.14
862.078	2922.14
862.678	2960.14
863.28	2946.14
863.88	2938.14
864.482	2987.14
865.082	2901.14
865.684	2891.14
866.284	2893.14
866.886	2931.14
867.485	2921.14
868.087	2931.14
868.687	2992.14
869.289	3031.14
869.888	3032.14
870.488	2962.14
871.089	2957.14
871.689	3023.14
872.29	3029.14
872.89	2946.14
873.489	3045.14
874.09	3009.14
874.69	3041.14
875.289	2944.14
875.89	2949.14
876.489	2988.14
877.088	3040.14
877.69	3051.14
878.289	3061.14
878.888	3086.14
879.486	3038.14
880.087	3048.14
880.686	2999.14
881.285	3104.14
881.884	3097.14
882.485	3112.14
883.084	3055.14
883.682	3107.14
884.281	3081.14
884.879	3067.14
885.478	3017.14
886.079	3090.14
886.677	3050.14
887.276	3105.14
887.874	3028.14
888.472	3015.14
889.071	3021.14
889.669	3043.14
890.267	3088.14
890.868	3114.14
891.466	3074.14
892.064	3217.14
892.662	3132.14
893.26	3202.14
893.858	3149.14
894.456	3045.14
895.054	3087.14
895.652	3191.14
896.25	3129.14
896.848	3147.14
897.445	3189.14
898.043	3102.14
898.641	3130.14
899.239	3162.14
899.836	3184.14
900.434	3188.14
901.029	3279.14
901.627	3261.14
902.224	3216.14
902.822	3235.14
903.419	3123.14
904.016	3179.14
904.614	3191.14
905.211	3127.14
905.806	3243.14
906.404	3243.14
907.001	3194.14
907.598	3297.14
908.195	3213.14
908.79	3304.14
909.387	3258.14
909.984	3213.14
910.581	3200.14
911.178	3245.14
911.773	3285.14
912.369	3275.14
912.966	3216.14
913.561	3242.14
914.157	3244.14
914.754	3292.14
915.351	3368.14
915.945	3280.14
916.542	3186.14
917.136	3185.14
917.733	3200.14
918.329	3247.14
918.924	3232.14
919.52	3313.14
920.116	3241.14
920.71	3319.14
921.307	3307.14
921.901	3249.14
922.497	3197.14
923.091	3234.14
923.687	3135.14
924.283	3296.14
924.877	3361.14
925.473	3221.14
926.067	3296.14
926.663	3239.14
927.257	3273.14
927.853	3310.14
928.446	3317.14
929.04	3331.14
929.636	3423.14
930.229	3306.14
930.825	3270.14
931.418	3329.14
932.014	3378.14
932.607	3312.14
933.201	3367.14
933.796	3418.14
934.39	3342.14
934.985	3266.14
935.578	3307.14
936.171	3330.14
936.767	3376.14
937.36	3399.14
937.953	3229.14
938.546	3266.14
939.141	3378.14
939.734	3437.14
940.327	3417.14
940.922	3382.14
941.515	3378.14
942.108	3381.14
942.7	3313.14
943.293	3351.14
943.888	3350.14
944.481	3393.14
945.073	3399.14
945.666	3442.14
946.258	3345.14
946.853	3327.14
947.445	3361.14
948.038	3382.14
948.63	3333.14
949.223	3338.14
949.815	3337.14
950.407	3388.14
951	3291.14
951.594	3378.14
952.186	3377.31
952.778	3454.2
953.37	3399.78
953.962	3333.18
954.554	3341.45
955.146	3371.89
955.738	3266.41
956.33	3278.96
956.922	3405.74
957.514	3409.32
958.106	3394.57
958.698	3407.4
959.289	3428.87
959.881	3357.63
960.473	3276.44
961.064	3397.22
961.654	3391.71
962.245	3386.42
962.837	3407.85
963.428	3387.15
964.02	3385.37
964.611	3321.78
965.202	3391.47
965.794	3363
966.383	3404.18
966.974	3423.87
967.565	3411.93
968.157	3380.26
968.748	3399.09
969.337	3433.15
969.928	3353.06
970.519	3352.73
971.11	3350.58
971.699	3389.45
972.289	3312.91
972.88	3288.49
973.471	3238.81
974.06	3187.79
974.651	3307.73
975.241	3224.67
975.83	3344.95
976.42	3282.38
977.011	3341.84
977.6	3326.29
978.19	3309.25
978.781	3285.2
979.369	3281.89
979.959	3241.5
980.55	3312.76
981.138	3296.61
981.728	3273.12
982.316	3226.73
982.907	3312.45
983.495	3354.57
984.085	3319.34
984.673	3329.52
985.263	3348.41
985.851	3269.21
986.441	3333.95
987.029	3266.27
987.619	3293.2
988.206	3260.38
988.796	3172.25
989.384	3239.37
989.974	3182.62
990.561	3281.26
991.151	3246.63
991.739	3275.31
992.326	3331.55
992.916	3279.79
993.503	3293.7
994.093	3255.35
994.68	3286.36
995.267	3225.07
995.857	3289.71
996.444	3185.35
997.031	3234.75
997.621	3216.23
998.208	3199.08
998.795	3226.35
999.382	3243.01
999.971	3249.55
1000.56	3211.44
1001.15	3240.94
1001.73	3174.42
1002.32	3163.81
1002.91	3228.15
1003.49	3312.32
1004.08	3145.06
1004.67	3174.85
1005.26	3217.24
1005.84	3225.49
1006.43	3302.62
1007.02	3156.05
1007.6	3200.04
1008.19	3176.5
1008.78	3200.12
1009.37	3201.15
1009.95	3141.3
1010.54	3199
1011.12	3194.16
1011.71	3106.49
1012.3	3139.13
1012.88	3089.58
1013.47	3133.49
1014.06	3177.05
1014.64	3135.11
1015.23	3124.02
1015.81	3108.76
1016.4	3097.15
1016.99	3163.07
1017.57	3043.64
1018.16	3037.16
1018.74	3114.7
1019.33	3072.55
1019.91	3054.02
1020.5	3072.77
1021.09	3016.95
1021.67	3077.01
1022.26	2978.74
1022.84	3021.43
1023.43	3063.3
1024.01	3042.48
1024.6	3023.55
1025.18	2938
1025.77	3032.45
1026.35	3040.02
1026.94	3022.11
1027.52	2977.4
1028.11	3006.45
1028.69	2988.95
1029.28	2938.48
1029.86	2950.67
1030.45	2923.78
1031.03	2892.62
1031.61	2983.2
1032.2	2892.59
1032.78	2955
1033.37	2951.33
1033.95	2885.47
1034.54	2948.17
1035.12	2867.47
1035.7	2945.02
1036.29	2905.18
1036.87	2807.2
1037.46	2858.48
1038.04	2808.12
1038.62	2855.09
1039.21	2814.17
1039.79	2823.79
1040.38	2825.46
1040.96	2732.88
1041.54	2733.47
1042.13	2716
1042.71	2727.75
1043.29	2721.49
1043.88	2695.42
1044.46	2728.81
1045.04	2743.21
1045.63	2733.07
1046.21	2761.44
1046.79	2713.99
1047.37	2743.2
1047.96	2784.35
1048.54	2782.91
1049.12	2654.86
1049.71	2605.94
1050.29	2540.63
1050.87	2663.75
1051.45	2629.38
1052.04	2601.8
1052.62	2595.49
1053.2	2620.85
1053.78	2613.23
1054.36	2586.79
1054.95	2583.78
1055.53	2604.33
1056.11	2594.66
1056.69	2428.68
1057.28	2461.12
1057.86	2538.14
1058.44	2573.16
1059.02	2569.84
1059.6	2562.17
1060.18	2492.34
1060.77	2547.4
1061.35	2580.08
1061.93	2563.51
1062.51	2536.44
1063.09	2511.24
1063.67	2533.49
1064.25	2497.28
1064.83	2488.77
1065.42	2546.82
1066	2516.15
1066.58	2553.05
1067.16	2508.51
1067.74	2497.35
1068.32	2484.67
1068.9	2388.68
1069.48	2443.97
1070.06	2455.6
1070.64	2451.96
1071.22	2423.17
1071.81	2427.09
1072.39	2413.38
1072.97	2447.44
1073.55	2408.45
1074.13	2418.32
1074.71	2406.21
1075.29	2413.84
1075.87	2341.08
1076.45	2321.58
1077.03	2309.61
1077.61	2310.9
1078.19	2331.08
1078.77	2332.76
1079.35	2264.66
1079.93	2348.82
1080.51	2341.71
1081.09	2248.5
1081.67	2335.54
1082.24	2212.67
1082.82	2276.1
1083.4	2325.54
1083.98	2261.6
1084.56	2252.45
1085.14	2232.63
1085.72	2201.69
1086.3	2171.94
1086.88	2164.71
1087.46	2280.75
1088.03	2234.22
1088.61	2105.3
1089.19	2273.57
1089.77	2192.79
1090.35	2222.95
1090.93	2132.54
1091.51	2160.03
1092.09	2166.55
1092.66	2201.99
1093.24	2205.09
1093.82	2137.99
1094.4	2119.38
1094.98	2199.32
1095.56	2164.65
1096.13	2125.35
1096.71	2058.46
1097.29	2069.42
1097.87	1997.68
1098.45	2034.13
1099.02	1971.99
1099.6	2036.82
1100.18	1890.22
1100.76	2031.98
1101.28	1991.98
1101.86	1999.98
1102.45	1997.98
1103.03	2028.98
1103.62	2001.98
1104.21	2004.98
1104.79	2104.98
1105.38	2028.98
1105.96	2056.98
1106.55	1987.98
1107.13	1970.98
1107.72	1981.98
1108.3	2024.98
1108.89	1911.98
1109.48	2006.98
1110.06	1874.98
1110.65	1840.98
1111.23	1919.98
1111.82	1812.98
1112.4	1951.98
1112.99	1940.98
1113.57	1917.98
1114.16	1889.98
1114.74	1934.98
1115.33	1995.98
1115.91	1877.98
1116.49	1894.98
1117.08	1947.98
1117.66	1873.98
1118.25	1943.98
1118.83	1937.98
1119.42	1853.98
1120	1833.98
1120.59	1967.98
1121.17	1859.98
1121.76	1907.98
1122.34	1856.98
1122.92	1781.98
1123.51	1798.98
1124.09	1711.98
1124.67	1737.98
1125.26	1680.98
1125.84	1820.63
1126.43	1791.02
1127.01	1789.53
1127.59	1785.7
1128.18	1782.22
1128.76	1778.9
1129.34	1775.1
1129.93	1770.23
1130.51	1790.77
1131.09	1674.98
1131.68	1712.98
1132.26	1721.98
1132.84	1783.98
1133.43	1782.98
1134.01	1786.98
1134.59	1730.98
1135.17	1773.98
1135.76	1701.98
1136.34	1751.98
1136.92	1696.98
1137.51	1787.98
1138.09	1670.98
1138.67	1751.98
1139.25	1704.98
1139.83	1715.98
1140.42	1752.98
1141	1679.98
1141.58	1770.98
1142.16	1766.98
1142.75	1753.98
1143.33	1718.98
1143.91	1669.98
1144.49	1667.98
1145.07	1692.98
1145.66	1654.98
1146.24	1697.98
1146.82	1627.98
1147.4	1649.98
1147.98	1642.98
1148.56	1700.98
1149.15	1679.98
1149.73	1631.98
1150.31	1671.98
1150.89	1659.98
1151.47	1648.98
1152.05	1711.98
1152.63	1699.98
1153.21	1694.98
1153.8	1667.98
1154.38	1651.98
1154.96	1697.98
1155.54	1668.98
1156.12	1626.98
1156.7	1597.98
1157.28	1598.98
1157.86	1564.98
1158.44	1630.98
1159.02	1598.98
1159.6	1599.98
1160.18	1573.98
1160.76	1665.98
1161.34	1562.98
1161.92	1613.98
1162.5	1627.98
1163.08	1602.98
1163.66	1634.98
1164.24	1580.98
1164.82	1609.98
1165.4	1520.98
1165.98	1620.98
1166.56	1572.98
1167.14	1561.98
1167.72	1531.98
1168.3	1569.98
1168.88	1582.98
1169.46	1570.98
1170.04	1567.98
1170.62	1554.98
1171.2	1608.98
1171.78	1488.98
1172.36	1488.98
1172.94	1591.98
1173.52	1528.98
1174.1	1533.98
1174.67	1527.98
1175.25	1551.98
1175.83	1464.98
1176.41	1478.98
1176.99	1480.98
1177.57	1503.98
1178.15	1524.98
1178.73	1500.98
1179.31	1499.98
1179.88	1505.98
1180.46	1520.98
1181.04	1493.98
1181.62	1512.98
1182.2	1475.98
1182.77	1451.98
1183.35	1563.98
1183.93	1507.98
1184.51	1498.98
1185.09	1533.98
1185.67	1474.98
1186.24	1568.98
1186.82	1487.98
1187.4	1521.98
1187.98	1498.98
1188.55	1439.98
1189.13	1476.98
1189.71	1492.98
1190.29	1476.98
1190.86	1485.98
1191.44	1444.98
1192.02	1419.98
1192.6	1478.98
1193.17	1442.98
1193.75	1446.98
1194.33	1497.98
1194.91	1428.98
1195.48	1420.98
1196.06	1469.98
1196.64	1424.98
1197.21	1419.98
1197.79	1379.98
1198.37	1415.98
1198.94	1385.98
1199.52	1417.98
1200.1	1446.98
1200.67	1432.98
1201.25	1459.98
1201.83	1432.98
1202.4	1403.98
1202.98	1473.98
1203.55	1368.98
1204.13	1414.98
1204.71	1424.98
1205.28	1401.98
1205.86	1412.98
1206.44	1395.98
1207.01	1431.98
1207.59	1426.98
1208.16	1420.98
1208.74	1380.98
1209.31	1372.98
1209.89	1385.98
1210.47	1410.98
1211.04	1392.98
1211.62	1342.98
1212.19	1420.98
1212.77	1332.98
1213.34	1344.98
1213.92	1401.98
1214.49	1377.98
1215.07	1395.98
1215.64	1412.98
1216.22	1370.98
1216.79	1411.98
1217.37	1330.98
1217.94	1338.98
1218.52	1378.98
1219.09	1361.98
1219.67	1407.98
1220.24	1335.98
1220.82	1395.98
1221.39	1387.98
1221.97	1386.98
1222.54	1378.98
1223.11	1345.98
1223.69	1311.98
1224.26	1410.98
1224.84	1372.98
1225.41	1350.98
1225.98	1344.98
1226.56	1425.98
1227.13	1371.98
1227.71	1393.98
1228.28	1338.98
1228.85	1372.98
1229.43	1380.98
1230	1401.98
1230.57	1439.98
1231.15	1369.98
1231.72	1415.98
1232.3	1372.98
1232.87	1346.98
1233.44	1364.98
1234.01	1348.98
1234.59	1378.98
1235.16	1341.98
1235.73	1383.98
1236.31	1399.98
1236.88	1390.98
1237.45	1367.98
1238.03	1356.98
1238.6	1369.98
1239.17	1381.98
1239.74	1429.98
1240.32	1356.98
1240.89	1360.98
1241.46	1330.98
1242.03	1350.98
1242.61	1380.98
1243.18	1319.98
1243.75	1315.98
1244.32	1307.98
1244.9	1320.98
1245.47	1323.98
1246.04	1372.98
1246.61	1321.98
1247.18	1332.98
1247.76	1312.98
1248.33	1314.98
1248.9	1362.98
1249.47	1366.98
1250.04	1411.98
1250.62	1313.98
1251.19	1277.98
1251.76	1292.98
1252.33	1343.98
1252.9	1339.98
1253.47	1374.98
1254.04	1291.98
1254.61	1341.98
1255.19	1300.98
1255.76	1341.98
1256.33	1313.98
1256.9	1371.98
1257.47	1324.98
1258.04	1402.98
1258.61	1335.98
1259.18	1312.98
1259.75	1332.98
1260.32	1377.98
1260.9	1273.98
1261.47	1308.98
1262.04	1349.98
1262.61	1384.98
1263.18	1356.98
1263.75	1313.98
1264.32	1379.98
1264.89	1277.98
1265.46	1323.98
1266.03	1351.98
1266.6	1311.98
1267.17	1286.98
1267.74	1322.98
1268.31	1310.98
1268.88	1366.98
1269.45	1317.98
1270.02	1360.98
1270.59	1309.98
1271.16	1332.98
1271.73	1309.98
1272.3	1322.98
1272.87	1337.98
1273.44	1297.98
1274.01	1275.98
1274.58	1305.98
1275.15	1291.98
1275.71	1353.98
1276.28	1334.98
1276.85	1297.98
1277.42	1300.98
1277.99	1359.98
1278.56	1332.98
1279.13	1334.98
1279.7	1324.98
1280.27	1299.98
1280.83	1379.98
1281.4	1367.98
1281.97	1304.98
1282.54	1383.98
1283.11	1283.98
1283.68	1317.98
1284.25	1368.98
1284.81	1347.98
1285.38	1325.98
1285.95	1322.98
1286.52	1361.98
1287.09	1332.98
1287.65	1267.98
1288.22	1330.98
1288.79	1321.98
1289.36	1296.98
1289.93	1337.98
1290.49	1263.98
1291.06	1355.98
1291.63	1308.98
1292.2	1296.98
1292.76	1252.98
1293.33	1328.98
1293.9	1341.98
1294.47	1335.98
1295.03	1310.98
1295.6	1320.98
1296.17	1285.98
1296.74	1265.98
1297.3	1294.98
1297.87	1334.98
1298.44	1315.98
1299	1335.98
1299.57	1349.98
1300.14	1294.98
1300.7	1260.98
1301.27	1324.98
1301.84	1328.98
1302.4	1289.98
1302.97	1219.98
1303.54	1356.98
1304.1	1273.98
1304.67	1266.98
1305.24	1311.98
1305.8	1312.98
1306.37	1314.98
1306.94	1277.98
1307.5	1259.98
1308.07	1284.98
1308.64	1289.98
1309.2	1317.98
1309.77	1293.98
1310.33	1316.98
1310.9	1310.98
1311.46	1332.98
1312.03	1347.98
1312.6	1292.98
1313.16	1270.98
1313.73	1251.98
1314.29	1270.98
1314.86	1298.98
1315.42	1208.98
1315.99	1294.98
1316.55	1303.98
1317.12	1320.98
1317.68	1283.98
1318.25	1267.98
1318.81	1348.98
1319.38	1257.98
1319.94	1339.98
1320.51	1252.98
1321.07	1337.98
1321.64	1291.98
1322.2	1252.98
1322.77	1284.98
1323.33	1236.98
1323.9	1252.98
1324.46	1300.98
1325.02	1316.98
1325.59	1294.98
1326.15	1315.98
1326.72	1281.98
1327.28	1341.98
1327.85	1320.98
1328.41	1297.98
1328.98	1231.98
1329.54	1304.98
1330.1	1264.98
1330.67	1257.98
1331.23	1246.98
1331.79	1320.98
1332.36	1262.98
1332.92	1312.98
1333.48	1337.98
1334.05	1257.98
1334.61	1305.98
1335.18	1299.98
1335.74	1259.98
1336.3	1226.98
1336.87	1279.98
1337.43	1240.98
1337.99	1298.98
1338.56	1267.98
1339.12	1258.98
1339.68	1265.98
1340.24	1301.98
1340.81	1278.98
1341.37	1259.98
1341.93	1289.98
1342.5	1302.98
1343.06	1263.98
1343.62	1287.98
1344.18	1286.98
1344.75	1281.98
1345.31	1232.98
1345.87	1266.98
1346.43	1324.98
1347	1335.98
1347.56	1295.98
1348.12	1266.98
1348.68	1282.98
1349.24	1239.98
1349.81	1246.98
1350.37	1294.98
1350.93	1295.98
1351.49	1219.98
1352.05	1225.98
1352.62	1297.98
1353.18	1233.98
1353.74	1288.98
1354.3	1258.98
1354.86	1272.98
1355.42	1326.98
1355.99	1277.98
1356.55	1255.98
1357.11	1296.98
1357.67	1273.98
1358.23	1235.98
1358.79	1225.98
1359.35	1192.98
1359.91	1262.98
1360.47	1238.98
1361.04	1293.98
1361.6	1216.98
1362.16	1217.98
1362.72	1294.98
1363.28	1244.98
1363.84	1253.98
1364.4	1227.98
1364.96	1269.98
1365.52	1235.98
1366.08	1287.98
1366.64	1277.98
1367.2	1196.98
1367.76	1282.98
1368.32	1251.98
1368.88	1215.98
1369.44	1206.98
1370	1261.98
1370.56	1251.98
1371.12	1277.98
1371.68	1296.98
1372.24	1291.98
1372.8	1269.98
1373.36	1272.98
1373.92	1285.98
1374.48	1283.98
1375.04	1253.98
1375.6	1263.98
1376.16	1284.98
1376.72	1305.98
1377.28	1246.98
1377.84	1269.98
1378.4	1225.98
1378.96	1265.98
1379.52	1255.98
1380.07	1229.98
1380.63	1238.98
1381.19	1198.98
1381.75	1233.98
1382.31	1283.98
1382.87	1223.98
1383.43	1223.98
1383.99	1261.98
1384.54	1287.98
1385.1	1233.98
1385.66	1244.98
1386.22	1231.98
1386.78	1272.98
1387.34	1253.98
1387.9	1261.98
1388.45	1282.98
1389.01	1256.98
1389.57	1266.98
1390.13	1288.98
1390.69	1196.98
1391.24	1290.98
1391.8	1198.98
1392.36	1242.98
1392.92	1293.98
1393.48	1262.98
1394.03	1265.98
1394.59	1319.98
1395.15	1263.98
1395.71	1271.98
1396.26	1239.98
1396.82	1257.98
1397.38	1316.98
1397.94	1218.98
1398.49	1247.98
1399.05	1259.98
1399.61	1282.98
1400.17	1274.98
2600.02	1151.76
2600.5	1185.76
2600.97	1143.76
2601.44	1152.76
2601.92	1166.76
2602.39	1152.76
2602.87	1153.76
2603.34	1101.76
2603.82	1208.76
2604.29	1201.76
2604.76	1210.76
2605.24	1202.76
2605.71	1191.76
2606.19	1172.76
2606.66	1163.76
2607.13	1198.76
2607.61	1232.76
2608.08	1192.76
2608.55	1160.76
2609.03	1152.76
2609.5	1149.76
2609.97	1173.76
2610.45	1175.76
2610.92	1157.76
2611.39	1219.76
2611.87	1214.76
2612.34	1153.76
2612.81	1219.76
2613.29	1169.76
2613.76	1119.76
2614.23	1116.76
2614.7	1076.76
2615.18	1148.76
2615.65	1202.76
2616.12	1166.76
2616.6	1187.76
2617.07	1144.76
2617.54	1167.76
2618.01	1146.76
2618.49	1145.76
2618.96	1186.76
2619.43	1175.76
2619.91	1157.76
2620.38	1191.76
2620.85	1158.76
2621.32	1175.76
2621.8	1189.76
2622.27	1208.76
2622.74	1255.76
2623.21	1224.76
2623.68	1169.76
2624.16	1167.76
2624.63	1147.76
2625.1	1166.76
2625.57	1178.76
2626.04	1216.76
2626.52	1167.76
2626.99	1189.76
2627.46	1126.76
2627.93	1198.76
2628.4	1145.76
2628.88	1221.76
2629.35	1194.76
2629.82	1204.76
2630.29	1183.76
2630.76	1156.76
2631.23	1224.76
2631.71	1210.76
2632.18	1191.76
2632.65	1173.76
2633.12	1165.76
2633.59	1151.76
2634.06	1179.76
2634.53	1143.76
2635	1171.76
2635.48	1204.76
2635.95	1120.76
2636.42	1186.76
2636.89	1172.76
2637.36	1167.76
2637.83	1139.76
2638.3	1202.76
2638.77	1180.76
2639.24	1146.76
2639.71	1122.76
2640.18	1146.76
2640.65	1178.76
2641.13	1198.76
2641.6	1140.76
2642.07	1188.76
2642.54	1171.76
2643.01	1216.76
2643.48	1157.76
2643.95	1187.76
2644.42	1178.76
2644.89	1173.76
2645.36	1182.76
2645.83	1193.76
2646.3	1142.76
2646.77	1143.76
2647.24	1153.76
2647.71	1173.76
2648.18	1111.76
2648.65	1168.76
2649.12	1125.76
2649.59	1092.76
2650.06	1139.76
2650.53	1141.76
2651	1125.76
2651.47	1131.76
2651.94	1152.76
2652.41	1124.76
2652.88	1177.76
2653.35	1175.76
2653.81	1190.76
2654.28	1189.76
2654.75	1196.76
2655.22	1193.76
2655.69	1091.76
2656.16	1155.76
2656.63	1155.29
2657.1	1146.31
2657.57	1146.72
2658.04	1125.42
2658.51	1125.5
2658.97	1125.36
2659.44	1125.57
2659.91	1125.12
2660.38	1145.52
2660.85	1144.85
2661.32	1155.55
2661.79	1154.08
2662.26	1096.76
2662.73	1162.76
2663.19	1136.76
2663.66	1177.76
2664.13	1212.76
2664.6	1186.76
2665.07	1117.76
2665.54	1159.76
2666	1189.76
2666.47	1148.76
2666.94	1088.76
2667.41	1144.76
2667.88	1179.76
2668.35	1204.76
2668.81	1157.76
2669.28	1190.76
2669.75	1159.76
2670.22	1113.76
2670.69	1130.76
2671.15	1148.76
2671.62	1156.76
2672.09	1191.76
2672.56	1147.76
2673.02	1143.76
2673.49	1182.76
2673.96	1186.76
2674.43	1189.76
2674.89	1176.76
2675.36	1154.76
2675.83	1145.76
2676.3	1157.76
2676.76	1136.76
2677.23	1181.76
2677.7	1159.76
2678.16	1134.76
2678.63	1107.76
2679.1	1127.76
2679.57	1120.76
2680.03	1153.76
2680.5	1117.76
2680.97	1199.76
2681.43	1119.76
2681.9	1187.76
2682.37	1171.76
2682.84	1127.76
2683.3	1194.76
2683.77	1153.76
2684.23	1113.76
2684.7	1188.76
2685.17	1159.76
2685.63	1173.76
2686.1	1177.76
2686.57	1176.76
2687.03	1172.76
2687.5	1207.76
2687.97	1111.76
2688.43	1168.76
2688.9	1195.76
2689.36	1156.76
2689.83	1204.76
2690.3	1190.76
2690.76	1150.76
2691.23	1127.76
2691.69	1178.76
2692.16	1144.76
2692.63	1168.76
2693.09	1168.76
2693.56	1168.76
2694.02	1114.76
2694.49	1128.39
2694.96	1127.45
2695.42	1080.76
2695.89	1143.85
2696.35	1107.76
2696.82	1113.76
2697.28	1120.76
2697.75	1136.76
2698.21	1159.76
2698.68	1149.76
2699.14	1170.76
2699.61	1117.76
2700.07	1103.76
2700.54	1168.76
2701	1146.76
2701.47	1143.76
2701.93	1181.76
2702.4	1177.76
2702.86	1122.76
2703.33	1119.76
2703.79	1113.76
2704.26	1136.76
2704.72	1086.76
2705.19	1162.76
2705.65	1160.76
2706.12	1133.76
2706.58	1152.76
2707.05	1147.76
2707.51	1153.76
2707.98	1181.76
2708.44	1105.76
2708.9	1156.76
2709.37	1140.76
2709.83	1246.76
2710.3	1145.76
2710.76	1166.76
2711.23	1180.76
2711.69	1207.76
2712.15	1180.76
2712.62	1163.76
2713.08	1150.76
2713.55	1184.76
2714.01	1135.76
2714.47	1160.76
2714.94	1134.76
2715.4	1139.76
2715.86	1072.76
2716.33	1141.47
2716.79	1141.23
2717.25	1125.66
2717.72	1126.47
2718.18	1126.38
2718.65	1125.49
2719.11	1125.28
2719.57	1125.06
2720.04	1140
2720.5	1139.12
2720.96	1071.76
2721.42	1126.76
2721.89	1096.76
2722.35	1134.76
2722.81	1124.76
2723.28	1113.76
2723.74	1190.76
2724.2	1183.76
2724.67	1160.76
2725.13	1151.76
2725.59	1154.76
2726.06	1171.76
2726.52	1131.76
2726.98	1169.76
2727.44	1153.76
2727.91	1179.76
2728.37	1139.76
2728.83	1117.76
2729.29	1192.76
2729.76	1181.76
2730.22	1149.76
2730.68	1136.76
2731.14	1205.76
2731.6	1164.76
2732.07	1134.76
2732.53	1113.76
2732.99	1152.76
2733.45	1168.76
2733.92	1149.76
2734.38	1152.76
2734.84	1125.76
2735.3	1178.76
2735.76	1141.76
2736.22	1100.76
2736.69	1108.76
2737.15	1149.76
2737.61	1115.76
2738.07	1127.76
2738.53	1151.76
2739	1153.76
2739.46	1200.76
2739.92	1116.76
2740.38	1155.76
2740.84	1115.76
2741.3	1160.76
2741.76	1157.76
2742.23	1168.76
2742.69	1128.76
2743.15	1182.76
2743.61	1182.76
2744.07	1143.76
2744.53	1092.76
2744.99	1145.76
2745.45	1157.76
2745.91	1098.76
2746.37	1156.76
2746.83	1144.76
2747.3	1163.76
2747.76	1127.76
2748.22	1122.76
2748.68	1155.76
2749.14	1136.76
2749.6	1158.76
2750.06	1149.76
2750.52	1133.76
2750.98	1144.76
2751.44	1135.76
2751.9	1114.76
2752.36	1184.76
2752.82	1113.76
2753.28	1156.76
2753.74	1162.76
2754.2	1113.76
2754.66	1136.76
2755.12	1132.76
2755.58	1157.76
2756.04	1102.76
2756.5	1150.76
2756.96	1117.76
2757.42	1156.76
2757.88	1166.76
2758.34	1184.76
2758.8	1191.76
2759.26	1155.76
2759.72	1131.76
2760.18	1173.76
2760.64	1171.76
2761.1	1115.76
2761.56	1163.76
2762.02	1141.76
2762.48	1131.76
2762.94	1139.76
2763.4	1132.76
2763.86	1141.76
2764.32	1146.76
2764.78	1079.76
2765.23	1132.76
2765.69	1134.76
2766.15	1162.76
2766.61	1183.76
2767.07	1182.76
2767.53	1106.76
2767.99	1136.76
2768.45	1149.76
2768.91	1130.76
2769.36	1172.76
2769.82	1114.76
2770.28	1140.76
2770.74	1155.76
2771.2	1113.76
2771.66	1181.76
2772.12	1167.76
2772.57	1135.76
2773.03	1144.76
2773.49	1185.76
2773.95	1144.76
2774.41	1119.76
2774.87	1152.76
2775.32	1153.76
2775.78	1179.76
2776.24	1096.76
2776.7	1125.76
2777.16	1155.76
2777.62	1159.76
2778.07	1160.76
2778.53	1181.76
2778.99	1093.76
2779.45	1133.76
2779.91	1119.76
2780.36	1133.76
2780.82	1151.76
2781.28	1168.76
2781.74	1142.76
2782.19	1174.76
2782.65	1113.76
2783.11	1131.76
2783.57	1150.76
2784.02	1126.76
2784.48	1131.76
2784.94	1180.76
2785.39	1142.76
2785.85	1164.76
2786.31	1133.76
2786.77	1150.76
2787.22	1134.76
2787.68	1104.76
2788.14	1141.76
2788.6	1107.76
2789.05	1122.76
2789.51	1127.76
2789.97	1107.76
2790.42	1082.76
2790.88	1123.76
2791.34	1120.76
2791.79	1171.76
2792.25	1159.76
2792.71	1125.76
2793.16	1164.76
2793.62	1136.76
2794.07	1132.76
2794.53	1087.76
2794.99	1125.76
2795.44	1109.76
2795.9	1119.76
2796.36	1092.76
2796.81	1121.76
2797.27	1120.76
2797.73	1136.76
2798.18	1131.76
2798.64	1122.76
2799.09	1202.76
2799.55	1145.76
2800.01	1131.76
2800.46	1185.76
2800.92	1161.76
2801.37	1170.76
2801.83	1191.76
2802.29	1163.76
2802.74	1125.76
2803.2	1149.76
2803.65	1174.76
2804.11	1151.76
2804.56	1126.76
2805.02	1120.76
2805.47	1135.76
2805.93	1105.76
2806.38	1153.76
2806.84	1127.76
2807.3	1115.76
2807.75	1132.76
2808.21	1081.76
2808.66	1119.76
2809.12	1217.76
2809.57	1181.76
2810.03	1154.76
2810.48	1117.76
2810.93	1104.76
2811.39	1102.76
2811.85	1111.76
2812.3	1154.76
2812.75	1147.76
2813.21	1151.76
2813.66	1155.76
2814.12	1132.76
2814.57	1150.76
2815.03	1179.76
2815.48	1140.76
2815.94	1146.76
2816.39	1177.76
2816.84	1111.76
2817.3	1131.76
2817.75	1136.76
2818.21	1178.76
2818.66	1175.76
2819.12	1162.76
2819.57	1140.76
2820.02	1147.76
2820.48	1150.76
2820.93	1062.76
2821.39	1144.76
2821.84	1096.76
2822.29	1136.76
2822.75	1111.76
2823.2	1123.76
2823.66	1168.76
2824.11	1173.76
2824.56	1203.76
2825.02	1171.76
2825.47	1106.76
2825.92	1099.76
2826.38	1123.76
2826.83	1167.76
2827.28	1135.76
2827.74	1071.76
2828.19	1129.76
2828.64	1136.76
2829.1	1112.76
2829.55	1062.76
2830	1120.76
2830.46	1076.76
2830.91	1122.76
2831.36	1158.76
2831.82	1112.76
2832.27	1171.76
2832.72	1122.76
2833.17	1155.76
2833.63	1097.76
2834.08	1155.76
2834.53	1103.76
2834.99	1149.76
2835.44	1130.76
2835.89	1138.76
2836.34	1113.76
2836.8	1112.76
2837.25	1111.76
2837.7	1126.76
2838.15	1161.76
2838.61	1183.76
2839.06	1152.76
2839.51	1113.76
2839.96	1141.76
2840.41	1120.76
2840.87	1140.76
2841.32	1140.76
2841.77	1170.76
2842.22	1154.76
2842.68	1099.76
2843.13	1159.76
2843.58	1150.76
2844.03	1152.76
2844.48	1073.76
2844.93	1095.76
2845.39	1134.76
2845.84	1209.76
2846.29	1115.76
2846.74	1080.76
2847.19	1160.76
2847.64	1157.76
2848.1	1148.76
2848.55	1140.76
2849	1034.76
2849.45	1100.76
2849.9	1115.76
2850.35	1133.76
2850.8	1140.76
2851.25	1174.76
2851.71	1119.76
2852.16	1124.76
2852.61	1177.76
2853.06	1153.76
2853.51	1096.76
2853.96	1126.76
2854.41	1104.76
2854.86	1116.76
2855.31	1141.76
2855.76	1113.76
2856.21	1134.76
2856.66	1095.76
2857.12	1160.76
2857.57	1093.76
2858.02	1124.76
2858.47	1145.76
2858.92	1119.76
2859.37	1132.76
2859.82	1120.76
2860.27	1093.76
2860.72	1198.76
2861.17	1098.76
2861.62	1111.76
2862.07	1193.76
2862.52	1170.76
2862.97	1096.76
2863.42	1090.76
2863.87	1101.76
2864.32	1115.76
2864.77	1162.76
2865.22	1143.76
2865.67	1123.76
2866.12	1171.76
2866.57	1113.76
2867.02	1139.76
2867.47	1167.76
2867.92	1134.76
2868.37	1114.76
2868.82	1157.76
2869.27	1128.76
2869.72	1155.76
2870.17	1122.76
2870.61	1110.76
2871.06	1120.76
2871.51	1193.76
2871.96	1136.76
2872.41	1128.76
2872.86	1111.76
2873.31	1149.76
2873.76	1088.76
2874.21	1128.76
2874.66	1077.76
2875.11	1138.76
2875.55	1139.76
2876	1112.76
2876.45	1088.76
2876.9	1133.76
2877.35	1082.76
2877.8	1114.76
2878.25	1110.76
2878.7	1149.76
2879.14	1149.76
2879.59	1150.76
2880.04	1141.76
2880.49	1109.76
2880.94	1083.76
2881.39	1110.76
2881.84	1133.76
2882.28	1097.76
2882.73	1094.76
2883.18	1122.76
2883.63	1173.76
2884.08	1130.76
2884.52	1166.76
2884.97	1113.76
2885.42	1101.76
2885.87	1113.76
2886.32	1080.76
2886.76	1050.76
2887.21	1094.76
2887.66	1128.76
2888.11	1135.76
2888.55	1155.76
2889	1128.76
2889.45	1108.76
2889.9	1143.76
2890.35	1128.76
2890.79	1146.76
2891.24	1162.76
2891.69	1113.76
2892.13	1120.76
2892.58	1083.76
2893.03	1123.76
2893.48	1092.76
2893.92	1136.76
2894.37	1077.76
2894.82	1076.76
2895.26	1135.76
2895.71	1139.76
2896.16	1066.76
2896.61	1087.76
2897.05	1096.76
2897.5	1120.76
2897.95	1159.76
2898.39	1161.76
2898.84	1136.76
2899.29	1132.76
2899.73	1096.76
2900.18	1124.76
2900.63	1092.76
2901.07	1106.76
2901.52	1136.76
2901.97	1104.76
2902.41	1046.76
2902.86	1064.76
2903.31	1100.76
2903.75	1063.76
2904.2	1059.76
2904.64	1037.76
2905.09	1116.76
2905.54	1118.76
2905.98	1083.76
2906.43	1122.76
2906.87	1092.76
2907.32	1094.76
2907.77	1172.76
2908.21	1096.76
2908.66	1136.76
2909.1	1132.76
2909.55	1057.76
2909.99	1157.76
2910.44	1103.76
2910.89	1076.76
2911.33	1087.76
2911.78	1096.76
2912.22	1099.76
2912.67	1144.76
2913.11	1113.76
2913.56	1104.76
2914	1119.76
2914.45	1119.76
2914.9	1095.76
2915.34	1127.76
2915.78	1137.76
2916.23	1101.76
2916.68	1112.76
2917.12	1069.76
2917.57	1072.76
2918.01	1082.76
2918.45	1100.76
2918.9	1088.76
2919.35	1078.76
2919.79	1093.76
2920.23	1150.76
2920.68	1110.76
2921.12	1087.76
2921.57	1088.76
2922.01	1119.76
2922.46	1075.76
2922.9	1094.76
2923.35	1128.76
2923.79	1131.76
2924.24	1104.76
2924.68	1084.76
2925.12	1063.76
2925.57	1127.76
2926.01	1113.76
2926.46	1136.76
2926.9	1087.76
2927.34	1087.76
2927.79	1087.76
2928.23	1120.76
2928.68	1072.76
2929.12	1103.76
2929.56	1121.76
2930.01	1119.76
2930.45	1130.76
2930.89	1150.76
2931.34	1073.76
2931.78	1110.76
2932.23	1087.76
2932.67	1077.76
2933.11	1135.76
2933.56	1088.76
2934	1071.76
2934.44	1120.76
2934.89	1109.76
2935.33	1093.76
2935.77	1123.76
2936.22	1103.76
2936.66	1049.76
2937.1	1109.76
2937.55	1096.76
2937.99	1158.76
2938.43	1172.76
2938.88	1127.76
2939.32	1101.76
2939.76	1128.76
2940.2	1177.76
2940.65	1123.76
2941.09	1137.76
2941.53	1094.76
2941.97	1113.76
2942.42	1052.76
2942.86	1099.76
2943.3	1091.76
2943.75	1088.76
2944.19	1070.76
2944.63	1030.76
2945.07	1096.76
2945.52	1056.76
2945.96	1071.76
2946.4	1068.76
2946.84	1073.76
2947.28	1075.76
2947.73	1064.76
2948.17	1095.76
2948.61	1116.76
2949.05	1107.76
2949.49	1094.76
2949.94	1075.76
2950.38	1076.76
2950.82	1096.76
2951.26	1027.76
2951.7	1091.76
2952.15	1110.76
2952.59	1084.76
2953.03	1133.76
2953.47	1101.76
2953.91	1069.76
2954.35	1094.76
2954.8	1068.76
2955.24	1071.76
2955.68	1078.76
2956.12	1122.76
2956.56	1088.76
2957	1046.76
2957.44	1106.76
2957.88	1056.76
2958.33	1106.76
2958.77	1109.76
2959.21	1084.76
2959.65	1138.76
2960.09	1078.76
2960.53	1080.76
2960.97	1083.76
2961.41	1105.76
2961.85	1113.76
2962.29	1109.76
2962.74	1100.76
2963.18	1128.76
2963.62	1123.76
2964.06	1118.76
2964.5	1120.76
2964.94	1147.76
2965.38	1110.76
2965.82	1078.76
2966.26	1103.76
2966.7	1139.76
2967.14	1110.76
2967.58	1050.76
2968.02	1100.76
2968.46	1101.69
2968.9	1119.58
2969.34	1130.9
2969.78	1107.86
2970.22	1088.58
2970.66	1094.38
2971.1	1084.05
2971.54	1083.48
2971.98	1091.74
2972.42	1096.2
2972.86	1078.28
2973.3	1116.01
2973.74	1102.8
2974.18	1073.67
2974.62	1108.45
2975.06	1088.29
2975.5	1061.11
2975.94	1081.6
2976.38	1029.59
2976.82	1095.18
2977.26	1111.64
2977.7	1080.6
2978.14	1084.83
2978.57	1142.76
2979.01	1097.6
2979.45	1064.14
2979.89	1102.66
2980.33	1028.71
2980.77	1065.38
2981.21	1069.81
2981.65	1089.95
2982.09	1101.12
2982.53	1139.56
2982.97	1105.41
2983.4	1092.41
2983.84	1072.29
2984.28	1105.87
2984.72	1090.69
2985.16	1104.11
2985.6	1060.28
2986.04	1122.61
2986.47	1057.62
2986.91	1070.07
2987.35	1104.76
2987.79	1110.71
2988.23	1060.89
2988.67	1103.57
2989.1	1085.35
2989.54	1086.33
2989.98	1118.93
2990.42	1081.05
2990.86	1071.62
2991.3	1092.66
2991.73	1078.24
2992.17	1114.97
2992.61	1132.92
2993.05	1112.23
2993.49	1115.17
2993.92	1061.44
2994.36	1050.52
2994.8	1075.47
2995.24	1065.3
2995.67	1084.09
2996.11	1052.73
2996.55	1058.7
2996.99	1087.97
2997.42	1063.01
2997.86	1106.69
2998.3	1051.15
2998.74	1091.46
2999.17	1107.75
2999.61	1079.13
3000.05	1075.59
3000.49	1071.39
3000.92	1106.75
3001.36	1087.97
3001.8	1097.59
3002.23	1094.91
3002.67	1104.26
3003.11	1074.43
3003.55	1071.34
3003.98	1062.7
3004.42	1042.74
3004.86	1061.06
3005.29	1068.32
3005.73	1032.53
3006.17	1051.46
3006.6	1094.54
3007.04	1061.06
3007.47	1066.55
3007.91	1103.02
3008.35	1101.48
3008.78	1094.89
3009.22	1052.63
3009.66	1080.35
3010.09	1097.89
3010.53	1084.07
3010.97	1108.14
3011.4	1088.99
3011.84	1059.37
3012.27	1075.86
3012.71	1064.93
3013.15	1074.4
3013.58	1058.46
3014.02	1074.43
3014.45	1059.86
3014.89	1097.34
3015.33	1100.51
3015.76	1066.15
3016.2	1097.05
3016.63	1075.11
3017.07	1168.08
3017.5	1086.48
3017.94	1074.98
3018.38	1091.49
3018.81	1090.97
3019.25	1069.07
3019.68	1101.91
3020.12	1071.98
3020.55	1076.11
3020.99	1127.12
3021.42	1097.08
3021.86	1079.27
3022.29	1048.28
3022.73	1082.63
3023.16	1052.55
3023.6	1102.23
3024.03	1095.32
3024.47	1089
3024.9	1024.37
3025.34	1045.35
3025.77	1060.62
3026.21	1089.58
3026.64	1105.42
3027.08	1126.08
3027.51	1084.15
3027.95	1084.22
3028.38	1072.4
3028.82	1107.67
3029.25	1090.14
3029.68	1058.89
3030.12	1077.88
3030.55	1083.36
3030.99	1119.46
3031.42	1075.42
3031.86	1107.02
3032.29	1083.33
3032.72	1094.54
3033.16	1091.56
3033.59	1066.16
3034.03	1092.6
3034.46	1054.77
3034.9	1066.24
3035.33	1069.17
3035.76	1063.4
3036.2	1025.45
3036.63	1069.23
3037.06	1068.92
3037.5	1031.97
3037.93	1060.45
3038.36	1057.47
3038.8	1070.05
3039.23	1147.31
3039.67	1136.83
3040.1	1087.58
3040.53	1047.76
3040.97	1091.26
3041.4	1061.24
3041.83	1070.3
3042.28	1071.25
3042.72	1067.35
3043.16	1045.55
3043.6	1045.12
3044.04	1045.01
3044.48	1044.08
3044.92	1043.28
3045.37	1042.24
3045.81	1064
3046.25	1068.47
3046.69	1067.22
3047.13	1067.36
3047.57	1066.55
3048.01	1076.24
3048.45	1064.24
3048.89	1042.24
3049.33	1041.24
3049.77	1037.24
3050.22	1061.24
3050.66	1069.24
3051.1	1031.24
3051.54	1068.24
3051.98	1061.24
3052.42	1039.24
3052.86	1085.24
3053.3	1037.24
3053.74	1082.24
3054.18	1108.24
3054.62	1054.24
3055.06	1122.24
3055.5	1056.66
3055.94	1076.24
3056.38	1049.24
3056.82	1092.24
3057.26	1116.24
3057.7	1090.24
3058.14	1077.24
3058.58	1113.24
3059.02	1086.24
3059.46	1089.24
3059.9	1076.24
3060.34	1083.24
3060.78	1112.24
3061.22	1067.24
3061.66	1090.24
3062.1	1083.24
3062.54	1077.24
3062.98	1069.24
3063.42	1037.24
3063.86	1102.24
3064.3	1069.24
3064.74	1118.24
3065.18	1066.24
3065.62	1081.24
3066.06	1044.24
3066.5	1124.24
3066.94	1106.24
3067.38	1134.24
3067.81	1083.24
3068.25	1077.24
3068.69	1058.24
3069.13	1071.24
3069.57	1050.24
3070.01	1071.24
3070.45	1045.24
3070.89	1011.24
3071.33	1040.24
3071.77	1069.24
3072.21	1055.24
3072.64	1123.24
3073.08	1045.24
3073.52	1090.24
3073.96	1037.24
3074.4	1021.24
3074.84	1012.24
3075.28	1080.24
3075.71	1033.24
3076.15	1048.24
3076.59	1080.24
3077.03	1013.24
3077.47	977.237
3077.9	969.237
3078.34	1052.53
3078.78	1052.55
3079.22	1052.77
3079.66	974.237
3080.1	1014.24
3080.53	1020.24
3080.97	1043.24
3081.41	1033.24
3081.85	1072.24
3082.29	1087.24
3082.72	1119.24
3083.16	1077.24
3083.6	1088.24
3084.04	1042.24
3084.48	1068.24
3084.91	1060.24
3085.35	1049.24
3085.79	1023.24
3086.22	997.237
3086.66	1033.24
3087.1	1088.24
3087.54	1069.24
3087.97	1068.24
3088.41	1087.24
3088.85	1061.24
3089.29	1048.24
3089.72	1091.24
3090.16	1055.24
3090.6	1038.24
3091.04	1048.24
3091.47	1102.24
3091.91	1106.24
3092.35	1011.24
3092.78	1047.24
3093.22	1098.24
3093.66	1026.24
3094.09	1113.24
3094.53	1080.24
3094.97	1121.24
3095.4	1084.24
3095.84	1029.24
3096.28	1048.24
3096.71	1026.24
3097.15	990.237
3097.59	1043.23
3098.02	1043.48
3098.46	1043.89
3098.9	1040.02
3099.33	1029.16
3099.77	1029.54
3100.2	1029.29
3100.64	1029.12
3101.08	1040.11
3101.51	1044.1
3101.95	1043.09
3102.39	987.237
3102.82	1029.24
3103.26	1050.24
3103.69	1072.24
3104.13	1054.24
3104.56	1011.24
3105	1061.24
3105.44	1065.24
3105.87	1067.24
3106.31	1050.24
3106.74	1089.24
3107.18	1095.24
3107.61	1089.24
3108.05	1031.24
3108.49	1056.24
3108.92	1057.24
3109.36	1044.24
3109.79	1074.24
3110.23	1093.24
3110.66	1083.24
3111.1	1098.24
3111.53	1054.24
3111.97	1042.24
3112.4	1036.24
3112.84	1043.24
3113.27	1036.24
3113.71	1015.24
3114.14	1017.24
3114.58	1005.24
3115.01	1021.24
3115.45	1055.24
3115.88	1034.24
3116.32	1060.24
3116.75	1077.24
3117.19	1008.24
3117.62	1015.24
3118.06	1073.24
3118.49	1045.24
3118.93	1061.24
3119.36	1080.24
3119.79	1030.24
3120.23	1120.24
3120.66	1043.24
3121.1	1048.24
3121.53	1049.24
3121.96	1033.24
3122.4	990.237
3122.83	1107.24
3123.27	1064.24
3123.7	1010.24
3124.14	1051.24
3124.57	1041.24
3125	1059.24
3125.44	1069.24
3125.87	1064.24
3126.31	1022.24
3126.74	1074.24
3127.17	1054.24
3127.61	1048.24
3128.04	1012.24
3128.47	1089.24
3128.91	1048.24
3129.34	1063.24
3129.78	1090.24
3130.21	1034.24
3130.64	1067.24
3131.07	991.237
3131.51	1057.24
3131.94	1059.24
3132.38	1085.24
3132.81	1067.24
3133.24	1063.24
3133.68	1023.24
3134.11	1036.24
3134.54	1045.24
3134.97	1045.24
3135.41	1066.24
3135.84	1036.24
3136.27	1032.24
3136.71	1057.24
3137.14	1065.24
3137.57	1056.24
3138	1079.24
3138.44	1022.24
3138.87	1084.24
3139.3	1061.24
3139.74	1023.24
3140.17	1094.24
3140.6	1035.24
3141.03	1048.24
3141.47	1037.24
3141.9	1029.24
3142.33	1081.24
3142.76	1051.24
3143.2	1071.24
3143.63	1039.24
3144.06	1066.24
3144.49	1027.24
3144.92	1058.24
3145.36	1012.24
3145.79	1059.24
3146.22	1008.24
3146.65	1108.24
3147.08	1047.24
3147.51	1052.24
3147.95	1064.24
3148.38	1067.24
3148.81	1057.24
3149.24	1058.24
3149.67	1035.24
3150.11	1047.24
3150.54	1090.24
3150.97	1063.24
3151.4	1010.24
3151.83	1026.24
3152.26	1077.24
3152.69	1060.24
3153.13	1113.24
3153.56	1017.24
3153.99	1045.24
3154.42	1059.24
3154.85	1002.24
3155.28	1083.24
3155.71	1029.24
3156.15	1050.24
3156.58	1019.24
3157.01	1032.24
3157.44	1051.24
3157.87	1018.24
3158.3	1037.24
3158.73	1013.24
3159.16	1032.24
3159.59	1067.24
3160.02	1065.24
3160.45	1037.24
3160.89	1057.24
3161.32	1008.24
3161.75	1038.24
3162.18	1064.24
3162.61	1088.24
3163.04	1048.24
3163.47	1033.24
3163.9	1054.24
3164.33	1051.24
3164.76	1057.24
3165.19	1013.24
3165.62	1051.24
3166.05	1008.24
3166.48	1074.24
3166.91	1055.24
3167.34	1084.24
3167.77	1042.24
3168.2	1071.24
3168.63	1080.24
3169.06	1045.24
3169.49	1007.24
3169.92	1059.24
3170.35	1029.24
3170.78	1047.24
3171.21	1064.24
3171.64	1059.24
3172.07	1045.24
3172.5	1076.24
3172.93	1056.24
3173.36	1028.24
3173.79	997.237
3174.22	1039.24
3174.65	1075.24
3175.08	1012.24
3175.5	1068.24
3175.93	1086.24
3176.36	1051.24
3176.79	1041.24
3177.22	1045.24
3177.65	1038.24
3178.08	1037.24
3178.51	1043.24
3178.94	1041.24
3179.37	1051.24
3179.8	1044.24
3180.22	1006.24
3180.65	1016.24
3181.08	1049.24
3181.51	1014.24
3181.94	1085.24
3182.37	1076.24
3182.8	1040.24
3183.23	1011.24
3183.65	1059.24
3184.08	1014.24
3184.51	1102.24
3184.94	1062.24
3185.37	1069.24
3185.8	1050.24
3186.22	1074.24
3186.65	1031.24
3187.08	1096.24
3187.51	1032.24
3187.94	1044.24
3188.37	1059.24
3188.79	1076.24
3189.22	1088.24
3189.65	1045.24
3190.08	1085.24
3190.51	1064.24
3190.93	1024.24
3191.36	982.237
3191.79	1054.24
3192.22	1061.24
3192.65	1062.24
3193.07	1064.24
3193.5	1036.24
3193.93	1081.24
3194.36	1037.24
3194.78	1026.24
3195.21	1050.24
3195.64	1071.24
3196.07	1063.24
3196.49	1014.24
3196.92	1036.24
3197.35	1074.24
3197.78	1063.24
3198.2	1073.24
3198.63	1028.24
3199.06	1015.24
3199.48	1088.24
3199.91	1050.24
3200.34	1037.24
3200.77	1063.24
3201.19	1089.24
3201.62	1037.24
3202.05	1038.24
3202.47	1024.24
3202.9	1032.24
3203.33	1028.24
3203.75	1009.24
3204.18	1061.24
3204.61	1078.24
3205.03	1061.24
3205.46	1061.24
3205.89	1042.24
3206.31	1069.24
3206.74	1045.24
3207.17	1009.24
3207.59	1058.24
3208.02	1052.24
3208.45	1077.24
3208.87	1054.24
3209.3	1081.24
3209.72	1073.24
3210.15	1051.24
3210.58	1060.24
3211	1029.24
3211.43	1000.24
3211.85	1034.24
3212.28	1011.24
3212.71	1049.24
3213.13	1075.24
3213.56	1080.24
3213.98	1034.24
3214.41	1042.24
3214.83	1054.24
3215.26	1054.24
3215.69	1033.24
3216.11	1048.24
3216.54	1041.24
3216.96	1082.24
3217.39	1009.24
3217.81	1053.24
3218.24	1046.24
3218.67	1054.24
3219.09	1074.24
3219.52	1062.24
3219.94	1007.24
3220.37	1058.24
3220.79	1044.24
3221.22	1041.24
3221.64	1011.24
3222.07	1030.24
3222.49	1047.24
3222.92	1048.24
3223.34	1061.24
3223.77	1003.24
3224.19	1061.24
3224.62	1044.24
3225.04	1061.24
3225.46	988.237
3225.89	1048.24
3226.31	1048.24
3226.74	1064.24
3227.16	1003.24
3227.59	1051.24
3228.01	1014.24
3228.44	1032.24
3228.86	1032.24
3229.29	997.237
3229.71	1032.24
3230.14	1054.24
3230.56	1001.24
3230.98	1058.24
3231.41	1016.24
3231.83	1055.24
3232.26	1019.24
3232.68	1031.24
3233.1	1085.24
3233.53	1051.24
3233.95	1036.24
3234.38	1071.24
3234.8	982.237
3235.22	1033.24
3235.65	1022.24
3236.07	1001.24
3236.49	1036.24
3236.92	1059.24
3237.34	1041.24
3237.77	1045.24
3238.19	1072.24
3238.61	1042.24
3239.04	1073.24
3239.46	1000.24
3239.88	1036.24
3240.31	1017.24
3240.73	1056.24
3241.15	974.237
3241.58	1083.24
3242	1021.24
3242.42	1088.24
3242.84	1004.24
3243.27	1058.24
3243.69	1004.24
3244.12	1071.24
3244.54	1057.24
3244.96	1010.24
3245.38	1038.24
3245.81	1041.24
3246.23	1025.24
3246.65	1069.24
3247.07	1083.24
3247.5	1077.24
3247.92	1021.24
3248.34	1076.24
3248.77	1061.24
3249.19	1032.24
3249.61	1020.24
3250.03	1004.24
3250.46	1013.24
3250.88	1041.24
3251.3	1071.24
3251.72	1003.24
3252.15	1100.24
3252.57	1015.24
3252.99	1016.24
3253.41	1014.24
3253.83	1004.24
3254.25	1040.24
3254.68	1029.24
3255.1	1008.24
3255.52	1068.24
3255.94	1021.24
3256.37	1056.24
3256.79	1022.24
3257.21	1060.24
3257.63	1035.24
3258.05	1016.24
3258.47	1051.24
3258.9	1033.24
3259.32	1039.24
3259.74	1027.24
3260.16	1067.24
3260.58	1060.24
3261	1032.24
3261.43	1061.24
3261.85	1069.24
3262.27	1037.24
3262.69	1016.24
3263.11	1052.24
3263.53	1013.24
3263.95	1024.24
3264.37	1016.24
3264.79	1009.24
3265.22	1041.24
3265.64	1008.24
3266.06	1020.24
3266.48	1061.24
3266.9	1012.24
3267.32	1036.24
3267.74	1089.24
3268.16	1015.24
3268.58	1056.24
3269	1098.24
3269.42	986.237
3269.84	1059.24
3270.27	1085.24
3270.69	1050.24
3271.11	1050.24
3271.53	1023.24
3271.95	1021.24
3272.37	1057.24
3272.79	975.237
3273.21	997.237
3273.63	1059.24
3274.05	1011.24
3274.47	1041.24
3274.89	1053.24
3275.31	1019.24
3275.73	1044.24
3276.15	1069.24
3276.57	1037.24
3276.99	1017.24
3277.41	1005.24
3277.83	1076.24
3278.25	1060.24
3278.67	1074.24
3279.09	1045.24
3279.51	1056.24
3279.93	1028.24
3280.35	1051.24
3280.77	1021.24
3281.19	1041.24
3281.61	1007.24
3282.03	986.237
3282.45	1026.24
3282.86	1037.24
3283.29	992.237
3283.7	1060.24
3284.12	1041.24
3284.54	1066.24
3284.96	1052.24
3285.38	1093.24
3285.8	1036.24
3286.22	1031.24
3286.64	1087.24
3287.06	1056.24
3287.48	1016.24
3287.9	1047.24
3288.31	995.237
3288.73	1012.24
3289.15	1015.24
3289.57	999.237
3289.99	1041.24
3290.41	1080.24
3290.83	1018.24
3291.25	1024.24
3291.66	1002.24
3292.08	1004.24
3292.5	1017.24
3292.92	1012.42
3293.34	1031.05
3293.76	1042.73
3294.18	1011.33
3294.59	1065.44
3295.01	1021.82
3295.43	1066.74
3295.85	1021.08
3296.27	1039.68
3296.68	1035.49
3297.1	1024.61
3297.52	1034.39
3297.94	1067.88
3298.36	1014.13
3298.77	1077.94
3299.19	1028.74
3299.61	1001.89
3300.03	1048.25
3300.45	1040.02
3300.86	1011.29
3301.28	1030.16
3301.7	1036.13
3302.12	1059.25
3302.53	1049.86
3302.95	1010.8
3303.37	1025.52
3303.79	1001.58
3304.2	1026.87
3304.62	1019.55
3305.04	1005.72
3305.46	1067.57
3305.87	1013.53
3306.29	1054.01
3306.71	1012.87
3307.12	1042.86
3307.54	1054.16
3307.96	1031.66
3308.38	1053.03
3308.79	1072.37
3309.21	1041.76
3309.63	1066.73
3310.04	1045.61
3310.46	1031.45
3310.88	1016.8
3311.29	1039.28
3311.71	1032.06
3312.13	1024.23
3312.54	1023.75
3312.96	972.999
3313.38	1008.52
3313.79	985.968
3314.21	961.201
3314.63	981.235
3315.04	997.418
3315.46	995.846
3315.88	1046.61
3316.29	971.453
3316.71	1007.9
3317.13	1036.06
3317.54	1028.8
3317.96	1005.48
3318.37	1037.72
3318.79	1019.32
3319.21	1030.89
3319.62	1050.67
3320.04	994.859
3320.45	995.615
3320.87	1028.62
3321.29	1030.46
3321.7	1053.45
3322.12	1060.63
3322.53	1045.46
3322.95	1062.85
3323.37	1043.94
3323.78	1013.78
3324.2	978.773
3324.61	1048.68
3325.03	1000.37
3325.44	1021.83
3325.86	1040.02
3326.27	1050.05
3326.69	1033.39
3327.1	1057.41
3327.52	1022.52
3327.94	1026.63
3328.35	1035.03
3328.76	1019.23
3329.18	1020.17
3329.6	1009.37
3330.01	1063.25
3330.43	1041.01
3330.84	1030.9
3331.26	1005.9
3331.67	1051.2
3332.08	1045.33
3332.5	1036.97
3332.92	1029.08
3333.33	1050.21
3333.74	1035.01
3334.16	1038.11
3334.57	1036.12
3334.99	1037.03
3335.4	1046.24
3335.82	1049.58
3336.23	1027.89
3336.65	1041.98
3337.06	1085.08
3337.48	1050.24
3337.89	1014.62
3338.3	1037.85
3338.72	1023.21
3339.13	1064.57
3339.55	1033.53
3339.96	1030.28
3340.37	1020.18
3340.79	1041
3341.2	1042.59
3341.62	1027.83
3342.03	1044.64
3342.44	1021.38
3342.86	1019.41
3343.27	1035.56
3343.69	1021.56
3344.1	1027.54
3344.51	1029.28
3344.93	1038.93
3345.34	1049.81
3345.75	1042.91
3346.17	1027.34
3346.58	1066.32
3346.99	1073.38
3347.41	1059.86
3347.82	1042.31
3348.23	1012.46
3348.65	1044.78
3349.06	1032.85
3349.47	1024.03
3349.89	1030.33
3350.3	1050.25
3350.71	1065.37
3351.13	1059.97
3351.54	1076.01
3351.95	1013.19
3352.37	1014.22
3352.78	1022.96
3353.19	1054.8
3353.6	1027.8
3354.02	1036.22
3354.43	1000.63
3354.84	1059.87
3355.26	1027.9
3355.67	1060.06
3356.08	1018.35
3356.49	1030.45
3356.91	979.959
3357.32	974.738
3357.73	983.947
3358.14	1006.61
3358.56	949.985
3358.97	1011.04
3359.38	1032.39
3359.79	1049.63
3360.21	1056.01
3360.62	1079.43
3361.03	1038.9
3361.44	1040.3
3361.85	1022.71
3362.27	996.173
3362.68	949.421
3363.09	1034.84
3363.5	1034.18
3363.91	1020.58
3364.33	1020.8
3364.74	1021.32
3365.15	1021.01
3365.56	1021
3365.97	1020.22
3366.38	1035.67
3366.8	946.225
3367.21	1001.36
3367.62	1021.24
3368.03	1001.3
3368.44	985.148
3368.85	1039.47
3369.26	1059.04
3369.68	1020.91
3370.09	1020.91
3370.5	999.478
3370.91	1061.58
3371.32	1052.51
3371.73	1040.02
3372.14	1024.61
3372.55	1042.31
3372.97	1048.02
3373.38	1047.18
3373.79	1063.52
3374.2	1039.48
3374.61	1049.7
3375.02	1085.2
3375.43	1035.71
3375.84	1049.91
3376.25	991.901
3376.66	1043.29
3377.07	1047.09
3377.48	1063.96
3377.89	1039.94
3378.31	1048.25
3378.72	1062.16
3379.13	1034.21
3379.54	1046.42
3379.95	1071.55
3380.36	1019.96
3380.77	1042.41
3381.18	1074.94
3381.59	1061.59
3382	1092.33
3382.41	1035.78
3382.82	1035.84
3383.23	1051.6
3383.64	1093.31
3384.05	1073.57
3384.46	1043.14
3384.87	1033.42
3385.28	1058.41
3385.69	1059.9
3386.1	1045.9
3386.51	1029.47
3386.92	1049.55
3387.33	1033.92
3387.74	1041.77
3388.15	1060.66
3388.56	1104.91
3388.97	1016.91
3389.38	1062.87
3389.78	1075.31
3390.19	1038.74
3390.6	1048.87
3391.01	1051.84
3391.42	1017.29
3391.83	1061.94
3392.24	1037.65
3392.65	1058.02
3393.06	1048.03
3393.47	1049.51
3393.88	1022.19
3394.29	1101.47
3394.7	1037.66
3395.11	1027.65
3395.51	1013.75
3395.92	1056.62
3396.33	1023.57
3396.74	1023.33
3397.15	1024.33
3397.56	1024.09
3397.97	1024.6
3398.38	1024.62
3398.78	1024.47
3399.19	1041.28
3399.6	1057.88
3400.01	1085.93
3400.42	1050.05
3400.83	1069.09
3401.23	1048.54
3401.64	1040.37
3402.05	1061.23
3402.46	1063.39
3402.87	1057.74
3403.28	1059.49
3403.68	1069.57
3404.09	1019.33
3404.49	1032.33
3404.91	1026.84
3405.32	1049.33
3405.74	1069.33
3406.15	1050.33
3406.57	1027.33
3406.98	1064.33
3407.4	1061.33
3407.81	1082.33
3408.23	1121.33
3408.64	1030.33
3409.06	1070.33
3409.47	1032.33
3409.89	1045.33
3410.3	1078.33
3410.72	1056.33
3411.13	1101.33
3411.55	1053.33
3411.96	1078.33
3412.37	1075.33
3412.79	1105.33
3413.2	1008.33
3413.62	1011.33
3414.03	1115.33
3414.45	1012.33
3414.86	1013.33
3415.28	1028.86
3415.69	1030.2
3416.1	1039.04
3416.52	1038.73
3416.93	1039.52
3417.35	1040.06
3417.76	1040.25
3418.17	1040.54
3418.59	1040.46
3419	1031.94
3419.42	1031.87
3419.83	1032.15
3420.24	1026.33
3420.66	1065.33
3421.07	1017.33
3421.49	1054.33
3421.9	1037.33
3422.31	1078.33
3422.73	1022.33
3423.14	1041.33
3423.55	1039.33
3423.97	1076.33
3424.38	1091.33
3424.79	1064.33
3425.21	1029.33
3425.62	1060.33
3426.03	1049.33
3426.45	1098.33
3426.86	1084.33
3427.27	1058.33
3427.69	1091.33
3428.1	1039.33
3428.51	1041.33
3428.93	1013.33
3429.34	1057.33
3429.75	1118.33
3430.16	1105.33
3430.58	1052.33
3430.99	1090.33
3431.4	1029.33
3431.82	1071.33
3432.23	1063.33
3432.64	1074.33
3433.05	1072.33
3433.47	1026.33
3433.88	1043.74
3434.29	1029.33
3434.7	1080.33
3435.12	1063.33
3435.53	1062.33
3435.94	1107.33
3436.35	1092.33
3436.77	1056.33
3437.18	1049.33
3437.59	1057.33
3438	1066.33
3438.42	1062.33
3438.83	1065.33
3439.24	1064.33
3439.65	1067.33
3440.06	1065.33
3440.48	1091.33
3440.89	1091.33
3441.3	1054.33
3441.71	1073.33
3442.12	1080.33
3442.53	1048.33
3442.95	1023.33
3443.36	1047.33
3443.77	1092.33
3444.18	1097.33
3444.59	1124.33
3445	1077.33
3445.42	1090.33
3445.83	1073.33
3446.24	1131.33
3446.65	1044.33
3447.06	1044.33
3447.47	1062.33
3447.88	1060.33
3448.3	1068.33
3448.71	1106.33
3449.12	1056.33
3449.53	1117.33
3449.94	1076.33
3450.35	1105.33
3450.76	1094.33
3451.17	1091.33
3451.58	1086.33
3452	1058.33
3452.41	1065.33
3452.82	1045.33
3453.23	1066.33
3453.64	1090.33
3454.05	1023.33
3454.46	1093.33
3454.87	1122.33
3455.28	1086.33
3455.69	1099.33
3456.1	1044.33
3456.51	1117.33
3456.92	1104.33
3457.33	1074.33
3457.74	1088.33
3458.15	1075.33
3458.57	1088.33
3458.98	1090.33
3459.39	1101.33
3459.8	1101.33
3460.21	1041.33
3460.62	1080.33
3461.03	1095.33
3461.44	1110.33
3461.85	1068.33
3462.26	1066.33
3462.67	1063.33
3463.08	1107.33
3463.49	1076.33
3463.9	1096.33
3464.31	1110.33
3464.72	1094.33
3465.13	1049.33
3465.53	1154.33
3465.95	1080.33
3466.35	1118.33
3466.76	1051.33
3467.17	1124.33
3467.58	1094.33
3467.99	1115.33
3468.4	1049.33
3468.81	1087.33
3469.22	1136.33
3469.63	1047.33
3470.04	1078.33
3470.45	1112.33
3470.86	1069.33
3471.27	1062.33
3471.68	1074.33
3472.09	1054.33
3472.49	1106.33
3472.9	1050.33
3473.31	1103.33
3473.72	1082.33
3474.13	1133.33
3474.54	1090.33
3474.95	1147.33
3475.36	1066.33
3475.77	1080.33
3476.17	1100.33
3476.58	1131.33
3476.99	1102.33
3477.4	1082.33
3477.81	1067.33
3478.22	1098.33
3478.63	1097.33
3479.03	1068.33
3479.44	1095.33
3479.85	1120.33
3480.26	1125.33
3480.67	1052.33
3481.08	1071.33
3481.48	1091.33
3481.89	1086.33
3482.3	1100.33
3482.71	1121.33
3483.12	1081.33
3483.53	1116.33
3483.93	1090.33
3484.34	1129.33
3484.75	1099.33
3485.16	1099.33
3485.56	1105.33
3485.97	1118.33
3486.38	1050.33
3486.79	1145.33
3487.2	1071.33
3487.6	1137.33
3488.01	1101.33
3488.42	1084.33
3488.83	1127.33
3489.23	1128.33
3489.64	1102.33
3490.05	1071.33
3490.46	1082.33
3490.86	1160.33
3491.27	1101.33
3491.68	1075.33
3492.09	1123.33
3492.49	1154.33
3492.9	1140.33
3493.31	1112.33
3493.71	1128.33
3494.12	1138.33
3494.53	1100.33
3494.94	1128.33
3495.34	1109.33
3495.75	1102.33
3496.16	1073.33
3496.56	1176.33
3496.97	1079.33
3497.38	1124.33
3497.78	1155.33
3498.19	1136.33
3498.6	1074.33
3499	1169.33
3499.41	1086.33
3499.82	1120.33
3500.22	1156.33
3500.63	1090.33
3501.04	1145.33
3501.44	1103.33
3501.85	1112.33
3502.26	1171.33
3502.66	1094.33
3503.07	1113.33
3503.47	1134.33
3503.88	1117.33
3504.29	1118.33
3504.69	1116.33
3505.1	1120.33
3505.51	1133.33
3505.91	1140.33
3506.32	1108.33
3506.72	1161.33
3507.13	1152.33
3507.54	1162.33
3507.94	1108.33
3508.35	1082.33
3508.75	1125.33
3509.16	1093.33
3509.56	1116.33
3509.97	1119.33
3510.37	1111.33
3510.78	1094.33
3511.19	1096.33
3511.59	1097.33
3512	1134.33
3512.4	1190.33
3512.81	1135.33
3513.21	1121.33
3513.62	1103.33
3514.02	1094.33
3514.43	1139.33
3514.83	1053.33
3515.24	1123.33
3515.64	1159.33
3516.05	1142.33
3516.46	1137.33
3516.86	1117.33
3517.26	1128.33
3517.67	1130.33
3518.07	1171.33
3518.48	1110.33
3518.88	1125.33
3519.29	1161.33
3519.69	1157.33
3520.1	1150.33
3520.5	1189.33
3520.91	1121.33
3521.31	1144.33
3521.72	1145.33
3522.12	1142.33
3522.53	1120.33
3522.93	1145.33
3523.33	1116.33
3523.74	1175.33
3524.14	1176.33
3524.55	1143.33
3524.95	1133.33
3525.36	1221.33
3525.76	1197.33
3526.17	1169.33
3526.57	1204.33
3526.97	1201.33
3527.38	1167.33
3527.78	1143.33
3528.19	1167.33
3528.59	1134.33
3528.99	1175.33
3529.4	1182.33
3529.8	1136.33
3530.2	1189.33
3530.61	1171.33
3531.01	1167.33
3531.42	1191.33
3531.82	1121.33
3532.22	1156.33
3532.63	1116.33
3533.03	1159.33
3533.43	1147.33
3533.84	1167.33
3534.24	1120.33
3534.64	1221.33
3535.05	1155.33
3535.45	1137.33
3535.85	1207.33
3536.26	1152.33
3536.66	1148.33
3537.06	1157.33
3537.47	1137.33
3537.87	1143.33
3538.27	1182.33
3538.68	1189.33
3539.08	1158.33
3539.48	1202.33
3539.89	1190.33
3540.29	1198.33
3540.69	1148.33
3541.09	1118.33
3541.5	1184.33
3541.9	1138.33
3542.3	1139.33
3542.7	1169.33
3543.11	1199.33
3543.51	1193.33
3543.91	1148.33
3544.31	1150.33
3544.72	1188.33
3545.12	1167.33
3545.52	1161.33
3545.92	1167.33
3546.33	1193.33
3546.73	1171.33
3547.13	1152.33
3547.53	1137.33
3547.94	1206.33
3548.34	1177.33
3548.74	1210.33
3549.14	1218.33
3549.54	1208.33
3549.95	1177.33
3550.35	1177.33
3550.75	1218.33
3551.15	1169.33
3551.55	1157.33
3551.96	1156.33
3552.36	1156.33
3552.76	1115.33
3553.16	1173.33
3553.56	1179.33
3553.96	1176.33
3554.36	1164.33
3554.77	1202.33
3555.17	1171.33
3555.57	1193.33
3555.97	1153.33
3556.37	1209.33
3556.77	1163.33
3557.17	1172.33
3557.58	1202.33
3557.98	1129.33
3558.38	1173.33
3558.78	1172.33
3559.18	1241.33
3559.58	1180.33
3559.98	1214.33
3560.38	1196.33
3560.79	1166.33
3561.19	1147.33
3561.59	1151.33
3561.99	1175.33
3562.39	1137.33
3562.79	1160.33
3563.19	1173.33
3563.59	1210.33
3563.99	1198.33
3564.39	1171.33
3564.79	1200.33
3565.19	1159.33
3565.59	1151.33
3565.99	1174.33
3566.39	1180.33
3566.8	1166.33
3567.2	1145.33
3567.6	1177.33
3568	1194.33
3568.4	1213.33
3568.8	1195.33
3569.2	1169.33
3569.6	1166.33
3570	1199.33
3570.4	1191.33
3570.8	1188.33
3571.2	1211.33
3571.6	1130.33
3572	1159.33
3572.4	1187.33
3572.8	1166.33
3573.2	1192.33
3573.6	1154.33
3574	1167.33
3574.4	1154.33
3574.8	1182.33
3575.2	1168.33
3575.6	1188.33
3576	1156.33
3576.4	1226.33
3576.79	1196.33
3577.19	1157.33
3577.59	1177.33
3577.99	1169.33
3578.39	1225.33
3578.79	1167.33
3579.19	1172.33
3579.59	1185.33
3579.99	1165.33
3580.39	1195.33
3580.79	1193.33
3581.19	1143.33
3581.59	1180.33
3581.99	1213.33
3582.38	1154.33
3582.78	1169.33
3583.18	1185.33
3583.58	1121.33
3583.98	1156.33
3584.38	1151.76
3584.78	1174.33
3585.18	1138.33
3585.57	1172.33
3585.97	1145.33
3586.37	1135.33
3586.77	1156.33
3587.17	1160.33
3587.57	1176.33
3587.97	1151.33
3588.36	1107.33
3588.76	1143.42
3589.16	1120.33
3589.56	1126.33
3589.96	1128.33
3590.36	1129.33
3590.75	1190.33
3591.15	1104.33
3591.55	1168.33
3591.95	1164.33
3592.35	1172.33
3592.74	1132.33
3593.14	1108.33
3593.54	1172.33
3593.94	1151.33
3594.34	1135.33
3594.73	1160.33
3595.13	1123.33
3595.53	1155.33
3595.93	1107.33
3596.33	1150.33
3596.72	1132.33
3597.12	1137.33
3597.52	1160.33
3597.92	1125.33
3598.31	1152.33
3598.71	1132.33
3599.11	1120.33
3599.51	1142.33
3599.9	1142.33
3600.3	1119.33
3600.7	1122.33
3601.1	1113.33
3601.49	1086.33
3601.89	1106.33
3602.29	1136.33
3602.69	1131.33
3603.08	1126.33
3603.48	1120.33
3603.88	1109.33
3604.27	1115.33
3604.67	1104.33
3605.07	1063.33
3605.46	1074.33
3605.86	1133.33
3606.26	1118.33
3606.65	1145.33
3607.05	1090.33
3607.45	1047.33
3607.84	1121.33
3608.24	1053.33
3608.64	1096.33
3609.03	1106.26
3609.43	1126.72
3609.83	1100.2
3610.22	1106.42
3610.62	1074.41
3611.02	1079.53
3611.41	1067.47
3611.81	1114.41
3612.2	1091.65
3612.6	1077.08
3613	1018.86
3613.39	1108.16
3613.79	1095.98
3614.19	1088.36
3614.58	1056.9
3614.98	1114.07
3615.37	1079.39
3615.77	1094.01
3616.16	1052.2
3616.56	1084.12
3616.96	1044.74
3617.35	1065.61
3617.75	1035.13
3618.14	1034.98
3618.54	1020.7
3618.93	1035.36
3619.33	1036.42
3619.73	1026.9
3620.12	1031.94
3620.52	933.163
3620.91	1004.78
3621.31	1020.31
3621.7	1040.7
3622.1	1034.22
3622.49	1034.61
3622.89	1031.25
3623.28	1001.37
3623.68	1012.14
3624.08	1040.38
3624.47	1039.76
3624.87	1002.92
3625.26	1050.39
3625.66	1048.69
3626.05	1001.2
3626.45	1030.73
3626.84	1000.15
3627.23	1005.34
3627.63	985.732
3628.02	997.67
3628.42	1000.38
3628.81	1040.73
3629.21	1013.27
3629.6	1010.3
3630	1048.49
3630.39	1020.68
3630.79	1001.21
3631.18	1019.71
3631.58	1003.11
3631.97	996.108
3632.37	952.516
3632.76	974.85
3633.15	999.915
3633.55	977.018
3633.94	957.539
3634.34	1005.32
3634.73	1014.98
3635.13	970.33
3635.52	993.234
3635.91	977.796
3636.31	986.038
3636.7	967.831
3637.1	983.913
3637.49	999.802
3637.88	975.328
3638.28	1013.6
3638.67	1002.11
3639.06	985.232
3639.46	979.541
3639.85	969.087
3640.25	966.237
3640.64	960.445
3641.03	923.495
3641.43	949.091
3641.82	920.523
3642.21	945.533
3642.61	958.621
3643	948.772
3643.39	958.637
3643.79	945.406
3644.18	949.419
3644.57	923.501
3644.97	992.773
3645.36	951.926
3645.75	948.923
3646.15	922.977
3646.54	947.492
3646.93	942.706
3647.33	944.363
3647.72	923.439
3648.11	945.019
3648.5	937.947
3648.9	939.32
3649.29	960.269
3649.68	934.266
3650.08	919.081
3650.47	909.446
3650.86	913.585
3651.25	952.121
3651.65	946.255
3652.04	945.159
3652.43	955.48
3652.82	929.04
3653.22	949.657
3653.61	915.727
3654	958.076
3654.39	921.154
3654.79	915.435
3655.18	915.727
3655.57	936.21
3655.96	912.531
3656.36	921.293
3656.75	923.169
3657.14	893.401
3657.53	955.438
3657.92	938.302
3658.32	933.089
3658.71	907.43
3659.1	906.848
3659.49	909.505
3659.88	915.514
3660.27	879.953
3660.67	893.508
3661.06	889.607
3661.45	893.328
3661.84	896.641
3662.23	879.74
3662.62	906.631
3663.02	930.657
3663.41	882.018
3663.8	906.825
3664.19	861.769
3664.58	876.758
3664.97	878.958
3665.36	875.388
3665.76	876.819
3666.15	896.131
3666.54	903.991
3666.93	888.494
3667.32	882.297
3667.71	887.217
3668.1	878.076
3668.49	875.215
3668.88	856.581
3669.28	850.877
3669.67	875.714
3670.06	867.642
3670.45	860.987
3670.84	858.997
3671.23	866.178
3671.62	891.521
3672.01	841.095
3672.4	850.108
3672.79	882.361
3673.18	879.41
3673.57	892.966
3673.96	873.504
3674.36	882.021
3674.75	843.364
3675.14	864.155
3675.53	863.91
3675.92	863.296
3676.31	849.722
3676.7	849.614
3677.09	849.129
3677.48	847.859
3677.87	846.76
3678.26	845.375
3678.65	857.708
3679.04	856.432
3679.43	855.777
3679.82	855.026
3680.21	853.652
3680.6	852.887
3680.99	851.239
3681.38	849.502
3681.77	847.913
3682.16	866.293
3682.55	867.359
3682.94	880.018
3683.33	863.387
3683.72	861.33
3684.11	839.61
3684.5	838.514
3684.89	859.564
3685.27	860.753
3685.66	836.111
3686.05	834.756
3686.44	834.412
3686.83	876.537
3687.22	854.259
3687.61	861.173
3688	832.336
3688.39	831.31
3688.78	830.866
3689.17	829.909
3689.56	828.727
3689.95	846.7
3690.33	856.27
3690.72	826.953
3691.11	826.422
3691.5	826.127
3691.89	846.989
3692.28	848.53
3692.67	852.147
3693.06	824
3693.45	822.839
3693.83	822.152
3694.22	821.235
3694.61	821.416
3695	821.866
3695.39	860.527
3695.78	834.706
3696.17	848.266
3696.55	858.648
3696.94	875.09
3697.33	810.492
3697.72	842.607
3698.11	857.547
3698.5	826.042
3698.88	801.128
3699.27	831.048
3699.66	835.005
3700.05	794.961
3700.44	826.291
3700.82	817.956
3701.21	830.702
3701.6	830.792
3701.99	809.911
3702.38	814.13
3702.76	855.994
3703.15	815.023
3703.54	808.907
3703.93	811.171
3704.32	840.634
3704.7	882.91
3705.09	792.596
3705.48	903.925
3705.87	867.946
3706.25	789.611
3706.52	782.611
3706.92	754.611
3707.31	802.18
3707.71	801.629
3708.1	801.321
3708.5	800.592
3708.89	755.611
3709.29	743.611
3709.68	771.611
3710.07	780.611
3710.47	798.611
3710.86	798.611
3711.26	821.611
3711.65	803.611
3712.05	767.611
3712.44	829.611
3712.83	837.611
3713.23	795.611
3713.62	793.611
3714.02	829.611
3714.41	769.611
3714.8	831.611
3715.2	776.611
3715.59	752.611
3715.99	817.611
3716.38	818.611
3716.77	795.611
3717.17	805.611
3717.56	826.611
3717.95	761.611
3718.35	824.611
3718.74	800.611
3719.14	835.611
3719.53	780.611
3719.92	795.611
3720.32	793.611
3720.71	809.611
3721.1	778.611
3721.5	798.611
3721.89	777.611
3722.28	779.611
3722.68	757.611
3723.07	814.611
3723.46	802.611
3723.85	818.611
3724.25	772.611
3724.64	741.611
3725.03	777.339
3725.43	777.186
3725.82	777.392
3726.21	777.307
3726.61	769.436
3727	768.655
3727.39	768.608
3727.78	768.018
3728.18	775.563
3728.57	775.001
3728.96	774.161
3729.35	773.367
3729.75	749.611
3730.14	759.611
3730.53	779.611
3730.92	825.611
3731.32	783.611
3731.71	765.611
3732.1	798.611
3732.49	788.611
3732.89	754.611
3733.28	774.611
3733.67	797.611
3734.06	799.611
3734.46	773.611
3734.85	804.611
3735.24	775.611
3735.63	730.611
3736.02	746.611
3736.42	827.611
3736.81	806.611
3737.2	790.611
3737.59	778.611
3737.98	785.611
3738.38	835.611
3738.77	798.611
3739.16	802.611
3739.55	777.611
3739.94	767.291
3740.33	774.611
3740.73	751.611
3741.12	748.611
3741.51	765.611
3741.9	787.611
3742.29	791.611
3742.68	778.611
3743.07	806.611
3743.47	775.611
3743.86	745.611
3744.25	771.611
3744.64	769.611
3745.03	782.611
3745.42	791.611
3745.81	716.611
3746.2	744.611
3746.6	777.611
3746.99	745.611
3747.38	758.611
3747.77	780.611
3748.16	768.611
3748.55	777.611
3748.94	745.611
3749.33	739.611
3749.72	707.611
3750.11	733.611
3750.5	726.611
3750.9	771.611
3751.29	773.611
3751.68	744.611
3752.07	793.611
3752.46	753.611
3752.85	795.611
3753.24	748.611
3753.63	815.611
3754.02	785.611
3754.41	768.611
3754.8	750.611
3755.19	792.611
3755.58	779.611
3755.97	743.611
3756.36	780.611
3756.75	791.611
3757.14	741.611
3757.53	767.611
3757.92	745.611
3758.31	751.611
3758.7	767.611
3759.09	776.611
3759.48	741.611
3759.87	761.611
3760.26	751.611
3760.65	741.611
3761.04	761.611
3761.43	772.611
3761.82	761.611
3762.21	733.611
3762.6	748.611
3762.99	782.611
3763.38	734.611
3763.77	775.611
3764.16	755.611
3764.55	756.611
3764.94	736.611
3765.33	771.611
3765.72	781.611
3766.1	761.611
3766.49	756.611
3766.88	780.611
3767.27	816.611
3767.66	720.611
3768.05	763.611
3768.44	771.611
3768.83	757.611
3769.22	755.611
3769.61	754.611
3770	733.611
3770.39	756.611
3770.77	746.611
3771.16	760.611
3771.55	726.611
3771.94	729.611
3772.33	787.611
3772.72	770.611
3773.11	748.611
3773.5	777.611
3773.88	744.611
3774.27	760.611
3774.66	763.611
3775.05	754.611
3775.44	730.611
3775.83	721.611
3776.21	736.611
3776.6	769.611
3776.99	745.611
3777.38	738.611
3777.77	742.611
3778.16	736.611
3778.54	743.611
3778.93	757.611
3779.32	754.611
3779.71	747.611
3780.1	734.611
3780.48	765.611
3780.87	760.611
3781.26	778.611
3781.65	819.611
3782.04	754.611
3782.42	743.611
3782.81	709.611
3783.2	761.611
3783.59	759.611
3783.98	789.611
3784.36	776.611
3784.75	826.611
3785.14	776.611
3785.53	763.611
3785.91	722.611
3786.3	757.611
3786.69	714.611
3787.08	717.611
3787.46	748.611
3787.85	718.611
3788.24	739.611
3788.62	766.611
3789.01	783.611
3789.4	768.611
3789.79	761.611
3790.17	741.611
3790.56	800.611
3790.95	754.611
3791.33	722.611
3791.72	742.611
3792.11	746.611
3792.49	722.611
3792.88	778.611
3793.27	746.611
3793.66	736.611
3794.04	780.611
3794.43	765.611
3794.82	783.611
3795.2	711.611
3795.59	757.611
3795.98	747.611
3796.36	725.611
3796.75	813.611
3797.13	743.611
3797.52	752.611
3797.91	725.611
3798.29	746.611
3798.68	741.611
3799.07	755.611
3799.45	747.611
3799.84	722.611
3800.23	831.611
3800.61	768.611
3801	727.611
3801.38	721.611
3801.77	740.611
3802.16	769.611
3802.54	763.611
3802.93	711.611
3803.31	741.611
3803.7	743.611
3804.09	732.611
3804.47	719.611
3804.86	760.611
3805.24	742.611
3805.63	726.611
3806.02	738.611
3806.4	739.611
3806.79	714.611
3807.17	745.611
3807.56	737.611
3807.94	727.611
3808.33	766.611
3808.71	754.611
3809.1	738.611
3809.49	774.611
3809.87	740.611
3810.26	721.611
3810.64	772.611
3811.03	762.611
3811.41	732.611
3811.8	741.611
3812.18	702.611
3812.57	743.611
3812.95	729.611
3813.34	739.611
3813.72	772.611
3814.11	765.611
3814.49	773.611
3814.88	746.611
3815.26	751.611
3815.65	777.611
3816.03	731.611
3816.42	707.611
3816.8	733.611
3817.18	710.611
3817.57	709.611
3817.95	710.611
3818.34	734.611
3818.72	735.611
3819.11	744.611
3819.49	732.611
3819.88	691.611
3820.26	745.611
3820.65	698.611
3821.03	735.611
3821.41	714.611
3821.8	733.611
3822.18	714.611
3822.57	719.611
3822.95	759.611
3823.33	767.611
3823.72	707.611
3824.1	716.611
3824.49	717.611
3824.87	707.611
3825.26	712.611
3825.64	727.611
3826.02	693.611
3826.41	744.611
3826.79	730.611
3827.18	729.611
3827.56	714.611
3827.94	741.611
3828.33	730.611
3828.71	764.611
3829.09	743.611
3829.48	765.611
3829.86	736.611
3830.24	737.611
3830.63	706.611
3831.01	664.611
3831.39	716.611
3831.78	681.611
3832.16	740.611
3832.54	733.611
3832.93	719.611
3833.31	728.611
3833.69	710.611
3834.08	738.611
3834.46	690.611
3834.84	738.611
3835.23	737.611
3835.61	793.611
3835.99	738.611
3836.38	742.611
3836.76	757.611
3837.14	740.611
3837.52	717.611
3837.91	718.611
3838.29	670.611
3838.67	710.611
3839.05	671.611
3839.44	721.611
3839.82	746.611
3840.2	732.611
3840.58	722.611
3840.97	735.611
3841.35	726.611
3841.73	724.611
3842.11	667.611
3842.5	725.611
3842.88	713.611
3843.26	741.611
3843.64	733.611
3844.03	722.611
3844.41	728.611
3844.79	729.611
3845.17	716.611
3845.55	722.611
3845.94	713.611
3846.32	724.611
3846.7	681.611
3847.08	752.611
3847.46	722.611
3847.85	722.611
3848.23	707.611
3848.61	746.611
3848.99	701.611
3849.37	694.611
3849.75	739.611
3850.14	741.611
3850.52	736.611
3850.9	736.611
3851.28	665.611
3851.66	737.611
3852.04	722.611
3852.43	745.611
3852.81	697.611
3853.19	652.611
3853.57	708.611
3853.95	702.611
3854.33	686.611
3854.71	692.611
3855.1	670.611
3855.48	729.611
3855.86	717.611
3856.24	713.611
3856.62	710.611
3857	707.611
3857.38	679.611
3857.76	719.611
3858.14	738.611
3858.53	690.611
3858.91	727.611
3859.29	681.611
3859.67	719.611
3860.05	677.611
3860.43	705.611
3860.81	700.611
3861.19	704.611
3861.57	694.611
3861.95	668.611
3862.33	751.611
3862.71	676.611
3863.09	714.611
3863.47	696.611
3863.85	711.611
3864.23	680.611
3864.62	685.611
3865	700.611
3865.38	746.611
3865.76	706.611
3866.14	739.611
3866.52	725.611
3866.9	701.611
3867.28	711.611
3867.66	692.611
3868.04	688.611
3868.42	684.611
3868.8	716.611
3869.18	657.611
3869.56	700.611
3869.94	710.611
3870.32	698.611
3870.7	701.611
3871.08	676.611
3871.46	727.611
3871.83	700.611
3872.21	713.611
3872.59	717.611
3872.97	710.611
3873.35	681.611
3873.73	643.611
3874.11	732.611
3874.49	702.611
3874.87	708.611
3875.25	717.611
3875.63	693.611
3876.01	721.611
3876.39	726.611
3876.77	709.611
3877.15	700.611
3877.53	670.611
3877.91	676.611
3878.28	718.611
3878.66	724.611
3879.04	757.611
3879.42	680.611
3879.8	678.611
3880.18	734.611
3880.56	678.611
3880.94	689.611
3881.32	734.611
3881.69	672.611
3882.07	661.611
3882.45	700.611
3882.83	732.611
3883.21	711.611
3883.59	714.611
3883.97	760.611
3884.35	671.611
3884.72	705.611
3885.1	719.611
3885.48	649.611
3885.86	682.611
3886.24	663.611
3886.62	686.611
3886.99	707.611
3887.37	664.611
3887.75	683.611
3888.13	696.611
3888.51	690.611
3888.89	671.611
3889.26	659.611
3889.64	686.611
3890.02	674.611
3890.4	693.611
3890.78	712.611
3891.15	711.611
3891.53	662.611
3891.91	686.611
3892.29	676.611
3892.66	696.611
3893.04	647.611
3893.42	710.611
3893.8	700.611
3894.18	714.611
3894.55	732.611
3894.93	677.611
3895.31	687.611
3895.69	660.611
3896.06	676.611
3896.44	655.611
3896.82	669.611
3897.2	660.611
3897.57	689.611
3897.95	675.611
3898.33	654.611
3898.7	711.611
3899.08	685.611
3899.46	676.611
3899.84	687.611
3900.21	695.611
3900.59	616.611
3900.97	717.611
3901.34	676.611
3901.72	633.611
3902.1	698.611
3902.48	708.611
3902.85	622.611
3903.23	690.611
3903.61	648.611
3903.98	751.611
3904.36	669.611
3904.74	676.611
3905.11	680.611
3905.49	709.611
3905.87	692.611
3906.24	667.611
3906.62	714.611
3906.99	649.611
3907.37	708.611
3907.75	712.611
3908.12	654.611
3908.5	700.611
3908.88	641.611
3909.25	690.611
3909.63	698.611
3910.01	669.611
3910.38	669.611
3910.76	640.611
3911.13	665.611
3911.51	669.611
3911.89	707.611
3912.26	722.611
3912.64	690.611
3913.01	678.611
3913.39	700.611
3913.77	669.611
3914.14	695.611
3914.52	689.611
3914.89	698.611
3915.27	704.611
3915.65	679.611
3916.02	665.611
3916.4	712.611
3916.77	706.611
3917.15	680.611
3917.52	677.611
3917.9	663.611
3918.27	676.611
3918.65	687.611
3919.02	679.611
3919.4	604.611
3919.77	629.611
3920.15	608.611
3920.53	579.611
3920.9	630.611
3921.28	627.611
3921.65	651.611
3922.03	707.611
3922.4	661.611
3922.78	708.611
3923.15	660.611
3923.53	694.611
3923.9	666.611
3924.28	675.611
3924.65	673.611
3925.03	665.611
3925.4	666.611
3925.77	656.611
3926.15	658.611
3926.52	677.611
3926.9	651.611
3927.27	647.611
3927.65	683.611
3928.02	709.611
3928.4	695.611
3928.77	666.611
3929.15	709.611
3929.52	624.611
3929.89	670.611
3930.27	673.611
3930.64	677.611
3931.02	640.611
3931.39	690.611
3931.77	651.611
3932.14	666.611
3932.51	681.611
3932.89	658.611
3933.26	657.611
3933.64	643.611
3934.01	679.611
3934.38	692.611
3934.76	718.611
3935.13	654.611
3935.51	651.611
3935.88	651.611
3936.25	670.611
3936.63	650.611
3937	730.611
3937.38	656.611
3937.75	655.611
3938.12	698.611
3938.5	685.611
3938.87	662.611
3939.24	711.611
3939.62	647.611
3939.99	698.611
3940.36	663.611
3940.74	689.611
3941.11	650.611
3941.48	661.611
3941.86	677.611
3942.23	673.611
3942.6	666.611
3942.98	682.611
3943.35	671.611
3943.72	630.611
3944.1	693.611
3944.47	664.611
3944.84	653.611
3945.21	687.611
3945.59	681.611
3945.96	628.611
3946.33	684.611
3946.71	690.611
3947.08	690.611
3947.45	669.611
3947.82	649.611
3948.2	689.611
3948.57	693.611
3948.94	635.611
3949.32	681.611
3949.69	677.611
3950.06	682.611
3950.43	670.611
3950.81	663.611
3951.18	665.611
3951.55	685.611
3951.92	640.611
3952.29	643.611
3952.67	611.611
3953.04	669.611
3953.41	669.611
3953.78	701.611
3954.16	698.611
3954.53	662.611
3954.9	636.611
3955.27	697.611
3955.64	682.611
3956.02	657.611
3956.39	654.611
3956.76	624.611
3957.13	677.611
3957.5	656.611
3957.87	647.611
3958.25	664.611
3958.62	625.611
3958.99	680.611
3959.36	651.611
3959.73	652.611
3960.11	642.611
3960.48	657.611
3960.85	643.611
3961.22	634.611
3961.59	610.611
3961.96	601.611
3962.33	697.611
3962.71	681.611
3963.08	610.611
3963.45	658.611
3963.82	634.611
3964.19	640.611
3964.56	647.611
3964.93	611.611
3965.3	645.611
3965.68	665.611
3966.05	629.611
3966.42	669.611
3966.79	620.611
3967.16	604.611
3967.53	645.611
3967.9	674.611
3968.27	636.611
3968.64	634.611
3969.01	680.611
3969.38	604.611
3969.75	645.611
3970.12	647.611
3970.5	655.611
3970.87	679.611
3971.24	607.611
3971.61	665.611
3971.98	663.611
3972.35	639.611
3972.72	653.611
3973.09	657.611
3973.46	623.611
3973.83	679.611
3974.2	622.611
3974.57	647.611
3974.94	633.611
3975.31	697.611
3975.68	636.611
3976.05	619.611
3976.42	649.611
3976.79	653.611
3977.16	693.611
3977.53	702.611
3977.9	653.611
3978.27	678.611
3978.64	643.611
3979.01	680.611
3979.38	669.611
3979.75	673.611
3980.12	617.611
3980.49	666.611
3980.86	630.611
3981.23	609.611
3981.6	599.611
3981.97	634.611
3982.34	649.611
3982.71	631.611
3983.08	663.611
3983.45	664.611
3983.82	638.611
3984.19	616.611
3984.55	640.611
3984.92	633.611
3985.29	618.611
3985.66	662.611
3986.03	712.611
3986.4	631.611
3986.77	617.611
3987.14	697.611
3987.51	671.611
3987.88	643.611
3988.25	616.611
3988.61	734.611
3988.98	667.611
3989.35	648.611
3989.72	630.611
3990.09	643.611
3990.46	641.611
3990.83	693.611
3991.2	623.611
3991.56	637.611
3991.93	618.611
3992.3	616.611
3992.67	658.611
3993.04	653.611
3993.41	690.611
3993.78	617.611
3994.15	695.611
3994.51	677.611
3994.88	643.611
3995.25	653.611
3995.62	650.611
3995.99	675.611
3996.36	661.611
3996.72	677.611
3997.09	662.611
3997.46	619.611
3997.83	657.611
3998.2	660.611
3998.56	654.611
3998.93	666.611
3999.3	612.611
3999.67	593.611
4000.04	563.611
