19.7123	1991.91
20.3887	1993.91
21.0651	1995.91
21.7414	2034.91
22.4176	2080.91
23.0939	2149.91
23.77	2231.91
24.4462	2286.91
25.1222	2283.91
25.7983	2346.91
26.4742	2339.91
27.1502	2320.91
27.8261	2346.91
28.5019	2304.91
29.1777	2319.91
29.8534	2365.91
30.5291	2383.91
31.2048	2405.91
31.8804	2468.91
32.5559	2505.91
33.2314	2473.91
33.9069	2560.91
34.5823	2693.91
35.2577	2767.91
35.933	2679.91
36.6083	2679.91
37.2835	2668.91
37.9587	2660.91
38.6338	2703.91
39.3066	2636.91
39.9817	2813.91
40.6566	2770.91
41.3316	2862.91
42.0065	2831.91
42.6813	2883.91
43.3539	2861.91
44.0286	2827.91
44.7033	2798.91
45.378	2859.91
46.0526	2895.91
46.7249	2882.91
47.3994	2910.91
48.0739	2932.91
48.7483	2915.91
49.4204	2835.91
50.0947	2885.91
50.769	2899.91
51.4433	2883.91
52.1152	2765.91
52.7893	2834.91
53.4634	2869.91
54.1352	2904.91
54.8092	2828.91
55.4831	2841.91
56.1548	2866.91
56.8286	2870.91
57.5024	2908.91
58.1739	2989.91
58.8477	3013.91
59.5213	2926.91
60.1927	2824.91
60.8663	2826.91
61.5375	2798.91
62.211	2780.91
62.8845	2832.91
63.5556	2806.91
64.2289	2873.91
64.8999	2864.91
65.5732	2774.91
66.2441	2727.91
66.9173	2838.91
67.5881	2742.91
68.2612	2666.91
68.9319	2745.91
69.6049	2676.91
70.2755	2658.91
70.9484	2721.91
71.619	2742.91
72.2918	2795.91
72.9622	2888.91
73.6349	2785.91
74.3053	2839.91
74.9756	2767.91
75.6482	2716.91
76.3184	2722.91
76.9909	2609.91
77.661	2720.91
78.3311	2688.91
79.0034	2729.91
79.6734	2707.91
80.3433	2740.91
81.0155	2760.91
81.6854	2825.91
82.3552	2768.91
83.0272	2774.91
83.6969	2629.91
84.3666	2632.91
85.0385	2633.91
85.7081	2607.91
86.3776	2659.91
87.0471	2620.91
87.7188	2703.91
88.3882	2682.91
89.0575	2720.91
89.7268	2808.91
90.3961	2655.91
91.0676	2676.91
91.7367	2634.91
92.4059	2656.91
93.0749	2631.91
93.7439	2623.91
94.4152	2588.91
95.0841	2542.91
95.753	2646.91
96.4218	2589.91
97.0906	2562.91
97.7594	2544.91
98.4281	2579.91
99.0967	2618.91
99.7676	2631.91
100.436	2518.91
101.105	2641.91
101.773	2542.91
102.442	2596.91
103.11	2496.91
103.778	2538.91
104.447	2573.91
105.115	2597.91
105.783	2586.91
106.451	2491.91
107.119	2474.91
107.787	2461.91
108.455	2478.91
109.123	2493.91
109.791	2479.91
110.459	2445.91
111.127	2450.91
111.795	2473.91
112.462	2465.91
113.13	2476.91
113.795	2500.91
114.463	2552.91
115.13	2439.91
115.798	2372.91
116.465	2461.91
117.133	2384.91
117.8	2383.91
118.467	2295.91
119.132	2379.91
119.8	2406.91
120.467	2347.91
121.134	2277.91
121.801	2334.91
122.466	2339.91
123.133	2407.91
123.8	2414.91
124.467	2333.91
125.133	2431.91
125.798	2365.91
126.465	2354.91
127.131	2415.91
127.796	2392.91
128.462	2334.91
129.129	2268.91
129.796	2191.91
130.46	2131.91
131.126	2298.82
131.793	2281.45
132.457	2250.78
133.123	2226.33
133.789	2221.42
134.453	2236.57
135.119	2248.99
135.783	2249.75
136.449	2260.29
137.115	2155.91
137.779	2183.91
138.445	2195.91
139.108	2249.91
139.774	2239.91
140.438	2187.91
141.104	2198.91
141.769	2215.91
142.433	2197.91
143.098	2242.91
143.762	2209.91
144.427	2190.91
145.09	2199.91
145.756	2166.91
146.419	2192.91
147.084	2127.91
147.747	2216.91
148.41	2213.91
149.075	2255.91
149.738	2177.91
150.403	2119.91
151.066	2164.91
151.731	2175.91
152.394	2177.91
153.056	2184.91
153.721	2175.91
154.384	2068.91
155.046	2151.91
155.711	2174.91
156.374	2093.91
157.036	2145.91
157.701	2093.91
158.363	2136.91
159.025	2123.91
159.69	2055.91
160.352	2092.91
161.014	2067.91
161.676	2076.91
162.34	2142.91
163.002	2028.91
163.664	2094.91
164.326	2014.91
164.99	2085.91
165.652	2058.91
166.314	2077.91
166.975	2088.91
167.637	2130.91
168.301	2064.91
168.962	2017.91
169.624	2035.91
170.285	2017.91
170.947	2138.91
171.608	2028.91
172.272	2059.91
172.933	2028.91
173.594	2062.91
174.255	2119.91
174.917	2117.91
175.578	2036.91
176.239	2060.91
176.9	2049.91
177.561	2032.91
178.222	2038.91
178.882	1963.91
179.543	2045.91
180.204	2063.91
180.865	2045.91
181.526	2051.91
182.186	2054.91
182.847	2018.91
183.507	2104.91
184.168	2009.91
184.828	1940.91
185.489	1947.91
186.149	1914.91
186.809	1907.91
187.47	1970.91
188.13	1963.91
188.79	1990.91
189.45	1924.91
190.11	2030.91
190.768	2014.91
191.428	2018.91
192.088	2031.91
192.748	2014.91
193.408	2033.91
194.068	2009.91
194.728	2029.91
195.385	1990.91
196.045	2063.91
196.705	1963.91
197.364	1935.91
198.021	1954.91
198.681	2005.91
199.34	2008.91
200	2036.91
200.657	1955.91
201.316	1963.91
201.976	2037.91
202.635	2039.91
203.292	2016.91
203.951	2045.91
204.61	2053.91
205.267	1981.91
205.926	2001.91
206.585	1995.91
207.242	2045.91
207.9	2138.91
208.559	2005.91
209.216	2029.91
209.875	1951.91
210.533	1991.91
211.19	2039.91
211.848	2047.91
212.505	1982.91
213.163	1962.91
213.819	1933.91
214.478	2018.84
215.134	2020.13
215.792	2006.52
216.451	2006.65
217.107	2007.81
217.765	2000.18
218.421	2001.27
219.079	2007.94
219.735	2007.93
220.391	1942.91
221.049	1919.91
221.704	1994.91
222.362	1980.91
223.018	2016.91
223.675	2048.91
224.331	2059.91
224.989	2025.91
225.644	1975.91
226.3	2052.91
226.957	2061.91
227.612	2035.91
228.268	2080.91
228.925	2065.91
229.58	2012.91
230.235	1998.91
230.893	2048.91
231.548	2083.91
232.203	2124.91
232.86	2031.91
233.515	2023.91
234.17	2052.91
234.827	2080.91
235.481	2061.91
236.136	2106.91
236.791	2041.91
237.448	2095.91
238.102	2055.91
238.757	2095.91
239.411	2033.91
240.066	2113.91
240.722	2044.91
241.377	2095.91
242.031	2048.91
242.685	2040.91
243.339	2008.91
243.993	2046.91
244.648	2090.91
245.304	2033.91
245.958	2051.91
246.612	2112.91
247.266	2077.91
247.92	2104.91
248.574	2155.91
249.227	2111.91
249.881	2102.91
250.535	2036.91
251.189	2068.91
251.842	2107.91
252.496	2091.91
253.149	2111.91
253.803	2131.91
254.456	2139.91
255.11	2158.91
255.763	2130.91
256.416	2079.91
257.07	2028.91
257.723	2105.91
258.376	2107.91
259.029	2162.91
259.682	2137.91
260.335	2031.91
260.988	2088.91
261.641	2078.91
262.294	2093.91
262.947	2149.91
263.598	2191.91
264.251	2210.91
264.903	2142.91
265.556	2148.91
266.209	2142.91
266.861	2115.91
267.512	2114.91
268.164	2221.91
268.817	2129.91
269.469	2084.91
270.121	2111.91
270.772	2048.91
271.424	2074.91
272.076	2135.91
272.728	2133.91
273.378	2124.91
274.03	2129.91
274.682	2119.91
275.332	2199.91
275.984	2189.91
276.636	2179.91
277.288	2202.91
277.938	2152.91
278.59	2202.91
279.239	2209.91
279.891	2168.91
280.542	2174.91
281.192	2133.91
281.843	2188.91
282.495	2181.91
283.144	2239.91
283.796	2228.91
284.445	2212.91
285.096	2180.91
285.745	2230.91
286.397	2201.91
287.048	2182.91
287.697	2255.91
288.348	2196.91
288.997	2187.91
289.648	2188.91
290.297	2147.91
290.948	2243.91
291.596	2236.91
292.247	2223.91
292.896	2278.91
293.544	2229.91
294.195	2224.91
294.844	2199.91
295.494	2237.91
296.143	2259.91
296.793	2205.91
297.441	2220.91
298.09	2245.91
298.74	2251.91
299.388	2291.91
300.036	2218.91
300.687	2232.91
301.335	2255.91
301.983	2257.91
302.633	2202.91
303.281	2275.91
303.929	2193.91
304.579	2240.91
305.227	2290.91
305.874	2322.91
306.522	2328.91
307.172	2347.91
307.819	2227.91
308.467	2217.91
309.114	2270.91
309.764	2240.91
310.412	2185.91
311.059	2191.91
311.706	2295.91
312.354	2280.91
313.003	2262.91
313.65	2305.91
314.297	2333.91
314.944	2361.91
315.592	2258.91
316.239	2350.91
316.886	2327.91
317.535	2337.91
318.182	2340.91
318.828	2290.91
319.475	2326.91
320.122	2341.91
320.769	2329.91
321.415	2253.91
322.062	2387.91
322.709	2368.91
323.355	2439.91
324.002	2398.91
324.648	2384.91
325.294	2392.91
325.941	2355.91
326.587	2361.91
327.233	2405.91
327.88	2337.91
328.526	2413.91
329.172	2480.91
329.818	2381.91
330.464	2357.91
331.11	2347.91
331.754	2347.91
332.4	2413.91
333.046	2452.91
333.692	2487.91
334.337	2577.91
334.983	2352.91
335.629	2417.91
336.275	2426.91
336.918	2467.91
337.564	2484.91
338.209	2494.91
338.855	2481.91
339.5	2469.91
340.143	2494.91
340.789	2484.91
341.434	2551.91
342.079	2561.91
342.722	2545.91
343.367	2584.91
344.012	2534.91
344.658	2476.91
345.3	2538.91
345.945	2554.91
346.59	2486.91
347.233	2551.91
347.878	2527.91
348.523	2575.91
349.165	2513.91
349.81	2560.91
350.455	2545.91
351.097	2656.91
351.742	2552.91
352.384	2607.91
353.029	2623.91
353.673	2620.91
354.315	2608.91
354.96	2577.91
355.602	2645.91
356.246	2633.91
356.888	2711.91
357.533	2587.91
358.175	2706.91
358.819	2591.91
359.461	2671.91
360.105	2748.91
360.746	2635.91
361.39	2708.91
362.032	2736.91
362.676	2725.91
363.318	2721.91
363.961	2757.91
364.603	2694.91
365.247	2783.91
365.888	2686.91
366.529	2789.91
367.173	2709.91
367.814	2800.91
368.456	2710.91
369.099	2780.91
369.74	2741.91
370.381	2758.91
371.025	2816.91
371.666	2790.91
372.307	2697.91
372.95	2824.91
373.591	2729.91
374.232	2781.91
374.875	2792.91
375.516	2731.91
376.156	2830.91
376.797	2813.91
377.44	2777.91
378.081	2805.91
378.721	2818.91
379.362	2854.91
380.002	2886.91
380.645	2893.91
381.285	2884.91
381.926	2925.91
382.566	2858.91
383.206	2879.91
383.847	2906.91
384.489	2919.91
385.129	2919.91
385.769	2946.91
386.409	2870.91
387.049	2945.91
387.689	2932.91
388.329	2957.91
388.969	2966.91
389.609	3099.91
390.249	3037.91
390.889	2908.91
391.528	2929.91
392.168	3033.91
392.81	2990.91
393.449	3059.91
394.089	3055.91
394.726	3024.91
395.366	3059.91
396.005	2995.91
396.645	2975.91
397.284	3005.91
397.923	3085.91
398.562	3066.91
399.202	3094.91
399.841	3064.91
400.48	2972.91
401.119	3047.91
401.758	3081.91
402.397	3165.91
403.034	3142.91
403.673	3135.91
404.311	3081.91
404.95	3136.91
405.589	3167.91
406.228	3157.91
406.864	3087.91
407.503	3225.91
408.142	3181.91
408.78	3113.91
409.419	3195.91
410.055	3241.91
410.693	3156.91
411.332	3153.91
411.968	3267.91
412.606	3321.91
413.244	3257.91
413.883	3144.91
414.519	3266.91
415.157	3147.91
415.795	3210.91
416.431	3227.91
417.069	3308.91
417.707	3347.91
418.342	3283.91
418.98	3317.91
419.616	3268.91
420.254	3285.91
420.891	3380.91
421.527	3429.91
422.165	3418.91
422.8	3423.91
423.438	3389.91
424.075	3357.91
424.71	3265.91
425.348	3291.91
425.983	3467.91
426.62	3449.91
427.256	3446.91
427.893	3490.91
428.528	3491.91
429.165	3449.91
429.8	3500.91
430.435	3495.91
431.072	3541.91
431.707	3538.91
432.344	3606.91
432.979	3537.91
433.615	3439.91
434.25	3463.91
434.885	3455.91
435.521	3571.91
436.156	3564.91
436.79	3596.91
437.427	3654.91
438.061	3588.91
438.696	3631.91
439.332	3689.91
439.967	3490.91
440.601	3676.91
441.237	3633.91
441.871	3657.91
442.505	3672.91
443.142	3714.91
443.776	3646.91
444.41	3769.91
445.044	3677.91
445.678	3748.91
446.314	3748.91
446.947	3697.91
447.581	3727.91
448.215	3713.91
448.849	3741.91
449.484	3825.91
450.118	3819.91
450.752	3910.91
451.385	3761.91
452.018	3703.91
452.652	3783.91
453.285	3838.91
453.921	3894.91
454.554	3880.91
455.187	3834.91
455.821	3863.91
456.454	3801.91
457.087	3812.91
457.72	3714.91
458.353	3837.91
458.986	3967.91
459.619	3931.91
460.252	3888.91
460.885	3976.91
461.518	3871.91
462.15	3802.91
462.783	3981.91
463.416	3907.91
464.048	3975.91
464.681	3920.91
465.314	3988.91
465.946	3877.91
466.579	3868.91
467.209	3895.91
467.841	3915.91
468.474	3932.91
469.106	3952.91
469.738	3995.91
470.371	3999.91
471.003	4002.91
471.633	3899.91
472.265	3985.91
472.897	4025.91
473.529	4079.91
474.161	4014.91
474.791	4024.91
475.423	3954.91
476.054	3874.91
476.686	3944.91
477.318	3985.91
477.948	3973.91
478.579	3902.91
479.211	3827.91
479.84	3921.91
480.472	3833.91
481.103	3891.91
481.733	3897.91
482.364	3951.91
482.996	4002.91
483.625	3920.91
484.256	3991.91
484.887	3879.91
485.516	3883.91
486.148	3880.91
486.779	3907.91
487.408	3901.91
488.039	3798.91
488.668	3823.91
489.298	3714.91
489.927	3720.91
490.558	3797.91
491.187	3831.91
491.818	3691.91
492.446	3661.91
493.077	3627.91
493.705	3624.91
494.336	3543.91
494.964	3341.91
495.595	3412.91
496.223	3471.91
496.854	3382.91
497.482	3370.91
498.112	3355.91
498.741	3361.91
499.371	3303.91
499.999	3315.91
500.627	3251.91
501.257	3121.91
501.885	3117.91
502.513	3031.91
503.143	2873.91
503.771	2990.91
504.399	2948.91
505.029	2898.91
505.656	2928.91
506.284	2915.91
506.914	2782.91
507.541	2737.91
508.169	2696.91
508.796	2601.91
509.426	2624.91
510.054	2618.91
510.681	2531.91
511.308	2563.91
511.938	2567.91
512.565	2353.91
513.192	2366.91
513.819	2384.91
514.446	2371.91
515.076	2338.91
515.703	2357.91
516.33	2220.91
516.957	2221.91
517.584	2218.91
518.21	2170.91
518.837	2172.91
519.464	2191.91
520.093	2109.91
520.72	2102.91
521.346	2040.91
521.973	2000.91
522.6	1993.91
523.226	1966.91
523.853	1931.91
524.479	1920.91
525.105	1945.91
525.732	1882.91
526.358	1941.91
526.984	1888.91
527.611	1889.91
528.237	1825.91
528.863	1883.91
529.489	1859.91
530.115	1876.91
530.741	1790.91
531.365	1802.91
531.991	1787.91
532.617	1755.91
533.243	1712.91
533.869	1708.91
534.495	1710.91
535.12	1729.91
535.746	1710.91
536.369	1637.91
536.995	1695.91
537.621	1697.91
538.246	1667.91
538.872	1601.91
539.495	1588.91
540.12	1529.91
540.746	1545.91
541.371	1620.91
541.994	1603.91
542.62	1574.91
543.245	1562.91
543.87	1587.91
544.493	1606.91
545.118	1602.91
545.743	1536.91
546.366	1565.91
546.991	1461.91
547.616	1517.91
548.238	1554.91
548.863	1476.91
549.488	1498.91
550.111	1521.91
550.735	1529.91
551.36	1403.91
551.982	1490.91
552.607	1518.91
553.229	1485.91
553.854	1504.91
554.476	1446.91
555.101	1420.91
555.723	1414.91
556.347	1393.91
556.969	1408.91
557.594	1439.91
558.216	1438.91
558.84	1417.91
559.462	1378.91
560.086	1444.49
560.708	1438.02
561.332	1462.83
561.954	1389.89
562.578	1397.58
563.199	1400.27
563.821	1384.22
564.445	1401.06
565.066	1410.43
565.69	1330.54
566.312	1374.21
566.933	1420.47
567.557	1359.26
568.178	1383.67
568.799	1365.03
569.423	1398.31
570.044	1370.89
570.665	1393.24
571.289	1341.59
571.91	1290.25
572.531	1327.35
573.152	1364.5
573.775	1361.33
574.396	1386.63
575.017	1366.44
575.638	1371.74
576.261	1312.95
576.882	1324.45
577.503	1286.98
578.123	1298.15
578.744	1301.18
579.365	1331.71
579.987	1320.52
580.608	1304.99
581.229	1276.63
581.849	1238.93
582.47	1276.44
583.09	1236.54
583.71	1235.72
584.331	1269.51
584.951	1213.51
585.571	1267.34
586.194	1294.42
586.814	1222.37
587.434	1226.79
588.054	1238.3
588.674	1239.27
589.294	1254.3
589.914	1247.12
590.534	1211.34
591.154	1232.07
591.774	1246.66
592.391	1216.36
593.011	1179.79
593.631	1190.23
594.25	1206.49
594.87	1165.18
595.49	1184.93
596.109	1183.85
596.729	1160.83
597.348	1168.12
597.967	1176.39
598.585	1144.43
599.204	1131.44
599.823	1158.55
600.443	1136.52
601.062	1172.28
601.681	1163.72
602.298	1127.57
602.917	1114.01
603.536	1108.27
604.155	1121.99
604.772	1094.68
605.391	1087.94
606.01	1048.6
606.629	1058
607.245	1043.86
607.864	1091.85
608.483	1077.41
609.099	1062.69
609.718	1074.27
610.337	1042.22
610.953	1070.59
611.572	1031.59
612.19	1050.46
612.806	1011.28
613.425	1051.49
614.043	1011.23
614.659	1011.63
615.278	1050.8
615.894	1030.61
616.512	983.622
617.128	973.04
617.746	999.353
618.364	992.861
618.98	996.306
619.598	978.671
620.214	989.901
620.832	951.892
621.448	955.655
622.065	964.368
622.681	928.67
623.297	988.251
623.914	978.723
624.53	936.111
625.148	960.202
625.763	973.723
626.381	974.343
626.996	951.172
627.611	933.415
628.229	938.214
628.844	933.322
629.459	913.849
630.076	924.274
630.692	933.431
631.307	925.512
631.924	922.016
632.539	908.511
633.154	890.016
633.771	912.659
634.386	883.803
635.001	887.009
635.615	881.787
636.232	872.243
636.847	895.761
637.462	901.437
638.076	890.611
638.693	905.526
639.308	912.361
639.922	835.118
640.537	914.649
641.151	853.656
641.768	856.836
642.382	843.334
642.996	877.607
643.611	838.575
644.225	903.013
644.839	867.538
645.453	844.287
646.067	859.09
646.681	852.945
647.295	866.9
647.912	867.233
648.526	874.28
649.139	862.136
649.753	843.978
650.367	789.019
650.981	840.113
651.595	844.492
652.208	839.036
652.822	805.09
653.436	828.091
653.707	781.091
654.329	750.091
654.953	780.091
655.576	808.091
656.198	792.091
656.822	805.091
657.444	746.091
658.066	820.091
658.688	806.091
659.312	825.091
659.933	759.091
660.555	782.091
661.177	819.091
661.801	774.091
662.422	781.091
663.044	772.091
663.666	719.091
664.287	781.422
664.911	764.609
665.532	762.442
666.154	761.008
666.775	759.601
667.396	757.083
668.018	755.146
668.639	768.641
669.262	664.091
669.883	734.091
670.504	719.091
671.126	753.091
671.747	746.091
672.368	774.091
672.989	756.091
673.609	747.091
674.23	734.091
674.851	765.091
675.472	760.091
676.093	755.091
676.713	738.091
677.334	715.091
677.955	737.091
678.575	744.091
679.196	728.091
679.816	757.091
680.437	728.091
681.057	703.091
681.677	744.091
682.298	748.091
682.918	748.091
683.538	732.091
684.159	726.091
684.779	744.091
685.397	722.091
686.017	738.091
686.637	722.091
687.257	695.091
687.877	733.091
688.497	740.091
689.115	710.091
689.734	711.091
690.354	715.091
690.974	706.091
691.594	741.091
692.211	728.091
692.831	734.091
693.45	719.091
694.07	703.091
694.687	707.091
695.307	706.091
695.926	713.091
696.546	685.091
697.163	695.091
697.782	728.091
698.401	749.091
699.019	705.091
699.638	687.091
700.257	708.091
700.874	700.091
701.493	671.091
702.112	700.091
702.729	690.091
703.348	697.091
703.967	699.091
704.583	687.091
705.202	713.091
705.819	710.091
706.438	710.091
707.054	665.091
707.673	672.091
708.291	703.091
708.908	665.091
709.526	689.091
710.143	705.091
710.761	656.091
711.377	714.091
711.996	675.091
712.612	718.091
713.23	692.091
713.846	681.091
714.462	706.091
715.081	674.091
715.697	666.091
716.315	630.091
716.931	687.091
717.549	660.091
718.164	697.091
718.78	686.091
719.398	741.091
720.014	693.091
720.629	676.091
721.247	659.091
721.863	671.091
722.478	711.091
723.096	722.091
723.711	684.091
724.327	676.091
724.944	643.091
725.56	673.091
726.175	671.091
726.792	652.091
727.408	669.091
728.023	687.091
728.638	674.091
729.255	701.091
729.87	700.091
730.485	684.091
731.1	670.091
731.715	694.091
732.332	667.091
732.947	689.091
733.562	687.091
734.177	663.091
734.791	695.091
735.406	729.091
736.021	703.091
736.637	685.091
737.252	705.091
737.867	676.091
738.481	687.091
739.096	715.091
739.71	687.091
740.324	693.091
740.939	670.091
741.553	657.091
742.167	645.091
742.781	644.091
743.396	622.091
744.01	688.916
744.624	689.486
745.238	690.568
745.852	690.602
746.466	690.916
747.08	643.091
747.694	645.091
748.307	658.091
748.921	664.091
749.535	687.091
750.149	648.091
750.762	706.091
751.376	708.091
751.99	681.091
752.603	690.091
753.215	721.091
753.828	708.091
754.441	700.091
755.055	735.091
755.668	714.091
756.282	691.091
756.893	695.091
757.506	716.091
758.119	739.091
758.732	728.091
759.345	722.091
759.956	694.091
760.569	716.091
761.182	695.091
761.795	710.091
762.406	719.091
763.019	721.091
763.632	697.091
764.243	723.091
764.855	751.091
765.468	731.091
766.081	741.091
766.691	752.091
767.304	715.091
767.916	728.091
768.527	755.091
769.139	722.091
769.75	711.091
770.362	775.091
770.974	725.091
771.584	744.091
772.197	726.091
772.807	751.091
773.419	766.091
774.031	754.091
774.641	763.091
775.253	724.091
775.863	736.091
776.475	789.091
777.085	740.091
777.697	775.091
778.307	757.091
778.919	756.091
779.528	807.091
780.14	750.091
780.75	771.091
781.359	739.091
781.971	746.091
782.58	775.091
783.192	787.091
783.801	762.091
784.413	794.091
785.022	802.091
785.631	764.091
786.243	748.091
786.852	776.091
787.461	769.091
788.072	809.091
788.681	770.091
789.29	775.091
789.901	753.091
790.51	779.091
791.119	791.091
791.73	801.091
792.339	799.091
792.948	783.091
793.557	717.091
794.167	781.091
794.776	723.091
795.385	751.091
795.993	777.091
796.604	744.091
797.213	816.091
797.821	742.091
798.429	736.091
799.038	756.091
799.646	751.091
800.257	728.091
800.865	716.091
801.473	780.091
802.081	734.091
802.69	749.091
803.298	731.091
803.906	772.091
804.514	738.091
805.124	766.091
805.732	734.091
806.34	738.091
806.948	769.091
807.555	742.091
808.163	705.091
808.771	718.091
809.379	725.091
809.986	734.091
810.594	718.091
811.202	695.091
811.809	708.091
812.417	724.091
813.024	720.091
813.632	698.091
814.239	706.091
814.846	647.091
815.454	669.091
816.059	644.091
816.666	684.091
817.273	659.091
817.881	685.091
818.488	681.091
819.095	666.091
819.702	680.091
820.309	678.091
820.914	667.091
821.521	647.091
822.128	637.091
822.734	616.091
823.341	635.091
823.946	610.091
824.553	611.091
825.159	621.091
825.766	598.091
826.37	632.091
826.977	608.091
827.583	585.091
828.19	605.091
828.794	603.091
829.401	578.091
830.007	550.091
830.611	565.091
831.218	572.091
831.824	586.091
832.428	522.091
833.034	541.091
833.64	548.091
834.244	537.091
834.85	533.091
835.456	550.091
836.06	559.091
836.666	522.091
837.27	543.091
837.876	567.091
838.482	583.312
839.085	581.986
839.691	547.091
840.295	539.091
840.9	578.428
841.504	577.498
842.109	576.765
842.713	508.091
843.318	530.091
843.922	521.091
844.527	561.091
845.13	520.091
845.736	535.091
846.339	543.091
846.942	573.37
847.547	556.091
848.15	519.091
848.756	577.091
849.359	572.742
849.962	511.091
850.567	536.091
851.17	530.091
851.774	574.091
852.377	554.091
852.98	532.091
853.585	545.091
854.188	584.091
854.79	563.091
855.395	527.091
855.998	566.091
856.6	548.091
857.203	570.091
857.807	558.091
858.41	580.091
859.012	589.091
859.614	572.091
860.219	585.091
860.821	633.091
861.423	594.091
862.025	570.091
862.628	570.091
863.232	585.091
863.834	608.091
864.436	607.091
865.038	616.091
865.64	580.091
866.242	589.091
866.844	614.091
867.447	630.091
868.049	580.091
868.651	596.091
869.253	623.091
869.854	664.091
870.456	650.091
871.058	632.091
871.659	643.091
872.261	650.091
872.862	627.091
873.464	595.091
874.065	621.091
874.666	650.091
875.268	645.091
875.869	644.091
876.47	661.091
877.071	647.091
877.673	666.091
878.274	645.091
878.875	722.091
879.476	659.091
880.077	657.091
880.676	695.091
881.277	695.091
881.878	700.091
882.479	698.091
883.079	671.091
883.68	669.091
884.281	685.091
884.882	694.091
885.48	660.091
886.081	700.091
886.681	716.091
887.282	719.091
887.882	675.091
888.481	719.091
889.081	711.091
889.682	682.091
890.282	695.091
890.88	711.091
891.48	675.091
892.081	740.091
892.679	659.091
893.279	678.091
893.879	707.091
894.479	734.091
895.077	717.091
895.677	695.091
896.277	711.091
896.875	694.091
897.475	724.091
898.073	686.091
898.672	717.091
899.272	708.091
899.87	732.091
900.469	705.091
901.067	745.091
901.667	740.091
902.266	706.091
902.864	772.091
903.463	718.091
904.06	805.091
904.66	767.091
905.257	743.091
905.857	756.091
906.454	732.091
907.053	756.091
907.65	695.091
908.249	711.091
908.846	710.091
909.443	734.091
910.043	729.091
910.639	759.091
911.238	716.091
911.835	700.091
912.432	730.091
913.031	724.091
913.628	728.091
914.227	736.091
914.823	709.091
915.42	719.091
916.019	724.091
916.615	728.091
917.212	718.091
917.81	731.091
918.407	805.091
919.003	778.091
919.599	746.091
920.198	668.091
920.794	702.091
921.39	749.091
921.987	698.091
922.585	739.091
923.181	683.091
923.777	726.091
924.373	728.091
924.969	731.091
925.567	716.091
926.163	706.091
926.759	684.091
927.355	724.091
927.951	717.091
928.547	655.091
929.144	692.091
929.74	689.091
930.336	703.091
930.931	687.091
931.527	663.091
932.123	671.091
932.718	711.091
933.314	701.091
933.909	682.091
934.504	669.091
935.1	715.091
935.695	676.091
936.29	676.091
936.886	703.091
937.481	674.091
938.076	680.091
938.671	657.091
939.266	637.091
939.861	679.091
940.456	631.091
941.051	642.091
941.646	646.091
942.241	706.091
942.836	682.091
943.431	644.091
944.024	668.091
944.618	635.091
945.213	656.091
945.808	706.091
946.402	687.091
946.997	617.091
947.592	604.091
948.184	639.091
948.778	640.091
949.373	670.091
949.967	642.091
950.562	666.091
951.154	651.091
951.748	588.091
952.342	624.091
952.937	654.091
953.529	634.091
954.123	638.091
954.717	640.091
955.309	660.091
955.903	635.091
956.497	633.091
957.089	643.091
957.683	678.091
958.277	635.091
958.868	693.091
959.462	634.091
960.056	669.091
960.648	641.091
961.241	633.091
961.833	633.091
962.427	643.091
963.02	629.091
963.612	642.091
964.205	584.091
964.796	647.091
965.39	599.091
965.981	623.091
966.574	618.091
967.166	642.091
967.759	584.091
968.35	620.091
968.943	643.091
969.534	588.091
970.128	638.091
970.718	675.091
971.309	650.091
971.902	651.091
972.493	621.091
973.086	616.091
973.677	619.091
974.268	650.091
974.861	662.091
975.451	640.091
976.044	642.091
976.635	610.091
977.225	667.091
977.818	608.091
978.408	678.091
978.999	645.091
979.591	645.091
980.182	687.091
980.772	678.091
981.362	606.091
981.955	626.091
982.545	628.091
983.135	673.091
983.725	668.091
984.318	680.091
984.908	642.091
985.498	661.091
986.088	648.091
986.678	666.091
987.268	669.091
987.86	644.091
988.449	670.091
989.039	653.091
989.629	685.091
990.219	647.091
990.808	629.091
991.398	659.091
991.988	665.091
992.579	659.091
993.169	699.091
993.759	671.091
994.348	641.091
994.938	641.091
995.527	668.091
996.116	713.091
996.706	678.091
997.295	758.091
997.884	681.091
998.473	687.091
999.063	695.091
999.652	667.091
1000.24	641.091
1000.83	633.091
1001.42	669.091
1002.01	695.091
1002.59	734.091
1003.18	709.091
1003.77	719.091
1004.36	711.091
1004.95	675.091
1005.54	682.091
1006.13	671.091
1006.72	722.091
1007.3	711.091
1007.89	674.091
1008.48	680.091
1009.07	721.091
1009.66	703.091
1010.24	738.091
1010.83	693.091
1011.42	684.091
1012.01	700.091
1012.6	708.091
1013.18	675.091
1013.77	690.091
1014.36	708.091
1014.95	722.091
1015.53	709.091
1016.12	718.091
1016.71	717.091
1017.3	728.091
1017.88	729.091
1018.47	703.091
1019.06	726.091
1019.65	729.091
1020.23	756.091
1020.82	725.091
1021.4	752.091
1021.99	728.091
1022.58	760.091
1023.17	711.091
1023.75	732.091
1024.34	692.091
1024.93	700.091
1025.51	731.826
1026.1	734.935
1026.68	736.678
1027.27	763.746
1027.86	697.819
1028.44	731.859
1029.03	698.987
1029.62	692.385
1030.2	735.029
1030.79	731.07
1031.37	730.015
1031.96	709.818
1032.55	713.692
1033.13	733.05
1033.72	730.762
1034.3	726.759
1034.89	730.478
1035.47	694.967
1036.06	697.77
1036.65	700.128
1037.23	732.03
1037.82	721.757
1038.4	722.917
1038.99	712.735
1039.57	741.439
1040.16	706.222
1040.74	734.869
1041.33	716.53
1041.91	697.008
1042.5	717.527
1043.08	688.512
1043.67	718.499
1044.25	713.064
1044.83	753.485
1045.42	709.514
1046.01	664.694
1046.59	704.868
1047.17	688.619
1047.76	704.604
1048.34	664.521
1048.93	691.241
1049.51	705.041
1050.1	704.366
1050.68	719.161
1051.26	708.489
1051.85	733.375
1052.43	718.556
1053.01	706.093
1053.6	745.473
1054.18	687.393
1054.76	678.132
1055.35	702.123
1055.93	714.396
1056.52	709.092
1057.1	725.902
1057.68	719.917
1058.27	732.541
1058.85	746.884
1059.43	704.777
1060.02	705.279
1060.6	689.597
1061.18	698.644
1061.76	700.165
1062.35	705.134
1062.93	673.462
1063.51	737.084
1064.09	727.827
1064.68	707.751
1065.26	712.173
1065.84	704.787
1066.43	747.766
1067.01	726.021
1067.59	730.371
1068.17	716.418
1068.76	697.3
1069.34	726.984
1069.92	725.118
1070.5	719.795
1071.08	726.862
1071.67	745.764
1072.25	712.273
1072.83	759.972
1073.41	698.41
1073.99	703.462
1074.58	746.527
1075.16	717.145
1075.74	726.898
1076.32	725.502
1076.9	750.785
1077.48	708.026
1078.06	757.378
1078.64	739.717
1079.23	730.581
1079.81	739.719
1080.39	746.815
1080.97	726.201
1081.55	780.811
1082.13	777.134
1082.71	757.787
1083.29	770.298
1083.87	761.801
1084.45	764.189
1085.03	733.436
1085.62	765.564
1086.2	773.708
1086.78	781.701
1087.36	781.956
1087.94	768.739
1088.52	799.776
1089.1	778.618
1089.68	791.643
1090.26	739.553
1090.84	793.208
1091.42	792.416
1092	797.449
1092.58	813.775
1093.16	802.943
1093.74	808.821
1094.32	800.223
1094.9	791.882
1095.48	808.217
1096.06	821.94
1096.64	827.378
1097.22	827.113
1097.79	867.316
1098.37	832.809
1098.95	834.223
1099.53	826.736
1100.11	809.114
1100.69	820.167
1101.27	840.783
1101.85	865.189
1102.43	851.61
1103.01	862.508
1103.58	880.874
1104.16	848.518
1104.74	860.091
1105.32	869.651
1105.9	891.95
1106.48	898.538
1107.06	854.015
1107.64	888.739
1108.21	859.51
1108.79	882.157
1109.37	892.242
1109.95	877.751
1110.53	891.95
1111.1	936.745
1111.68	862.468
1112.26	892.926
1112.84	929.272
1113.42	869.483
1113.99	870.853
1114.57	883.501
1115.15	870.474
1115.73	851.626
1116.3	882.445
1116.88	888.144
1117.46	890.606
1118.04	882.567
1118.61	915.163
1119.19	904.982
1119.77	953.404
1120.35	956.639
1120.92	954.215
1121.5	935.18
1122.08	926.519
1122.65	873.552
1123.23	844.267
1123.81	876.612
1124.39	877.416
1124.96	877.827
1125.54	871.888
1126.11	867.246
1126.69	867.48
1127.27	872.384
1127.85	872.143
1128.42	878.072
1129	877.972
1129.57	843.361
1130.15	842.362
1130.72	891.782
1131.3	893.007
1131.88	897.697
1132.45	919.517
1133.03	888.052
1133.61	912.577
1134.18	882.189
1134.76	902.168
1135.33	882.973
1135.91	880.216
1136.48	917.868
1137.06	893.488
1137.63	920.987
1138.21	925.847
1138.78	865.489
1139.36	870.758
1139.93	931.547
1140.51	875.508
1141.09	876.019
1141.66	891.05
1142.23	937.652
1142.81	900.246
1143.38	887.714
1143.96	916.33
1144.53	874.98
1145.11	865.753
1145.68	846.793
1146.26	883.06
1146.83	908.637
1147.41	860.985
1147.98	841.184
1148.56	851.402
1149.13	896.385
1149.71	851.176
1150.28	869.542
1150.85	868.233
1151.43	843.415
1152	871.598
1152.58	850.818
1153.15	831.417
1153.72	829.128
1154.3	827.339
1154.87	852.705
1155.45	860.331
1156.02	849.542
1156.59	821.966
1157.17	798.923
1157.74	804.579
1158.31	855.15
1158.89	822.635
1159.46	844.237
1160.03	818.51
1160.61	793.947
1161.18	795.958
1161.75	817.281
1162.32	839.659
1162.9	805.325
1163.47	790.542
1164.04	790.071
1164.62	790.69
1165.19	771.247
1165.76	792.165
1166.33	787.193
1166.91	773.524
1167.48	766.013
1168.05	772.764
1168.62	761.586
1169.2	755.901
1169.77	784.716
1170.34	765.506
1170.91	735.988
1171.48	749.028
1172.06	770.355
1172.18	703.355
1172.76	767.355
1173.34	792.355
1173.92	771.355
1174.5	751.355
1175.08	758.355
1175.66	741.355
1176.24	729.355
1176.82	708.355
1177.4	720.355
1177.98	734.355
1178.56	746.355
1179.14	692.355
1179.72	679.355
1180.3	710.355
1180.88	705.355
1181.46	693.355
1182.04	654.355
1182.62	704.355
1183.2	659.355
1183.78	736.355
1184.36	692.355
1184.94	677.355
1185.52	643.355
1186.09	605.355
1186.67	684.355
1187.25	680.355
1187.83	656.355
1188.41	638.355
1188.99	635.355
1189.57	617.355
1190.15	643.355
1190.73	658.355
1191.3	613.355
1191.88	670.355
1192.46	638.355
1193.04	645.355
1193.62	620.355
1194.2	606.355
1194.78	604.355
1195.35	573.355
1195.93	571.355
1196.51	601.355
1197.09	540.355
1197.67	511.355
1198.24	472.355
1198.82	452.355
1199.4	443.355
1199.98	458.355
1200.56	460.355
1201.13	480.355
1201.71	473.355
1202.29	502.355
1202.87	527.355
1203.45	518.355
1204.02	566.355
1204.6	533.355
1205.18	568.355
1205.75	499.355
1206.33	483.355
1206.91	505.355
1207.49	502.355
1208.06	498.355
1208.64	478.355
1209.22	497.355
1209.79	481.355
1210.37	489.355
1210.95	495.355
1211.52	486.355
1212.1	470.355
1212.68	485.355
1213.25	436.355
1213.83	456.355
1214.41	445.355
1214.98	451.355
1215.56	460.355
1216.14	441.355
1216.71	445.355
1217.29	424.355
1217.86	480.355
1218.44	412.355
1219.02	435.355
1219.59	420.355
1220.17	411.355
1220.74	427.355
1221.32	443.355
1221.9	449.355
1222.47	411.355
1223.05	406.355
1223.62	426.355
1224.2	413.355
1224.77	403.355
1225.35	419.355
1225.92	398.355
1226.5	441.355
1227.08	423.355
1227.65	378.355
1228.23	369.355
1228.8	388.355
1229.38	360.355
1229.95	378.355
1230.53	363.355
1231.1	381.355
1231.67	352.355
1232.25	382.355
1232.83	395.355
1233.4	359.355
1233.97	380.355
1234.55	366.355
1235.12	341.355
1235.7	362.355
1236.27	334.355
1236.85	319.355
1237.42	367.355
1237.99	332.355
1238.57	353.355
1239.14	349.355
1239.72	337.355
1240.29	346.355
1240.86	333.355
1241.44	328.355
1242.01	334.355
1242.59	372.355
1243.16	314.355
1243.73	343.355
1244.31	328.355
1244.88	341.355
1245.45	298.355
1246.03	336.355
1246.6	340.355
1247.17	329.355
1247.75	337.355
1248.32	311.355
1248.89	306.355
1249.47	326.355
1250.04	305.355
1250.61	333.355
1251.18	330.355
1251.76	336.355
1252.33	299.355
1252.9	323.355
1253.48	312.355
1254.05	294.355
1254.62	323.355
1255.19	325.355
1255.77	319.355
1256.34	297.355
1256.91	329.355
1257.48	330.355
1258.06	303.355
1258.63	309.355
1259.2	293.355
1259.77	302.355
1260.34	325.355
1260.92	304.355
1261.49	291.355
1262.06	326.355
1262.63	310.355
1263.2	304.355
1263.78	314.355
1264.35	276.355
1264.92	326.355
1265.49	303.355
1266.06	325.355
1266.63	344.355
1267.2	337.355
1267.78	321.355
1268.35	309.355
1268.92	319.355
1269.49	317.355
1270.06	301.355
1270.63	288.355
1271.2	307.355
1271.77	303.355
1272.34	316.355
1272.92	297.355
1273.49	309.355
1274.06	309.355
1274.63	307.355
1275.2	341.355
1275.77	291.355
1276.34	281.355
1276.91	315.355
1277.48	311.355
1278.05	335.355
1278.62	286.355
1279.19	313.355
1279.76	287.355
1280.33	293.355
1280.9	317.355
1281.47	284.355
1282.04	293.355
1282.61	280.355
1283.18	307.355
1283.75	324.355
1284.32	286.355
1284.89	277.355
1285.46	318.355
1286.03	275.355
1286.6	289.355
1287.17	297.355
1287.74	304.355
1288.31	317.355
1288.88	288.355
1289.45	295.355
1290.01	301.355
1290.58	323.355
1291.15	300.355
1291.72	299.355
1292.29	308.355
1292.86	266.355
1293.43	302.355
1294	308.355
1294.57	274.355
1295.13	281.355
1295.7	300.355
1296.27	304.355
1296.84	309.355
1297.41	292.355
1297.98	286.355
1298.55	316.355
1299.11	296.355
1299.68	304.355
1300.25	334.355
1300.82	318.355
1301.39	304.355
1301.95	329.355
1302.52	314.355
1303.09	279.355
1303.66	319.355
1304.23	316.355
1304.79	302.355
1305.36	298.355
1305.93	283.355
1306.5	289.355
1307.06	275.355
1307.63	306.355
1308.2	302.355
1308.77	294.355
1309.33	278.355
1309.9	277.355
1310.47	266.355
1311.04	310.355
1311.6	294.355
1312.17	283.355
1312.74	313.355
1313.3	305.355
1313.87	280.355
1314.44	267.355
1315	281.355
1315.57	278.355
1316.14	307.355
1316.7	268.355
1317.27	291.355
1317.84	291.355
1318.4	277.355
1318.97	262.355
1319.54	293.355
1320.1	310.355
1320.67	275.355
1321.23	306.355
1321.8	297.355
1322.37	296.355
1322.93	300.355
1323.5	294.355
1324.06	290.355
1324.63	291.355
1325.2	289.355
1325.76	277.355
1326.33	286.355
1326.89	286.355
1327.46	289.355
1328.02	278.355
1328.59	286.355
1329.15	295.355
1329.72	292.355
1330.29	297.355
1330.85	281.355
1331.42	286.355
1331.98	277.355
1332.55	279.355
1333.11	277.355
1333.68	259.355
1334.24	288.355
1334.81	260.355
1335.37	270.355
1335.93	258.355
1336.5	313.355
1337.06	278.355
1337.63	305.355
1338.19	300.355
1338.76	285.355
1339.32	262.355
1339.89	248.355
1340.45	262.355
1341.02	251.355
1341.58	296.355
1342.14	281.355
1342.71	299.355
1343.27	283.355
1343.84	272.355
1344.4	253.355
1344.96	292.355
1345.53	268.355
1346.09	291.355
1346.65	288.355
1347.22	278.355
1347.78	274.355
1348.35	274.355
1348.91	297.355
1349.47	310.355
1350.04	312.355
1350.6	284.355
1351.16	310.355
1351.73	314.355
1352.29	289.355
1352.85	270.355
1353.41	269.355
1353.98	280.355
1354.54	274.355
1355.1	270.355
1355.67	298.355
1356.23	280.355
1356.79	289.355
1357.35	315.355
1357.92	296.355
1358.48	317.355
1359.04	300.355
1359.6	282.355
1360.17	272.355
1360.73	296.355
1361.29	305.355
1361.85	291.355
1362.42	300.355
1362.98	302.355
1363.54	293.355
1364.1	276.355
1364.66	317.355
1365.23	286.355
1365.79	320.355
1366.35	303.355
1366.91	267.355
1367.47	292.355
1368.03	298.355
1368.6	301.355
1369.16	285.355
1369.72	317.355
1370.28	254.355
1370.84	294.355
1371.4	286.355
1371.96	302.355
1372.53	297.355
1373.09	278.355
1373.65	276.355
1374.21	307.355
1374.77	295.355
1375.33	305.355
1375.89	274.355
1376.45	277.355
1377.01	294.355
1377.57	268.355
1378.13	290.355
1378.69	319.355
1379.26	293.355
1379.82	285.355
1380.38	280.355
1380.94	282.355
1381.5	274.355
1382.06	294.355
1382.62	289.355
1383.18	275.355
1383.74	283.355
1384.3	270.355
1384.86	297.355
1385.42	302.355
1385.98	310.355
1386.54	293.355
1387.1	236.355
1387.66	293.355
1388.22	275.355
1388.78	253.355
1389.34	269.355
1389.89	299.355
1390.45	309.355
1391.01	252.355
1391.57	303.355
1392.13	294.355
1392.69	245.355
1393.25	303.355
1393.81	279.355
1394.37	267.355
1394.93	278.355
1395.49	269.355
1396.05	246.355
1396.6	301.355
1397.16	251.355
1397.72	272.355
1398.28	291.355
1398.84	270.355
1399.4	269.355
1399.96	284.355
1400.52	285.355
1401.07	275.355
1401.63	300.355
1402.19	270.355
1402.75	268.355
1403.31	286.355
1403.86	293.355
1404.42	294.355
1404.98	284.355
1405.54	284.355
1406.1	283.355
1406.66	273.355
1407.21	275.355
1407.77	288.355
1408.33	294.355
1408.88	275.355
1409.44	286.355
1410	290.355
1410.56	252.355
1411.12	269.355
1411.67	259.355
1412.23	306.355
1412.79	328.355
1413.34	294.355
1413.9	297.355
1414.46	259.355
1415.02	248.355
1415.57	313.355
1416.13	282.355
1416.69	291.355
1417.24	275.355
1417.8	293.355
1418.36	291.355
1418.91	304.355
1419.47	281.355
1420.03	269.355
1420.58	285.355
1421.14	295.355
1421.7	274.355
1422.25	292.355
1422.81	277.355
1423.37	293.355
1423.92	274.355
1424.48	283.355
1425.03	300.355
1425.59	280.355
1426.15	293.355
1426.7	264.355
1427.26	276.355
1427.81	283.355
1428.37	252.355
1428.93	295.355
1429.48	268.355
1430.04	254.355
1430.59	279.355
1431.15	288.355
1431.7	291.355
1432.26	290.355
1432.81	284.355
1433.37	288.355
1433.92	278.355
1434.48	282.355
1435.03	282.355
1435.59	273.355
1436.14	287.355
1436.7	296.355
1437.25	274.355
1437.81	298.355
1438.36	310.355
1438.92	277.355
1439.47	302.355
1440.03	276.355
1440.58	294.355
1441.14	253.355
1441.69	286.355
1442.25	272.355
1442.8	287.355
1443.35	274.355
1443.91	281.355
1444.46	278.355
1445.02	279.355
1445.57	297.355
1446.13	280.355
1446.68	304.355
1447.23	257.355
1447.79	260.355
1448.34	296.355
1448.89	280.355
1449.45	257.355
1450	267.355
1450.55	276.355
1451.11	280.355
1451.66	260.355
1452.22	264.355
1452.77	275.355
1453.32	266.355
1453.88	251.355
1454.43	295.355
1454.98	281.355
1455.54	305.355
1456.09	269.355
1456.64	273.355
1457.19	279.355
1457.75	262.355
1458.3	248.355
1458.85	291.355
1459.41	262.355
1459.96	275.355
1460.51	284.355
1461.06	265.355
1461.62	288.355
1462.17	255.355
1462.72	282.355
1463.27	274.355
1463.83	282.355
1464.38	311.355
1464.93	281.355
1465.48	260.355
1466.03	275.355
1466.59	270.355
1467.14	286.355
1467.69	289.355
1468.24	279.355
1468.79	278.355
1469.34	267.355
1469.9	290.355
1470.45	282.355
1471	263.355
1471.55	289.355
1472.1	269.355
1472.66	261.355
1473.21	274.355
1473.76	283.355
1474.31	273.355
1474.86	262.355
1475.41	273.355
1475.96	288.355
1476.52	257.355
1477.07	241.355
1477.62	283.355
1478.17	249.355
1478.72	240.355
1479.27	304.355
1479.82	294.355
1480.37	273.355
1480.92	272.355
1481.47	271.355
1482.02	274.355
1482.57	246.355
1483.12	277.355
1483.67	258.355
1484.22	284.355
1484.77	273.355
1485.32	294.355
1485.87	285.355
1486.42	283.355
1486.98	264.355
1487.52	293.355
1488.07	304.355
1488.62	246.355
1489.18	289.355
1489.72	270.355
1490.27	275.355
1490.82	305.355
1491.37	312.355
1491.92	276.355
1492.47	282.355
1493.02	272.355
1493.57	304.355
1494.12	293.355
1494.67	264.355
1495.22	300.355
1495.77	273.355
1496.32	262.355
1496.87	274.355
1497.42	267.355
1497.97	309.355
1498.51	259.355
1499.06	247.355
1499.61	256.355
1500.16	249.355
2600.02	329.076
2600.5	362.076
2600.97	353.076
2601.44	362.076
2601.92	348.076
2602.39	367.076
2602.87	339.076
2603.34	358.076
2603.82	327.076
2604.29	343.076
2604.76	352.076
2605.24	350.076
2605.71	342.076
2606.19	371.076
2606.66	349.076
2607.13	330.076
2607.61	359.076
2608.08	389.076
2608.55	353.076
2609.03	344.076
2609.5	376.076
2609.97	351.076
2610.45	346.076
2610.92	387.076
2611.39	349.076
2611.87	353.076
2612.34	373.076
2612.81	360.076
2613.29	348.076
2613.76	357.076
2614.23	343.076
2614.7	366.076
2615.18	357.076
2615.65	358.076
2616.12	354.076
2616.6	320.076
2617.07	375.076
2617.54	344.076
2618.01	337.076
2618.49	347.076
2618.96	360.076
2619.43	337.076
2619.91	345.076
2620.38	305.076
2620.85	343.076
2621.32	336.076
2621.8	341.076
2622.27	338.076
2622.74	336.076
2623.21	375.076
2623.68	354.076
2624.16	313.076
2624.63	365.076
2625.1	317.076
2625.57	331.076
2626.04	354.076
2626.52	337.076
2626.99	346.076
2627.46	359.076
2627.93	342.076
2628.4	353.076
2628.88	341.076
2629.35	351.076
2629.82	353.076
2630.29	368.076
2630.76	341.076
2631.23	347.076
2631.71	338.076
2632.18	357.076
2632.65	361.076
2633.12	344.076
2633.59	342.076
2634.06	332.076
2634.53	386.076
2635	341.076
2635.48	348.076
2635.95	333.076
2636.42	342.076
2636.89	349.076
2637.36	365.076
2637.83	344.076
2638.3	342.076
2638.77	337.076
2639.24	320.076
2639.71	305.076
2640.18	336.076
2640.65	331.076
2641.13	329.076
2641.6	342.076
2642.07	347.076
2642.54	316.076
2643.01	372.076
2643.48	362.076
2643.95	330.076
2644.42	349.076
2644.89	343.076
2645.36	343.076
2645.83	340.076
2646.3	322.076
2646.77	341.076
2647.24	348.076
2647.71	335.076
2648.18	370.076
2648.65	356.076
2649.12	330.076
2649.59	325.076
2650.06	362.076
2650.53	364.076
2651	359.076
2651.47	336.076
2651.94	345.076
2652.41	341.076
2652.88	336.076
2653.35	372.076
2653.81	372.076
2654.28	357.076
2654.75	343.076
2655.22	341.076
2655.69	336.076
2656.16	331.076
2656.63	315.076
2657.1	328.076
2657.57	333.076
2658.04	313.076
2658.51	302.076
2658.97	308.076
2659.44	287.076
2659.91	295.076
2660.38	304.076
2660.85	333.076
2661.32	332.076
2661.79	375.076
2662.26	325.076
2662.73	351.076
2663.19	321.076
2663.66	350.076
2664.13	348.076
2664.6	367.076
2665.07	339.076
2665.54	351.076
2666	339.076
2666.47	368.076
2666.94	339.076
2667.41	378.076
2667.88	336.076
2668.35	353.076
2668.81	344.076
2669.28	322.076
2669.75	369.076
2670.22	344.076
2670.69	342.076
2671.15	320.076
2671.62	315.076
2672.09	315.076
2672.56	312.076
2673.02	342.076
2673.49	335.076
2673.96	346.076
2674.43	314.076
2674.89	341.076
2675.36	328.076
2675.83	318.076
2676.3	318.076
2676.76	343.076
2677.23	348.076
2677.7	314.076
2678.16	342.076
2678.63	353.076
2679.1	355.076
2679.57	333.076
2680.03	327.076
2680.5	345.076
2680.97	339.076
2681.43	347.076
2681.9	336.076
2682.37	346.076
2682.84	294.076
2683.3	346.076
2683.77	358.076
2684.23	323.076
2684.7	333.076
2685.17	311.076
2685.63	327.076
2686.1	362.076
2686.57	337.076
2687.03	340.076
2687.5	332.076
2687.97	355.076
2688.43	349.076
2688.9	345.076
2689.36	339.076
2689.83	329.076
2690.3	319.076
2690.76	330.076
2691.23	328.076
2691.69	330.076
2692.16	311.076
2692.63	328.076
2693.09	351.076
2693.56	314.076
2694.02	351.076
2694.49	362.076
2694.96	307.076
2695.42	350.076
2695.89	324.076
2696.35	351.076
2696.82	344.076
2697.28	320.076
2697.75	348.076
2698.21	318.076
2698.68	325.076
2699.14	328.076
2699.61	344.076
2700.07	352.076
2700.54	364.076
2701	343.076
2701.47	371.076
2701.93	360.076
2702.4	322.076
2702.86	327.076
2703.33	361.076
2703.79	334.076
2704.26	320.076
2704.72	331.076
2705.19	342.076
2705.65	349.076
2706.12	329.076
2706.58	325.076
2707.05	350.076
2707.51	355.076
2707.98	346.076
2708.44	369.076
2708.9	336.076
2709.37	344.076
2709.83	325.076
2710.3	341.076
2710.76	339.076
2711.23	335.076
2711.69	317.076
2712.15	324.076
2712.62	370.076
2713.08	351.076
2713.55	325.076
2714.01	344.076
2714.47	339.076
2714.94	332.076
2715.4	342.076
2715.86	330.076
2716.33	352.076
2716.79	328.076
2717.25	363.076
2717.72	287.076
2718.18	282.076
2718.65	324.076
2719.11	297.076
2719.57	301.076
2720.04	306.076
2720.5	314.076
2720.96	338.076
2721.42	349.076
2721.89	336.076
2722.35	316.076
2722.81	352.076
2723.28	318.076
2723.74	375.076
2724.2	361.076
2724.67	333.076
2725.13	334.076
2725.59	335.076
2726.06	339.076
2726.52	346.076
2726.98	313.076
2727.44	324.076
2727.91	349.076
2728.37	360.076
2728.83	354.076
2729.29	334.076
2729.76	340.076
2730.22	329.076
2730.68	339.076
2731.14	333.076
2731.6	333.076
2732.07	355.076
2732.53	325.076
2732.99	337.076
2733.45	350.076
2733.92	350.076
2734.38	313.076
2734.84	360.076
2735.3	341.076
2735.76	348.076
2736.22	340.076
2736.69	332.076
2737.15	359.076
2737.61	363.076
2738.07	325.076
2738.53	331.076
2739	367.076
2739.46	348.076
2739.92	322.076
2740.38	311.076
2740.84	330.076
2741.3	332.076
2741.76	314.076
2742.23	308.076
2742.69	331.076
2743.15	345.076
2743.61	343.076
2744.07	340.076
2744.53	354.076
2744.99	332.076
2745.45	346.076
2745.91	352.076
2746.37	360.076
2746.83	332.076
2747.3	328.076
2747.76	322.076
2748.22	322.076
2748.68	375.076
2749.14	324.076
2749.6	359.076
2750.06	311.076
2750.52	353.076
2750.98	353.076
2751.44	375.076
2751.9	336.076
2752.36	341.076
2752.82	331.076
2753.28	371.076
2753.74	355.076
2754.2	321.076
2754.66	348.076
2755.12	342.076
2755.58	356.076
2756.04	341.076
2756.5	326.076
2756.96	336.076
2757.42	328.076
2757.88	348.076
2758.34	365.076
2758.8	366.076
2759.26	339.076
2759.72	348.076
2760.18	320.076
2760.64	324.076
2761.1	331.076
2761.56	328.076
2762.02	345.076
2762.48	338.076
2762.94	351.076
2763.4	333.076
2763.86	341.076
2764.32	339.076
2764.78	335.076
2765.23	334.076
2765.69	339.076
2766.15	336.076
2766.61	359.076
2767.07	335.076
2767.53	313.076
2767.99	352.076
2768.45	330.076
2768.91	351.076
2769.36	336.076
2769.82	312.076
2770.28	353.076
2770.74	332.076
2771.2	306.076
2771.66	318.076
2772.12	325.076
2772.57	359.076
2773.03	321.076
2773.49	338.076
2773.95	333.076
2774.41	312.076
2774.87	342.076
2775.32	322.076
2775.78	339.076
2776.24	326.076
2776.7	333.076
2777.16	326.076
2777.62	364.076
2778.07	363.076
2778.53	328.076
2778.99	315.076
2779.45	325.076
2779.91	349.076
2780.36	347.076
2780.82	333.076
2781.28	346.076
2781.74	330.076
2782.19	334.076
2782.65	335.076
2783.11	351.076
2783.57	348.076
2784.02	322.076
2784.48	332.076
2784.94	364.076
2785.39	336.076
2785.85	344.076
2786.31	343.076
2786.77	344.076
2787.22	335.076
2787.68	305.076
2788.14	334.076
2788.6	325.076
2789.05	327.076
2789.51	353.076
2789.97	327.076
2790.42	348.076
2790.88	357.076
2791.34	337.076
2791.79	361.076
2792.25	335.076
2792.71	346.076
2793.16	355.076
2793.62	356.076
2794.07	363.076
2794.53	352.076
2794.99	354.076
2795.44	364.076
2795.9	342.076
2796.36	342.076
2796.81	357.076
2797.27	354.076
2797.73	334.076
2798.18	351.076
2798.64	311.076
2799.09	350.076
2799.55	355.076
2800.01	332.076
2800.46	356.076
2800.92	353.076
2801.37	319.076
2801.83	349.076
2802.29	329.076
2802.74	336.076
2803.2	346.076
2803.65	349.076
2804.11	327.076
2804.56	341.076
2805.02	328.076
2805.47	324.076
2805.93	327.076
2806.38	367.076
2806.84	336.076
2807.3	344.076
2807.75	337.076
2808.21	355.076
2808.66	312.076
2809.12	319.076
2809.57	322.076
2810.03	332.076
2810.48	325.076
2810.93	376.076
2811.39	343.076
2811.85	346.076
2812.3	335.076
2812.75	356.076
2813.21	372.076
2813.66	308.076
2814.12	336.076
2814.57	352.076
2815.03	361.076
2815.48	360.076
2815.94	351.076
2816.39	328.076
2816.84	341.076
2817.3	330.076
2817.75	326.076
2818.21	354.076
2818.66	349.076
2819.12	340.076
2819.57	337.076
2820.02	355.076
2820.48	343.076
2820.93	328.076
2821.39	359.076
2821.84	342.076
2822.29	339.076
2822.75	343.076
2823.2	334.076
2823.66	349.076
2824.11	346.076
2824.56	363.076
2825.02	353.076
2825.47	356.076
2825.92	362.076
2826.38	348.076
2826.83	340.076
2827.28	330.076
2827.74	335.076
2828.19	335.076
2828.64	335.076
2829.1	364.076
2829.55	353.076
2830	344.076
2830.46	348.076
2830.91	373.076
2831.36	348.076
2831.82	343.076
2832.27	346.076
2832.72	334.076
2833.17	360.076
2833.63	357.076
2834.08	345.076
2834.53	342.076
2834.99	344.076
2835.44	327.076
2835.89	344.076
2836.34	339.076
2836.8	344.076
2837.25	343.076
2837.7	344.076
2838.15	369.076
2838.61	349.076
2839.06	391.076
2839.51	358.076
2839.96	355.076
2840.41	340.076
2840.87	339.076
2841.32	362.076
2841.77	371.076
2842.22	339.076
2842.68	337.076
2843.13	362.076
2843.58	327.076
2844.03	348.076
2844.48	375.076
2844.93	312.076
2845.39	348.076
2845.84	383.076
2846.29	351.076
2846.74	335.076
2847.19	370.076
2847.64	351.076
2848.1	334.076
2848.55	367.076
2849	347.076
2849.45	352.076
2849.9	329.076
2850.35	363.076
2850.8	345.076
2851.25	354.076
2851.71	335.076
2852.16	357.076
2852.61	359.076
2853.06	320.076
2853.51	359.076
2853.96	359.076
2854.41	362.076
2854.86	339.076
2855.31	329.076
2855.76	325.076
2856.21	339.076
2856.66	333.076
2857.12	371.076
2857.57	386.076
2858.02	352.076
2858.47	336.076
2858.92	340.076
2859.37	391.076
2859.82	356.076
2860.27	325.076
2860.72	352.076
2861.17	339.076
2861.62	325.076
2862.07	352.076
2862.52	350.076
2862.97	367.076
2863.42	385.076
2863.87	341.076
2864.32	369.076
2864.77	361.076
2865.22	346.076
2865.67	373.076
2866.12	361.076
2866.57	349.076
2867.02	347.076
2867.47	358.076
2867.92	348.076
2868.37	379.076
2868.82	371.076
2869.27	345.076
2869.72	355.076
2870.17	358.076
2870.61	362.076
2871.06	346.076
2871.51	375.076
2871.96	363.076
2872.41	354.076
2872.86	367.076
2873.31	334.076
2873.76	354.076
2874.21	352.076
2874.66	339.076
2875.11	372.076
2875.55	341.076
2876	349.076
2876.45	355.076
2876.9	335.076
2877.35	350.076
2877.8	349.076
2878.25	337.076
2878.7	333.076
2879.14	359.076
2879.59	375.076
2880.04	361.076
2880.49	337.076
2880.94	345.076
2881.39	346.076
2881.84	332.076
2882.28	324.076
2882.73	339.076
2883.18	366.076
2883.63	365.076
2884.08	327.076
2884.52	365.076
2884.97	341.076
2885.42	327.076
2885.87	350.076
2886.32	343.076
2886.76	357.076
2887.21	333.076
2887.66	355.076
2888.11	354.076
2888.55	343.076
2889	356.076
2889.45	353.076
2889.9	347.076
2890.35	371.076
2890.79	365.076
2891.24	314.076
2891.69	367.076
2892.13	374.076
2892.58	353.076
2893.03	359.076
2893.48	383.076
2893.92	367.076
2894.37	348.076
2894.82	354.076
2895.26	339.076
2895.71	343.076
2896.16	381.076
2896.61	337.076
2897.05	367.076
2897.5	342.076
2897.95	336.076
2898.39	357.076
2898.84	371.076
2899.29	355.076
2899.73	363.076
2900.18	346.076
2900.63	344.076
2901.07	357.076
2901.52	357.076
2901.97	357.076
2902.41	363.076
2902.86	347.076
2903.31	372.076
2903.75	359.076
2904.2	348.076
2904.64	344.076
2905.09	326.076
2905.54	355.076
2905.98	366.076
2906.43	362.076
2906.87	370.076
2907.32	370.076
2907.77	364.076
2908.21	373.076
2908.66	343.076
2909.1	375.076
2909.55	332.076
2909.99	366.076
2910.44	347.076
2910.89	364.076
2911.33	340.076
2911.78	388.076
2912.22	360.076
2912.67	369.076
2913.11	365.076
2913.56	360.076
2914	361.076
2914.45	362.076
2914.9	344.076
2915.34	366.076
2915.78	343.076
2916.23	370.076
2916.68	349.076
2917.12	367.076
2917.57	329.076
2918.01	367.076
2918.45	362.076
2918.9	354.076
2919.35	367.076
2919.79	367.076
2920.23	360.076
2920.68	377.076
2921.12	357.076
2921.57	342.076
2922.01	373.076
2922.46	383.076
2922.9	364.076
2923.35	348.076
2923.79	381.076
2924.24	353.076
2924.68	374.076
2925.12	355.076
2925.57	368.076
2926.01	370.076
2926.46	363.076
2926.9	357.076
2927.34	376.076
2927.79	381.076
2928.23	362.076
2928.68	375.076
2929.12	367.076
2929.56	402.076
2930.01	347.076
2930.45	353.076
2930.89	392.076
2931.34	339.076
2931.78	334.076
2932.23	397.076
2932.67	350.076
2933.11	352.076
2933.56	351.076
2934	345.076
2934.44	357.076
2934.89	354.076
2935.33	368.076
2935.77	356.076
2936.22	366.076
2936.66	384.076
2937.1	380.076
2937.55	393.076
2937.99	387.076
2938.43	353.076
2938.88	362.076
2939.32	371.076
2939.76	383.076
2940.2	368.076
2940.65	362.076
2941.09	383.076
2941.53	387.076
2941.97	383.076
2942.42	344.076
2942.86	354.076
2943.3	364.076
2943.75	381.076
2944.19	362.076
2944.63	349.076
2945.07	370.076
2945.52	348.076
2945.96	328.076
2946.4	337.076
2946.84	370.076
2947.28	381.076
2947.73	351.076
2948.17	359.076
2948.61	362.076
2949.05	377.076
2949.49	372.076
2949.94	327.076
2950.38	349.076
2950.82	359.076
2951.26	362.076
2951.7	387.076
2952.15	378.076
2952.59	356.076
2953.03	368.076
2953.47	374.076
2953.91	366.076
2954.35	345.076
2954.8	359.076
2955.24	392.076
2955.68	363.076
2956.12	359.076
2956.56	369.076
2957	359.076
2957.44	337.076
2957.88	384.076
2958.33	352.076
2958.77	354.076
2959.21	365.076
2959.65	353.076
2960.09	379.076
2960.53	345.076
2960.97	355.076
2961.41	381.076
2961.85	389.076
2962.29	375.076
2962.74	346.076
2963.18	357.076
2963.62	357.076
2964.06	369.076
2964.5	375.076
2964.94	372.076
2965.38	380.076
2965.82	362.076
2966.26	383.076
2966.7	373.076
2967.14	364.076
2967.58	345.076
2968.02	381.076
2968.46	370.991
2968.9	366.918
2969.34	344.361
2969.78	385.712
2970.22	371.268
2970.66	367.401
2971.1	354.226
2971.54	360.285
2971.98	377.885
2972.42	397.097
2972.86	365.823
2973.3	342.588
2973.74	341.19
2974.18	368.09
2974.62	378.06
2975.06	385.479
2975.5	368.475
2975.94	362.636
2976.38	366.614
2976.82	356.58
2977.26	381.625
2977.7	377.603
2978.14	364.785
2978.57	381.643
2979.01	370.171
2979.45	365.269
2979.89	346.532
2980.33	377.913
2980.77	384.536
2981.21	354.896
2981.65	362.598
2982.09	372.858
2982.53	364.899
2982.97	376.246
2983.4	373.945
2983.84	369.419
2984.28	348.976
2984.72	368.42
2985.16	391.71
2985.6	368.058
2986.04	349.931
2986.47	365.272
2986.91	375.656
2987.35	354.478
2987.79	361.293
2988.23	370.911
2988.67	367.448
2989.1	388.615
2989.54	364.158
2989.98	353.733
2990.42	366.702
2990.86	378.059
2991.3	387.677
2991.73	366.745
2992.17	368.954
2992.61	368.359
2993.05	367.436
2993.49	383.074
2993.92	357.698
2994.36	366.166
2994.8	381.749
2995.24	366.546
2995.67	392.965
2996.11	368.964
2996.55	370.174
2996.99	365.359
2997.42	376.845
2997.86	347.991
2998.3	374.365
2998.74	382.4
2999.17	386.261
2999.61	380.083
3000.05	364.172
3000.49	372.063
3000.92	379.786
3001.36	374.629
3001.8	382.595
3002.23	363.132
3002.67	355.5
3003.11	370.127
3003.55	383.081
3003.98	398.38
3004.42	371.836
3004.86	368.928
3005.29	353.531
3005.73	377.194
3006.17	374.415
3006.6	383.609
3007.04	368.566
3007.47	351.824
3007.91	372.913
3008.35	393.843
3008.78	384.623
3009.22	364.694
3009.66	386.2
3010.09	375.266
3010.53	379.592
3010.97	389.648
3011.4	377.335
3011.84	380.337
3012.27	389.378
3012.71	373.491
3013.15	389.109
3013.58	385.312
3014.02	384.735
3014.45	364.359
3014.89	361.424
3015.33	371.978
3015.76	373.221
3016.2	379.61
3016.63	382.78
3017.07	391.641
3017.5	377.665
3017.94	385.33
3018.38	380.402
3018.81	378.158
3019.25	390.439
3019.68	390.766
3020.12	396.377
3020.55	381.716
3020.99	355.249
3021.42	362.651
3021.86	374.803
3022.29	377.136
3022.73	374.837
3023.16	387.981
3023.6	391.238
3024.03	381.486
3024.47	408.545
3024.9	386.079
3025.34	390.736
3025.77	345.606
3026.21	372.95
3026.64	384.913
3027.08	395.36
3027.51	352.527
3027.95	348.538
3028.38	376.348
3028.82	398.861
3029.25	378.649
3029.68	382.057
3030.12	370.164
3030.55	363.199
3030.99	396.64
3031.42	353.194
3031.86	392.491
3032.29	400.916
3032.72	390.342
3033.16	398.861
3033.59	397.211
3034.03	373.471
3034.46	383.497
3034.9	381.469
3035.33	367.955
3035.76	380.833
3036.2	372.944
3036.63	396.991
3037.06	374.534
3037.5	402.635
3037.93	386.884
3038.36	413.787
3038.8	405.714
3039.23	372.92
3039.67	368.432
3040.1	374.747
3040.53	400.83
3040.97	383.871
3041.4	402.924
3041.83	373.924
3042.28	376.924
3042.72	383.084
3043.16	383.66
3043.6	383.996
3044.04	384.398
3044.48	384.72
3044.92	384.824
3045.37	384.797
3045.81	361.924
3046.25	361.924
3046.69	382.924
3047.13	398.924
3047.57	400.924
3048.01	406.924
3048.45	373.924
3048.89	398.924
3049.33	418.924
3049.77	393.924
3050.22	373.924
3050.66	356.924
3051.1	398.924
3051.54	386.924
3051.98	422.924
3052.42	411.924
3052.86	420.924
3053.3	411.924
3053.74	429.924
3054.18	379.924
3054.62	385.924
3055.06	390.924
3055.5	384.924
3055.94	378.924
3056.38	386.924
3056.82	389.924
3057.26	434.924
3057.7	379.924
3058.14	397.924
3058.58	394.924
3059.02	376.924
3059.46	381.924
3059.9	427.924
3060.34	403.924
3060.78	420.924
3061.22	388.924
3061.66	432.924
3062.1	388.924
3062.54	411.924
3062.98	387.924
3063.42	377.924
3063.86	395.924
3064.3	377.924
3064.74	395.924
3065.18	411.924
3065.62	446.924
3066.06	369.924
3066.5	391.924
3066.94	406.924
3067.38	406.924
3067.81	383.924
3068.25	403.924
3068.69	356.924
3069.13	392.924
3069.57	420.924
3070.01	428.924
3070.45	425.924
3070.89	412.924
3071.33	395.924
3071.77	387.924
3072.21	434.924
3072.64	430.924
3073.08	384.924
3073.52	395.924
3073.96	399.924
3074.4	379.924
3074.84	399.924
3075.28	413.924
3075.71	400.924
3076.15	413.924
3076.59	409.924
3077.03	377.924
3077.47	386.924
3077.9	391.924
3078.34	363.924
3078.78	355.924
3079.22	369.924
3079.66	386.924
3080.1	403.924
3080.53	403.924
3080.97	420.924
3081.41	418.924
3081.85	389.924
3082.29	410.924
3082.72	374.924
3083.16	437.924
3083.6	361.924
3084.04	424.924
3084.48	394.924
3084.91	400.924
3085.35	420.924
3085.79	410.924
3086.22	388.924
3086.66	407.924
3087.1	407.924
3087.54	397.924
3087.97	384.924
3088.41	414.924
3088.85	395.924
3089.29	433.924
3089.72	400.924
3090.16	411.924
3090.6	433.924
3091.04	420.924
3091.47	395.924
3091.91	406.924
3092.35	421.924
3092.78	427.924
3093.22	405.924
3093.66	415.924
3094.09	425.924
3094.53	430.924
3094.97	441.924
3095.4	418.924
3095.84	405.924
3096.28	401.924
3096.71	390.924
3097.15	402.924
3097.59	397.924
3098.02	364.924
3098.46	374.924
3098.9	339.924
3099.33	332.924
3099.77	328.924
3100.2	332.924
3100.64	343.924
3101.08	362.924
3101.51	363.924
3101.95	391.924
3102.39	398.924
3102.82	426.924
3103.26	410.924
3103.69	426.924
3104.13	441.924
3104.56	390.924
3105	422.924
3105.44	459.924
3105.87	398.924
3106.31	429.924
3106.74	448.924
3107.18	433.924
3107.61	429.924
3108.05	392.924
3108.49	401.924
3108.92	449.924
3109.36	421.924
3109.79	457.924
3110.23	437.924
3110.66	411.924
3111.1	441.924
3111.53	426.924
3111.97	421.924
3112.4	433.924
3112.84	427.924
3113.27	454.924
3113.71	426.924
3114.14	433.924
3114.58	419.924
3115.01	441.924
3115.45	432.924
3115.88	437.924
3116.32	396.924
3116.75	420.924
3117.19	459.924
3117.62	402.924
3118.06	434.924
3118.49	451.924
3118.93	437.924
3119.36	435.924
3119.79	434.924
3120.23	397.924
3120.66	437.924
3121.1	458.924
3121.53	418.924
3121.96	437.924
3122.4	440.924
3122.83	424.924
3123.27	408.924
3123.7	455.924
3124.14	427.924
3124.57	411.924
3125	423.924
3125.44	438.924
3125.87	423.924
3126.31	465.924
3126.74	449.924
3127.17	447.924
3127.61	441.924
3128.04	481.924
3128.47	463.924
3128.91	468.924
3129.34	448.924
3129.78	435.924
3130.21	468.924
3130.64	451.924
3131.07	441.924
3131.51	448.924
3131.94	451.924
3132.38	443.924
3132.81	441.924
3133.24	444.924
3133.68	414.924
3134.11	432.924
3134.54	412.924
3134.97	478.924
3135.41	478.924
3135.84	424.924
3136.27	452.924
3136.71	432.924
3137.14	443.924
3137.57	432.924
3138	416.924
3138.44	452.924
3138.87	438.924
3139.3	439.924
3139.74	435.924
3140.17	471.924
3140.6	489.924
3141.03	454.924
3141.47	472.924
3141.9	458.924
3142.33	447.924
3142.76	428.924
3143.2	458.924
3143.63	452.924
3144.06	478.924
3144.49	468.924
3144.92	455.924
3145.36	449.924
3145.79	468.924
3146.22	491.924
3146.65	481.924
3147.08	446.924
3147.51	463.924
3147.95	462.924
3148.38	422.924
3148.81	446.924
3149.24	449.924
3149.67	479.924
3150.11	462.924
3150.54	484.924
3150.97	446.924
3151.4	476.924
3151.83	435.924
3152.26	467.924
3152.69	484.924
3153.13	486.924
3153.56	482.924
3153.99	455.924
3154.42	427.924
3154.85	456.924
3155.28	484.924
3155.71	463.924
3156.15	472.924
3156.58	471.924
3157.01	440.924
3157.44	445.924
3157.87	477.924
3158.3	471.924
3158.73	484.924
3159.16	480.924
3159.59	486.924
3160.02	478.924
3160.45	480.924
3160.89	481.924
3161.32	468.924
3161.75	468.924
3162.18	475.924
3162.61	476.924
3163.04	472.924
3163.47	472.924
3163.9	443.924
3164.33	480.924
3164.76	489.924
3165.19	478.924
3165.62	463.924
3166.05	485.924
3166.48	504.924
3166.91	473.924
3167.34	480.924
3167.77	517.924
3168.2	487.924
3168.63	468.924
3169.06	525.924
3169.49	494.924
3169.92	484.924
3170.35	479.924
3170.78	471.924
3171.21	510.924
3171.64	473.924
3172.07	477.924
3172.5	508.924
3172.93	478.924
3173.36	494.924
3173.79	507.924
3174.22	463.924
3174.65	454.924
3175.08	458.924
3175.5	491.924
3175.93	485.924
3176.36	497.924
3176.79	504.924
3177.22	476.924
3177.65	473.924
3178.08	520.924
3178.51	504.924
3178.94	484.924
3179.37	472.924
3179.8	501.924
3180.22	494.924
3180.65	508.924
3181.08	478.924
3181.51	469.924
3181.94	515.924
3182.37	515.924
3182.8	522.924
3183.23	510.924
3183.65	491.924
3184.08	490.924
3184.51	504.924
3184.94	516.924
3185.37	490.924
3185.8	506.924
3186.22	522.924
3186.65	484.924
3187.08	494.924
3187.51	504.924
3187.94	510.924
3188.37	519.924
3188.79	515.924
3189.22	484.924
3189.65	496.924
3190.08	514.924
3190.51	491.924
3190.93	523.924
3191.36	493.924
3191.79	508.924
3192.22	509.924
3192.65	523.924
3193.07	555.924
3193.5	534.924
3193.93	496.924
3194.36	551.924
3194.78	492.924
3195.21	554.924
3195.64	491.924
3196.07	543.924
3196.49	506.924
3196.92	502.924
3197.35	479.924
3197.78	546.924
3198.2	539.924
3198.63	569.924
3199.06	529.924
3199.48	518.924
3199.91	514.924
3200.34	534.924
3200.77	565.924
3201.19	537.924
3201.62	515.924
3202.05	512.924
3202.47	512.924
3202.9	548.924
3203.33	553.924
3203.75	530.924
3204.18	561.924
3204.61	525.924
3205.03	531.924
3205.46	523.924
3205.89	543.924
3206.31	564.924
3206.74	554.924
3207.17	567.924
3207.59	522.924
3208.02	503.924
3208.45	544.924
3208.87	515.924
3209.3	539.924
3209.72	557.924
3210.15	529.924
3210.58	551.924
3211	568.924
3211.43	552.924
3211.85	577.924
3212.28	563.924
3212.71	536.924
3213.13	544.924
3213.56	552.924
3213.98	579.924
3214.41	560.924
3214.83	565.924
3215.26	557.924
3215.69	606.924
3216.11	559.924
3216.54	533.924
3216.96	566.924
3217.39	557.924
3217.81	531.924
3218.24	559.924
3218.67	555.924
3219.09	577.924
3219.52	599.924
3219.94	528.924
3220.37	594.924
3220.79	551.924
3221.22	588.924
3221.64	597.924
3222.07	534.924
3222.49	555.924
3222.92	532.924
3223.34	560.924
3223.77	555.924
3224.19	552.924
3224.62	590.924
3225.04	594.924
3225.46	577.924
3225.89	588.924
3226.31	594.924
3226.74	575.924
3227.16	568.924
3227.59	570.924
3228.01	547.924
3228.44	549.924
3228.86	579.924
3229.29	586.924
3229.71	627.924
3230.14	624.924
3230.56	594.924
3230.98	593.924
3231.41	585.924
3231.83	586.924
3232.26	562.924
3232.68	583.924
3233.1	519.924
3233.53	607.924
3233.95	541.924
3234.38	542.924
3234.8	588.924
3235.22	602.924
3235.65	580.924
3236.07	588.924
3236.49	583.924
3236.92	605.924
3237.34	598.924
3237.77	572.924
3238.19	592.924
3238.61	624.924
3239.04	584.924
3239.46	612.924
3239.88	572.924
3240.31	613.924
3240.73	590.924
3241.15	609.924
3241.58	623.924
3242	629.924
3242.42	600.924
3242.84	604.924
3243.27	581.924
3243.69	578.924
3244.12	619.924
3244.54	608.924
3244.96	567.924
3245.38	619.924
3245.81	625.924
3246.23	594.924
3246.65	606.924
3247.07	597.924
3247.5	603.924
3247.92	639.924
3248.34	611.924
3248.77	601.924
3249.19	618.924
3249.61	614.924
3250.03	616.924
3250.46	582.924
3250.88	616.924
3251.3	600.924
3251.72	604.924
3252.15	581.924
3252.57	582.924
3252.99	632.924
3253.41	619.924
3253.83	554.924
3254.25	621.924
3254.68	642.924
3255.1	610.924
3255.52	643.924
3255.94	608.924
3256.37	624.924
3256.79	597.924
3257.21	618.924
3257.63	638.924
3258.05	599.924
3258.47	626.924
3258.9	589.924
3259.32	642.924
3259.74	609.924
3260.16	595.924
3260.58	612.924
3261	594.924
3261.43	639.924
3261.85	616.924
3262.27	620.924
3262.69	616.924
3263.11	664.924
3263.53	617.924
3263.95	612.924
3264.37	632.924
3264.79	570.924
3265.22	621.924
3265.64	606.924
3266.06	594.924
3266.48	605.924
3266.9	650.924
3267.32	621.924
3267.74	642.924
3268.16	593.924
3268.58	627.924
3269	635.924
3269.42	618.924
3269.84	624.924
3270.27	683.924
3270.69	651.924
3271.11	630.924
3271.53	645.924
3271.95	642.924
3272.37	654.924
3272.79	611.924
3273.21	622.924
3273.63	636.924
3274.05	670.924
3274.47	599.924
3274.89	596.924
3275.31	595.924
3275.73	628.924
3276.15	619.924
3276.57	638.924
3276.99	629.924
3277.41	656.924
3277.83	639.924
3278.25	636.924
3278.67	645.924
3279.09	658.924
3279.51	635.924
3279.93	590.924
3280.35	628.924
3280.77	658.924
3281.19	644.924
3281.61	606.924
3282.03	637.924
3282.45	660.924
3282.86	615.924
3283.29	659.924
3283.7	638.924
3284.12	640.924
3284.54	682.924
3284.96	661.924
3285.38	626.924
3285.8	680.924
3286.22	659.924
3286.64	651.924
3287.06	615.924
3287.48	657.924
3287.9	635.924
3288.31	667.924
3288.73	643.924
3289.15	651.924
3289.57	626.924
3289.99	630.924
3290.41	647.924
3290.83	649.924
3291.25	660.924
3291.66	641.924
3292.08	687.924
3292.5	652.924
3292.92	642.936
3293.34	647.979
3293.76	632.028
3294.18	618.242
3294.59	636.004
3295.01	666.415
3295.43	679.035
3295.85	669.007
3296.27	684.739
3296.68	653.053
3297.1	642.562
3297.52	627.219
3297.94	674.646
3298.36	637.408
3298.77	678.868
3299.19	636.283
3299.61	673.276
3300.03	673.688
3300.45	657.927
3300.86	636.018
3301.28	648.023
3301.7	665.93
3302.12	672.689
3302.53	651.365
3302.95	649.254
3303.37	638.762
3303.79	651.275
3304.2	658.861
3304.62	685.299
3305.04	659.975
3305.46	678.226
3305.87	678.776
3306.29	666.824
3306.71	680.831
3307.12	673.67
3307.54	676.329
3307.96	641.185
3308.38	668.837
3308.79	680.8
3309.21	735.676
3309.63	672.03
3310.04	667.286
3310.46	687.075
3310.88	697.133
3311.29	708.155
3311.71	662.701
3312.13	694
3312.54	684.956
3312.96	683.59
3313.38	683.251
3313.79	645.597
3314.21	643.119
3314.63	650.179
3315.04	632.156
3315.46	648.161
3315.88	707.326
3316.29	649.428
3316.71	713.772
3317.13	709.289
3317.54	695.54
3317.96	684.209
3318.37	687.162
3318.79	676.513
3319.21	681.378
3319.62	710.355
3320.04	686.677
3320.45	731.784
3320.87	693.582
3321.29	728.411
3321.7	683.958
3322.12	712.571
3322.53	698.526
3322.95	694.379
3323.37	670.078
3323.78	704.879
3324.2	717.658
3324.61	689.573
3325.03	723.962
3325.44	723.999
3325.86	651.401
3326.27	687.111
3326.69	689.44
3327.1	681.844
3327.52	689.024
3327.94	677.463
3328.35	702.153
3328.76	728.038
3329.18	720.987
3329.6	725.111
3330.01	716.043
3330.43	750.062
3330.84	726.498
3331.26	719.279
3331.67	714.69
3332.08	727.245
3332.5	718.824
3332.92	733.374
3333.33	743.36
3333.74	719.719
3334.16	736.216
3334.57	729.915
3334.99	709.106
3335.4	711.215
3335.82	709.175
3336.23	711.008
3336.65	730.89
3337.06	725.189
3337.48	736.619
3337.89	711.086
3338.3	770.505
3338.72	752.394
3339.13	745.03
3339.55	758.598
3339.96	765.923
3340.37	728.42
3340.79	746.798
3341.2	715.676
3341.62	733.237
3342.03	735.521
3342.44	718.254
3342.86	763.158
3343.27	757.487
3343.69	760.406
3344.1	747.959
3344.51	753.131
3344.93	755.905
3345.34	746.589
3345.75	749.321
3346.17	724.747
3346.58	750.08
3346.99	742.607
3347.41	736.716
3347.82	747.632
3348.23	723.185
3348.65	770.551
3349.06	756.526
3349.47	753.008
3349.89	756.435
3350.3	740.204
3350.71	756.946
3351.13	748.579
3351.54	729.107
3351.95	782.186
3352.37	770.273
3352.78	790.718
3353.19	751.092
3353.6	791.414
3354.02	790.582
3354.43	781.154
3354.84	758.275
3355.26	777.798
3355.67	729.008
3356.08	750.203
3356.49	773.154
3356.91	776.198
3357.32	787.2
3357.73	740.603
3358.14	745.825
3358.56	765.188
3358.97	813.313
3359.38	801.477
3359.79	756.461
3360.21	773.488
3360.62	764.11
3361.03	800.243
3361.44	773.377
3361.85	777.495
3362.27	776.776
3362.68	771.083
3363.09	789.293
3363.5	791.02
3363.91	782.61
3364.33	784.251
3364.74	785.792
3365.15	786.653
3365.56	787.567
3365.97	788.187
3366.38	798.968
3366.8	726.563
3367.21	773.448
3367.62	815.206
3368.03	800.118
3368.44	824.869
3368.85	773.398
3369.26	797.233
3369.68	763.194
3370.09	785.79
3370.5	784.441
3370.91	796.22
3371.32	779.232
3371.73	829.003
3372.14	845.719
3372.55	828.682
3372.97	852.724
3373.38	842.154
3373.79	827.868
3374.2	817.419
3374.61	845.441
3375.02	797.748
3375.43	840.331
3375.84	846.302
3376.25	827.648
3376.66	833.507
3377.07	852.228
3377.48	852.934
3377.89	834.909
3378.31	834.783
3378.72	830.579
3379.13	839.345
3379.54	857.361
3379.95	854.823
3380.36	834.411
3380.77	833.968
3381.18	867.586
3381.59	862.302
3382	841.926
3382.41	897.878
3382.82	841.651
3383.23	850.604
3383.64	813.915
3384.05	837.457
3384.46	826.581
3384.87	830.869
3385.28	883.68
3385.69	836.266
3386.1	864.435
3386.51	858.507
3386.92	858.984
3387.33	878.643
3387.74	867.543
3388.15	863.549
3388.56	870.889
3388.97	867.725
3389.38	876.114
3389.78	897.888
3390.19	916.497
3390.6	887.793
3391.01	885.835
3391.42	882.216
3391.83	890.799
3392.24	886.688
3392.65	897.45
3393.06	894.518
3393.47	886.184
3393.88	902.491
3394.29	892.141
3394.7	875.989
3395.11	896.113
3395.51	856.155
3395.92	857.443
3396.33	853.996
3396.74	890.196
3397.15	892.008
3397.56	893.298
3397.97	894.938
3398.38	896.004
3398.78	856.252
3399.19	892.809
3399.6	926.317
3400.01	910.161
3400.42	928.591
3400.83	924.484
3401.23	954.5
3401.64	928.77
3402.05	899.062
3402.46	907.175
3402.87	951.336
3403.28	939.677
3403.68	875.021
3404.09	917.178
3404.49	863.178
3404.91	890.178
3405.32	896.178
3405.74	927.178
3406.15	948.178
3406.57	912.178
3406.98	933.178
3407.4	934.178
3407.81	884.178
3408.23	968.178
3408.64	923.178
3409.06	915.178
3409.47	954.178
3409.89	916.178
3410.3	960.178
3410.72	966.178
3411.13	940.178
3411.55	957.178
3411.96	940.178
3412.37	950.178
3412.79	958.178
3413.2	972.178
3413.62	1000.18
3414.03	977.178
3414.45	957.178
3414.86	928.178
3415.28	913.178
3415.69	952.214
3416.1	949.422
3416.52	937.221
3416.93	939.097
3417.35	940.735
3417.76	942.544
3418.17	943.444
3418.59	945.035
3419	959.485
3419.42	960.76
3419.83	913.178
3420.24	969.178
3420.66	918.178
3421.07	972.178
3421.49	980.178
3421.9	938.178
3422.31	956.178
3422.73	997.178
3423.14	983.178
3423.55	1009.18
3423.97	994.178
3424.38	1018.18
3424.79	971.178
3425.21	951.178
3425.62	971.178
3426.03	1011.18
3426.45	968.178
3426.86	969.178
3427.27	997.178
3427.69	968.178
3428.1	979.178
3428.51	995.178
3428.93	977.178
3429.34	1045.18
3429.75	977.178
3430.16	1022.18
3430.58	986.178
3430.99	994.178
3431.4	1015.18
3431.82	1018.18
3432.23	1001.18
3432.64	1041.18
3433.05	1048.18
3433.47	995.178
3433.88	1083.18
3434.29	1041.18
3434.7	1082.18
3435.12	959.178
3435.53	1000.18
3435.94	1003.18
3436.35	1044.18
3436.77	1030.18
3437.18	1066.18
3437.59	1028.18
3438	1025.18
3438.42	1074.18
3438.83	1064.18
3439.24	1053.18
3439.65	1024.18
3440.06	1022.18
3440.48	1036.18
3440.89	1055.18
3441.3	1015.18
3441.71	1018.18
3442.12	1022.18
3442.53	1070.18
3442.95	1054.18
3443.36	1119.18
3443.77	1082.18
3444.18	1075.18
3444.59	1086.18
3445	1038.18
3445.42	1085.18
3445.83	1086.18
3446.24	1094.18
3446.65	1118.18
3447.06	1099.18
3447.47	1118.18
3447.88	1096.18
3448.3	1088.18
3448.71	1075.18
3449.12	1088.18
3449.53	1096.18
3449.94	1067.18
3450.35	1085.18
3450.76	1074.18
3451.17	1062.18
3451.58	1103.18
3452	1149.18
3452.41	1082.18
3452.82	1102.18
3453.23	1109.18
3453.64	1134.18
3454.05	1053.18
3454.46	1072.18
3454.87	1036.18
3455.28	1143.18
3455.69	1102.18
3456.1	1109.18
3456.51	1191.18
3456.92	1128.18
3457.33	1134.18
3457.74	1134.18
3458.15	1108.18
3458.57	1093.18
3458.98	1148.18
3459.39	1120.18
3459.8	1146.18
3460.21	1141.18
3460.62	1191.18
3461.03	1165.18
3461.44	1146.18
3461.85	1152.18
3462.26	1114.18
3462.67	1185.18
3463.08	1171.18
3463.49	1082.18
3463.9	1150.18
3464.31	1105.18
3464.72	1106.18
3465.13	1158.18
3465.53	1168.18
3465.95	1173.18
3466.35	1129.18
3466.76	1204.18
3467.17	1244.18
3467.58	1135.18
3467.99	1120.18
3468.4	1190.18
3468.81	1161.18
3469.22	1188.18
3469.63	1137.18
3470.04	1198.18
3470.45	1152.18
3470.86	1218.18
3471.27	1164.18
3471.68	1193.18
3472.09	1204.18
3472.49	1192.18
3472.9	1151.18
3473.31	1215.18
3473.72	1171.18
3474.13	1185.18
3474.54	1231.18
3474.95	1193.18
3475.36	1232.18
3475.77	1246.18
3476.17	1228.18
3476.58	1238.18
3476.99	1205.18
3477.4	1224.18
3477.81	1156.18
3478.22	1182.18
3478.63	1211.18
3479.03	1187.18
3479.44	1179.18
3479.85	1204.18
3480.26	1220.18
3480.67	1240.18
3481.08	1210.18
3481.48	1233.18
3481.89	1214.18
3482.3	1220.18
3482.71	1203.18
3483.12	1155.18
3483.53	1241.18
3483.93	1185.18
3484.34	1237.18
3484.75	1256.18
3485.16	1256.18
3485.56	1263.18
3485.97	1265.18
3486.38	1260.18
3486.79	1280.18
3487.2	1241.18
3487.6	1205.18
3488.01	1188.18
3488.42	1280.18
3488.83	1216.18
3489.23	1320.18
3489.64	1286.18
3490.05	1338.18
3490.46	1301.18
3490.86	1317.18
3491.27	1314.18
3491.68	1257.18
3492.09	1258.18
3492.49	1246.18
3492.9	1227.18
3493.31	1304.18
3493.71	1325.18
3494.12	1339.18
3494.53	1262.18
3494.94	1345.18
3495.34	1327.18
3495.75	1255.18
3496.16	1293.18
3496.56	1282.18
3496.97	1306.18
3497.38	1294.18
3497.78	1292.18
3498.19	1307.18
3498.6	1335.18
3499	1353.18
3499.41	1359.18
3499.82	1358.18
3500.22	1374.18
3500.63	1370.18
3501.04	1329.18
3501.44	1310.18
3501.85	1318.18
3502.26	1322.18
3502.66	1296.18
3503.07	1382.18
3503.47	1316.18
3503.88	1311.18
3504.29	1365.18
3504.69	1411.18
3505.1	1427.18
3505.51	1355.18
3505.91	1376.18
3506.32	1402.18
3506.72	1353.18
3507.13	1340.18
3507.54	1370.18
3507.94	1346.18
3508.35	1374.18
3508.75	1427.18
3509.16	1438.18
3509.56	1390.18
3509.97	1356.18
3510.37	1402.18
3510.78	1385.18
3511.19	1376.18
3511.59	1409.18
3512	1332.18
3512.4	1356.18
3512.81	1403.18
3513.21	1413.18
3513.62	1480.18
3514.02	1378.18
3514.43	1407.18
3514.83	1376.18
3515.24	1364.18
3515.64	1427.18
3516.05	1396.18
3516.46	1404.18
3516.86	1416.18
3517.26	1419.18
3517.67	1376.18
3518.07	1438.18
3518.48	1437.18
3518.88	1425.18
3519.29	1462.18
3519.69	1424.18
3520.1	1455.18
3520.5	1467.18
3520.91	1421.18
3521.31	1420.18
3521.72	1394.18
3522.12	1444.18
3522.53	1417.18
3522.93	1432.18
3523.33	1476.18
3523.74	1484.18
3524.14	1417.18
3524.55	1422.18
3524.95	1498.18
3525.36	1417.18
3525.76	1467.18
3526.17	1434.18
3526.57	1483.18
3526.97	1433.18
3527.38	1491.18
3527.78	1512.18
3528.19	1500.18
3528.59	1474.18
3528.99	1457.18
3529.4	1481.18
3529.8	1459.18
3530.2	1452.18
3530.61	1462.18
3531.01	1483.18
3531.42	1419.18
3531.82	1484.18
3532.22	1525.18
3532.63	1449.18
3533.03	1474.18
3533.43	1406.18
3533.84	1463.18
3534.24	1523.18
3534.64	1466.18
3535.05	1486.18
3535.45	1474.18
3535.85	1464.18
3536.26	1488.18
3536.66	1499.18
3537.06	1522.18
3537.47	1552.18
3537.87	1539.18
3538.27	1547.18
3538.68	1521.18
3539.08	1485.18
3539.48	1501.18
3539.89	1454.18
3540.29	1472.18
3540.69	1476.18
3541.09	1544.18
3541.5	1452.18
3541.9	1518.18
3542.3	1527.18
3542.7	1504.18
3543.11	1520.18
3543.51	1519.18
3543.91	1425.18
3544.31	1465.18
3544.72	1438.18
3545.12	1522.18
3545.52	1509.18
3545.92	1514.18
3546.33	1544.18
3546.73	1558.18
3547.13	1555.18
3547.53	1580.18
3547.94	1528.18
3548.34	1506.18
3548.74	1581.18
3549.14	1498.18
3549.54	1504.18
3549.95	1582.18
3550.35	1477.18
3550.75	1552.18
3551.15	1559.18
3551.55	1513.18
3551.96	1544.18
3552.36	1516.18
3552.76	1501.18
3553.16	1495.18
3553.56	1502.18
3553.96	1497.18
3554.36	1607.18
3554.77	1553.18
3555.17	1516.18
3555.57	1501.18
3555.97	1566.18
3556.37	1567.18
3556.77	1519.18
3557.17	1543.18
3557.58	1530.18
3557.98	1475.18
3558.38	1515.18
3558.78	1508.18
3559.18	1525.18
3559.58	1512.18
3559.98	1555.18
3560.38	1545.18
3560.79	1502.18
3561.19	1559.18
3561.59	1504.18
3561.99	1536.18
3562.39	1530.18
3562.79	1534.18
3563.19	1520.18
3563.59	1501.18
3563.99	1553.18
3564.39	1539.18
3564.79	1478.18
3565.19	1567.18
3565.59	1550.18
3565.99	1550.18
3566.39	1554.18
3566.8	1525.18
3567.2	1456.18
3567.6	1478.18
3568	1496.18
3568.4	1498.18
3568.8	1501.18
3569.2	1458.18
3569.6	1505.18
3570	1533.18
3570.4	1558.18
3570.8	1486.18
3571.2	1572.18
3571.6	1537.18
3572	1476.18
3572.4	1497.18
3572.8	1510.18
3573.2	1490.18
3573.6	1549.18
3574	1451.18
3574.4	1506.18
3574.8	1508.18
3575.2	1507.18
3575.6	1528.18
3576	1529.18
3576.4	1481.18
3576.79	1481.18
3577.19	1418.18
3577.59	1466.18
3577.99	1492.18
3578.39	1485.18
3578.79	1512.18
3579.19	1517.18
3579.59	1493.18
3579.99	1540.18
3580.39	1493.18
3580.79	1428.18
3581.19	1452.18
3581.59	1490.18
3581.99	1478.18
3582.38	1427.18
3582.78	1441.18
3583.18	1433.18
3583.58	1484.18
3583.98	1475.18
3584.38	1471.18
3584.78	1395.18
3585.18	1417.18
3585.57	1408.18
3585.97	1404.18
3586.37	1408.18
3586.77	1342.18
3587.17	1417.18
3587.57	1298.18
3587.97	1460.18
3588.36	1356.18
3588.76	1357.18
3589.16	1420.18
3589.56	1395.18
3589.96	1399.18
3590.36	1356.18
3590.75	1312.18
3591.15	1328.18
3591.55	1304.18
3591.95	1318.18
3592.35	1310.18
3592.74	1318.18
3593.14	1278.18
3593.54	1390.18
3593.94	1314.18
3594.34	1261.18
3594.73	1280.18
3595.13	1284.18
3595.53	1279.18
3595.93	1241.18
3596.33	1263.18
3596.72	1227.18
3597.12	1280.18
3597.52	1239.18
3597.92	1272.18
3598.31	1301.18
3598.71	1269.18
3599.11	1290.18
3599.51	1197.18
3599.9	1270.18
3600.3	1216.18
3600.7	1213.18
3601.1	1218.18
3601.49	1235.18
3601.89	1238.18
3602.29	1175.18
3602.69	1200.18
3603.08	1210.18
3603.48	1232.18
3603.88	1180.18
3604.27	1239.18
3604.67	1166.18
3605.07	1180.18
3605.46	1137.18
3605.86	1143.18
3606.26	1131.18
3606.65	1143.18
3607.05	1191.18
3607.45	1146.18
3607.84	1182.18
3608.24	1188.18
3608.64	1177.18
3609.03	1155.4
3609.43	1163.38
3609.83	1141.98
3610.22	1088.25
3610.62	1098.77
3611.02	1067.92
3611.41	1114.56
3611.81	1066.78
3612.2	1085.47
3612.6	1147.59
3613	1113.74
3613.39	1115.21
3613.79	1130.63
3614.19	1113.28
3614.58	1110.72
3614.98	1095.52
3615.37	1111.43
3615.77	1070.09
3616.16	1070.91
3616.56	1079.36
3616.96	1095.14
3617.35	1075.7
3617.75	1069.17
3618.14	1071.05
3618.54	1084.21
3618.93	1064.18
3619.33	1058.75
3619.73	974.136
3620.12	1016.28
3620.52	966.27
3620.91	970.029
3621.31	992.765
3621.7	988.415
3622.1	1008
3622.49	1043.83
3622.89	1033.2
3623.28	1040.82
3623.68	1045.65
3624.08	1035.27
3624.47	978.706
3624.87	991.116
3625.26	976.152
3625.66	993.329
3626.05	1011.61
3626.45	1012.69
3626.84	1029.02
3627.23	1018.31
3627.63	1001.32
3628.02	957.48
3628.42	1029.69
3628.81	994.585
3629.21	970.256
3629.6	964.195
3630	967.064
3630.39	1001.65
3630.79	941.898
3631.18	988.652
3631.58	962.111
3631.97	939.152
3632.37	961.349
3632.76	936.458
3633.15	965.554
3633.55	891.319
3633.94	929.034
3634.34	915.807
3634.73	948.475
3635.13	894.251
3635.52	963.753
3635.91	912.124
3636.31	879.997
3636.7	904.614
3637.1	877.681
3637.49	924.252
3637.88	898.973
3638.28	876.664
3638.67	886.409
3639.06	895.13
3639.46	872.589
3639.85	848.758
3640.25	855.701
3640.64	876.774
3641.03	874.463
3641.43	823.356
3641.82	854.421
3642.21	872.079
3642.61	855.101
3643	802.537
3643.39	816.434
3643.79	822.703
3644.18	819.41
3644.57	814.451
3644.97	824.9
3645.36	802.769
3645.75	822.874
3646.15	789.035
3646.54	780.46
3646.93	793.958
3647.33	787.661
3647.72	772.541
3648.11	785.842
3648.5	777.452
3648.9	771.584
3649.29	758.367
3649.68	736.086
3650.08	759.307
3650.47	750.091
3650.86	744.275
3651.25	741.484
3651.65	720.721
3652.04	726.541
3652.43	709.94
3652.82	733.853
3653.22	712.884
3653.61	699.104
3654	706.05
3654.39	698.109
3654.79	700.091
3655.18	689.02
3655.57	706.768
3655.96	698.81
3656.36	688.594
3656.75	661.803
3657.14	681.355
3657.53	703.961
3657.92	676.453
3658.32	656.953
3658.71	671.158
3659.1	675.691
3659.49	663.547
3659.88	641.991
3660.27	650.523
3660.67	655.7
3661.06	633.941
3661.45	612.939
3661.84	649.16
3662.23	628.692
3662.62	593.593
3663.02	578.588
3663.41	568.869
3663.8	575.471
3664.19	596.797
3664.58	584.196
3664.97	620.073
3665.36	595.079
3665.76	538.826
3666.15	556.966
3666.54	556.875
3666.93	569.104
3667.32	567.693
3667.71	586.926
3668.1	542.269
3668.49	521.19
3668.88	510.212
3669.28	540.672
3669.67	513.512
3670.06	508.645
3670.45	508.269
3670.84	532.82
3671.23	513.488
3671.62	502.877
3672.01	471.33
3672.4	527.329
3672.79	505.964
3673.18	503.78
3673.57	486.756
3673.96	521.194
3674.36	484.561
3674.75	504.257
3675.14	483.705
3675.53	419.316
3675.92	420.387
3676.31	493.617
3676.7	490.545
3677.09	487.338
3677.48	484.44
3677.87	480.928
3678.26	361.941
3678.65	404.547
3679.04	456.919
3679.43	419.934
3679.82	451.576
3680.21	425.007
3680.6	446.443
3680.99	456.194
3681.38	425.704
3681.77	439.292
3682.16	451.354
3682.55	425.231
3682.94	413.213
3683.33	447.76
3683.72	407.044
3684.11	431.169
3684.5	427.182
3684.89	411.376
3685.27	395.913
3685.66	431.089
3686.05	411.452
3686.44	395.914
3686.83	394.831
3687.22	388.177
3687.61	401.55
3688	404.524
3688.39	400.579
3688.78	395.696
3689.17	397.233
3689.56	393.693
3689.95	386.912
3690.33	379.954
3690.72	366.92
3691.11	379.764
3691.5	366.382
3691.89	354.409
3692.28	349.568
3692.67	371.189
3693.06	345.337
3693.45	353.396
3693.83	381.791
3694.22	329.676
3694.61	348.731
3695	406.555
3695.39	356.99
3695.78	381.252
3696.17	351.78
3696.55	334.916
3696.94	394.582
3697.33	357.309
3697.72	325.555
3698.11	375.026
3698.5	330.583
3698.88	359.306
3699.27	315.422
3699.66	324.521
3700.05	348.771
3700.44	355.878
3700.82	357.888
3701.21	346.178
3701.6	306.699
3701.99	333.778
3702.38	348.792
3702.76	324.859
3703.15	312.335
3703.54	310.973
3703.93	310.696
3704.32	358.824
3704.7	326.773
3705.09	367.399
3705.48	319.664
3705.87	303.873
3706.25	321.734
3706.52	274.734
3706.92	307.734
3707.31	293.734
3707.71	312.734
3708.1	299.734
3708.5	313.734
3708.89	300.734
3709.29	303.734
3709.68	293.734
3710.07	303.734
3710.47	283.734
3710.86	296.734
3711.26	309.734
3711.65	293.734
3712.05	320.734
3712.44	318.734
3712.83	326.734
3713.23	313.734
3713.62	288.734
3714.02	285.734
3714.41	308.734
3714.8	276.734
3715.2	260.734
3715.59	299.734
3715.99	297.734
3716.38	316.734
3716.77	331.734
3717.17	287.734
3717.56	337.734
3717.95	293.734
3718.35	304.734
3718.74	306.734
3719.14	307.734
3719.53	310.734
3719.92	327.734
3720.32	306.734
3720.71	305.734
3721.1	259.734
3721.5	311.734
3721.89	327.734
3722.28	332.734
3722.68	326.734
3723.07	300.734
3723.46	279.734
3723.85	260.734
3724.25	273.734
3724.64	286.734
3725.03	283.734
3725.43	245.734
3725.82	287.797
3726.21	287.634
3726.61	286.91
3727	286.17
3727.39	285.684
3727.78	285.211
3728.18	284.905
3728.57	284.561
3728.96	283.919
3729.35	289.734
3729.75	293.734
3730.14	290.734
3730.53	265.734
3730.92	287.734
3731.32	284.734
3731.71	270.734
3732.1	290.734
3732.49	290.734
3732.89	255.734
3733.28	265.734
3733.67	275.734
3734.06	261.734
3734.46	295.734
3734.85	259.734
3735.24	291.734
3735.63	293.734
3736.02	275.734
3736.42	262.734
3736.81	263.734
3737.2	282.734
3737.59	262.734
3737.98	257.734
3738.38	274.734
3738.77	268.734
3739.16	273.734
3739.55	276.734
3739.94	258.734
3740.33	274.734
3740.73	254.734
3741.12	250.734
3741.51	247.734
3741.9	268.734
3742.29	253.734
3742.68	300.734
3743.07	271.734
3743.47	280.734
3743.86	300.734
3744.25	280.734
3744.64	269.734
3745.03	293.734
3745.42	262.734
3745.81	273.734
3746.2	270.734
3746.6	282.734
3746.99	280.734
3747.38	289.734
3747.77	279.734
3748.16	267.227
3748.55	264.734
3748.94	302.734
3749.33	260.734
3749.72	272.734
3750.11	257.734
3750.5	266.734
3750.9	247.734
3751.29	241.734
3751.68	300.734
3752.07	272.734
3752.46	267.734
3752.85	274.734
3753.24	260.734
3753.63	266.734
3754.02	294.734
3754.41	296.734
3754.8	279.734
3755.19	263.734
3755.58	280.734
3755.97	274.734
3756.36	247.734
3756.75	240.734
3757.14	281.734
3757.53	251.734
3757.92	262.734
3758.31	249.734
3758.7	231.734
3759.09	271.734
3759.48	259.734
3759.87	259.734
3760.26	276.734
3760.65	265.734
3761.04	288.734
3761.43	255.734
3761.82	254.734
3762.21	251.734
3762.6	249.734
3762.99	209.734
3763.38	295.734
3763.77	238.734
3764.16	255.734
3764.55	247.734
3764.94	258.734
3765.33	248.734
3765.72	229.734
3766.1	275.734
3766.49	280.734
3766.88	278.734
3767.27	270.734
3767.66	267.734
3768.05	255.734
3768.44	256.734
3768.83	270.734
3769.22	273.734
3769.61	296.734
3770	258.734
3770.39	249.734
3770.77	242.734
3771.16	252.734
3771.55	261.734
3771.94	249.734
3772.33	254.734
3772.72	275.734
3773.11	273.734
3773.5	279.734
3773.88	281.734
3774.27	267.734
3774.66	260.734
3775.05	247.734
3775.44	259.734
3775.83	270.734
3776.21	252.734
3776.6	207.734
3776.99	233.734
3777.38	251.734
3777.77	263.734
3778.16	262.734
3778.54	245.734
3778.93	249.734
3779.32	279.734
3779.71	252.734
3780.1	254.734
3780.48	283.734
3780.87	283.734
3781.26	220.734
3781.65	256.734
3782.04	264.734
3782.42	239.734
3782.81	243.734
3783.2	267.734
3783.59	257.734
3783.98	242.734
3784.36	260.734
3784.75	231.734
3785.14	251.734
3785.53	280.734
3785.91	273.734
3786.3	259.734
3786.69	256.734
3787.08	236.734
3787.46	244.734
3787.85	267.734
3788.24	267.734
3788.62	231.734
3789.01	263.734
3789.4	254.734
3789.79	249.734
3790.17	272.734
3790.56	256.734
3790.95	254.734
3791.33	249.734
3791.72	259.734
3792.11	279.734
3792.49	268.734
3792.88	229.734
3793.27	268.734
3793.66	249.734
3794.04	254.734
3794.43	275.734
3794.82	276.734
3795.2	244.734
3795.59	250.734
3795.98	260.734
3796.36	255.734
3796.75	242.734
3797.13	216.734
3797.52	247.734
3797.91	246.734
3798.29	306.734
3798.68	257.734
3799.07	249.734
3799.45	301.734
3799.84	255.734
3800.23	258.734
3800.61	260.734
3801	235.734
3801.38	275.734
3801.77	254.734
3802.16	254.734
3802.54	252.734
3802.93	236.734
3803.31	244.734
3803.7	294.734
3804.09	256.734
3804.47	282.734
3804.86	255.734
3805.24	274.734
3805.63	241.734
3806.02	228.734
3806.4	254.734
3806.79	251.734
3807.17	251.734
3807.56	280.734
3807.94	275.734
3808.33	260.734
3808.71	278.734
3809.1	278.734
3809.49	202.734
3809.87	250.734
3810.26	261.734
3810.64	233.734
3811.03	259.734
3811.41	261.734
3811.8	244.734
3812.18	241.734
3812.57	243.734
3812.95	258.734
3813.34	283.734
3813.72	270.734
3814.11	224.734
3814.49	256.734
3814.88	273.734
3815.26	256.734
3815.65	254.734
3816.03	247.734
3816.42	223.734
3816.8	255.734
3817.18	239.734
3817.57	266.734
3817.95	244.734
3818.34	275.734
3818.72	260.734
3819.11	243.734
3819.49	240.734
3819.88	250.734
3820.26	263.734
3820.65	256.734
3821.03	281.734
3821.41	257.734
3821.8	248.734
3822.18	253.734
3822.57	251.734
3822.95	260.734
3823.33	204.734
3823.72	264.734
3824.1	273.734
3824.49	239.734
3824.87	285.734
3825.26	224.734
3825.64	262.734
3826.02	257.734
3826.41	225.734
3826.79	222.734
3827.18	247.734
3827.56	218.734
3827.94	251.734
3828.33	223.734
3828.71	240.734
3829.09	277.734
3829.48	292.734
3829.86	244.734
3830.24	269.734
3830.63	218.734
3831.01	246.734
3831.39	255.734
3831.78	208.734
3832.16	256.734
3832.54	238.734
3832.93	232.734
3833.31	235.734
3833.69	258.734
3834.08	262.734
3834.46	247.734
3834.84	248.734
3835.23	290.734
3835.61	274.734
3835.99	263.734
3836.38	243.734
3836.76	260.734
3837.14	289.734
3837.52	249.734
3837.91	241.734
3838.29	231.734
3838.67	260.734
3839.05	252.734
3839.44	283.734
3839.82	257.734
3840.2	254.734
3840.58	259.734
3840.97	233.734
3841.35	204.734
3841.73	255.734
3842.11	244.734
3842.5	222.734
3842.88	257.734
3843.26	242.734
3843.64	258.734
3844.03	213.734
3844.41	284.734
3844.79	263.734
3845.17	251.734
3845.55	248.734
3845.94	267.734
3846.32	268.734
3846.7	255.734
3847.08	257.734
3847.46	241.734
3847.85	229.734
3848.23	284.734
3848.61	266.734
3848.99	249.734
3849.37	259.734
3849.75	269.734
3850.14	287.734
3850.52	241.734
3850.9	229.734
3851.28	250.734
3851.66	240.734
3852.04	225.734
3852.43	281.734
3852.81	229.734
3853.19	270.734
3853.57	229.734
3853.95	227.734
3854.33	264.734
3854.71	283.734
3855.1	272.734
3855.48	262.734
3855.86	229.734
3856.24	240.734
3856.62	268.734
3857	288.734
3857.38	242.734
3857.76	211.734
3858.14	223.734
3858.53	259.734
3858.91	253.734
3859.29	298.734
3859.67	255.734
3860.05	265.734
3860.43	259.734
3860.81	252.734
3861.19	260.734
3861.57	281.734
3861.95	225.734
3862.33	257.734
3862.71	243.734
3863.09	241.734
3863.47	247.734
3863.85	253.734
3864.23	247.734
3864.62	243.734
3865	244.734
3865.38	224.734
3865.76	266.734
3866.14	260.734
3866.52	243.734
3866.9	236.734
3867.28	263.734
3867.66	269.734
3868.04	258.734
3868.42	256.734
3868.8	236.734
3869.18	281.734
3869.56	266.734
3869.94	223.734
3870.32	269.734
3870.7	251.734
3871.08	245.734
3871.46	268.734
3871.83	251.734
3872.21	207.734
3872.59	261.734
3872.97	232.734
3873.35	231.734
3873.73	217.734
3874.11	239.734
3874.49	235.734
3874.87	231.734
3875.25	249.734
3875.63	265.734
3876.01	263.734
3876.39	229.734
3876.77	252.734
3877.15	254.734
3877.53	229.734
3877.91	226.734
3878.28	257.734
3878.66	255.734
3879.04	255.734
3879.42	265.734
3879.8	258.734
3880.18	255.734
3880.56	286.734
3880.94	223.734
3881.32	256.734
3881.69	235.734
3882.07	243.734
3882.45	216.734
3882.83	270.734
3883.21	267.734
3883.59	235.734
3883.97	227.734
3884.35	252.734
3884.72	196.734
3885.1	234.734
3885.48	239.734
3885.86	272.734
3886.24	249.734
3886.62	246.734
3886.99	231.734
3887.37	251.734
3887.75	248.734
3888.13	224.734
3888.51	247.734
3888.89	219.734
3889.26	246.734
3889.64	252.734
3890.02	250.734
3890.4	226.734
3890.78	233.734
3891.15	234.734
3891.53	283.734
3891.91	223.734
3892.29	251.734
3892.66	264.734
3893.04	225.734
3893.42	271.734
3893.8	243.734
3894.18	236.734
3894.55	262.734
3894.93	215.734
3895.31	258.734
3895.69	247.734
3896.06	239.734
3896.44	259.734
3896.82	265.734
3897.2	223.734
3897.57	258.734
3897.95	231.734
3898.33	273.734
3898.7	267.734
3899.08	250.734
3899.46	260.734
3899.84	267.734
3900.21	247.734
3900.59	252.734
3900.97	232.734
3901.34	250.734
3901.72	253.734
3902.1	212.734
3902.48	250.734
3902.85	267.734
3903.23	249.734
3903.61	275.734
3903.98	236.734
3904.36	250.734
3904.74	273.734
3905.11	234.734
3905.49	264.734
3905.87	270.734
3906.24	225.734
3906.62	252.734
3906.99	254.734
3907.37	281.734
3907.75	266.734
3908.12	250.734
3908.5	219.734
3908.88	272.734
3909.25	275.734
3909.63	251.734
3910.01	233.734
3910.38	243.734
3910.76	241.734
3911.13	251.734
3911.51	256.734
3911.89	237.734
3912.26	251.734
3912.64	265.734
3913.01	231.734
3913.39	247.734
3913.77	253.734
3914.14	244.734
3914.52	219.734
3914.89	259.734
3915.27	279.734
3915.65	263.734
3916.02	252.734
3916.4	227.734
3916.77	232.734
3917.15	222.734
3917.52	240.734
3917.9	260.734
3918.27	236.734
3918.65	236.734
3919.02	223.734
3919.4	226.734
3919.77	252.734
3920.15	212.734
3920.53	245.734
3920.9	214.734
3921.28	238.734
3921.65	256.734
3922.03	236.734
3922.4	250.734
3922.78	224.734
3923.15	243.734
3923.53	252.734
3923.9	210.734
3924.28	229.734
3924.65	250.734
3925.03	242.734
3925.4	268.734
3925.77	251.734
3926.15	273.734
3926.52	238.734
3926.9	224.734
3927.27	260.734
3927.65	263.734
3928.02	231.734
3928.4	258.734
3928.77	203.734
3929.15	235.734
3929.52	268.734
3929.89	234.734
3930.27	244.734
3930.64	243.734
3931.02	249.734
3931.39	246.734
3931.77	244.734
3932.14	236.734
3932.51	281.734
3932.89	233.734
3933.26	237.734
3933.64	270.734
3934.01	244.734
3934.38	253.734
3934.76	212.734
3935.13	230.734
3935.51	233.734
3935.88	215.734
3936.25	260.734
3936.63	230.734
3937	235.734
3937.38	267.734
3937.75	230.734
3938.12	214.734
3938.5	242.734
3938.87	230.734
3939.24	225.734
3939.62	245.734
3939.99	235.734
3940.36	232.734
3940.74	247.734
3941.11	214.734
3941.48	258.734
3941.86	234.734
3942.23	208.734
3942.6	222.734
3942.98	248.734
3943.35	271.734
3943.72	239.734
3944.1	259.734
3944.47	219.734
3944.84	247.734
3945.21	226.734
3945.59	233.734
3945.96	204.734
3946.33	257.734
3946.71	229.734
3947.08	260.734
3947.45	244.734
3947.82	240.734
3948.2	255.734
3948.57	250.734
3948.94	215.734
3949.32	237.734
3949.69	238.734
3950.06	249.734
3950.43	274.734
3950.81	220.734
3951.18	225.734
3951.55	255.734
3951.92	211.734
3952.29	248.734
3952.67	253.734
3953.04	225.734
3953.41	232.734
3953.78	223.734
3954.16	255.734
3954.53	261.734
3954.9	256.734
3955.27	275.734
3955.64	225.734
3956.02	255.734
3956.39	273.734
3956.76	225.734
3957.13	250.734
3957.5	256.734
3957.87	244.734
3958.25	225.734
3958.62	239.734
3958.99	229.734
3959.36	246.734
3959.73	226.734
3960.11	206.734
3960.48	244.734
3960.85	252.734
3961.22	268.734
3961.59	194.734
3961.96	212.734
3962.33	229.734
3962.71	229.734
3963.08	270.734
3963.45	243.734
3963.82	242.734
3964.19	252.734
3964.56	210.734
3964.93	236.734
3965.3	252.734
3965.68	220.734
3966.05	210.734
3966.42	262.734
3966.79	252.734
3967.16	234.734
3967.53	215.734
3967.9	258.734
3968.27	244.734
3968.64	237.734
3969.01	239.734
3969.38	229.734
3969.75	223.734
3970.12	237.734
3970.5	245.734
3970.87	254.734
3971.24	241.734
3971.61	246.734
3971.98	275.734
3972.35	223.734
3972.72	250.734
3973.09	234.734
3973.46	213.734
3973.83	237.734
3974.2	261.734
3974.57	234.734
3974.94	215.734
3975.31	248.734
3975.68	215.734
3976.05	231.734
3976.42	251.734
3976.79	239.734
3977.16	256.734
3977.53	224.734
3977.9	265.734
3978.27	200.734
3978.64	244.734
3979.01	214.734
3979.38	257.734
3979.75	210.734
3980.12	226.734
3980.49	185.734
3980.86	267.734
3981.23	246.734
3981.6	270.734
3981.97	256.734
3982.34	245.734
3982.71	248.734
3983.08	229.734
3983.45	248.734
3983.82	229.734
3984.19	242.734
3984.55	242.734
3984.92	236.734
3985.29	241.734
3985.66	262.734
3986.03	229.734
3986.4	254.734
3986.77	257.734
3987.14	242.734
3987.51	239.734
3987.88	256.734
3988.25	231.734
3988.61	260.734
3988.98	228.734
3989.35	223.734
3989.72	236.734
3990.09	240.734
3990.46	230.734
3990.83	223.734
3991.2	268.734
3991.56	217.734
3991.93	255.734
3992.3	260.734
3992.67	252.734
3993.04	218.734
3993.41	277.734
3993.78	222.734
3994.15	235.734
3994.51	253.734
3994.88	250.734
3995.25	233.734
3995.62	257.734
3995.99	247.734
3996.36	250.734
3996.72	257.734
3997.09	238.734
3997.46	246.734
3997.83	263.734
3998.2	232.734
3998.56	227.734
3998.93	191.734
3999.3	259.734
3999.67	233.734
4000.04	255.734
