19.7123	3175.11
20.3887	3220.11
21.0651	3226.11
21.7414	3202.11
22.4176	3158.11
23.0939	3324.11
23.77	3296.11
24.4462	3303.11
25.1222	3326.11
25.7983	3398.11
26.4742	3405.11
27.1502	3318.11
27.8261	3388.11
28.5019	3389.11
29.1777	3391.11
29.8534	3434.11
30.5291	3463.11
31.2048	3458.11
31.8804	3493.11
32.5559	3570.11
33.2314	3615.11
33.9069	3740.11
34.5823	3720.11
35.2577	3827.11
35.933	3806.11
36.6083	3817.11
37.2835	3898.11
37.9587	3864.11
38.6338	3903.11
39.3066	3928.11
39.9817	3939.11
40.6566	4104.11
41.3316	4115.11
42.0065	4092.11
42.6813	4232.11
43.3539	4278.11
44.0286	4154.11
44.7033	4118.11
45.378	4196.11
46.0526	4312.11
46.7249	4293.11
47.3994	4183.11
48.0739	4278.11
48.7483	4263.11
49.4204	4358.11
50.0947	4329.11
50.769	4467.11
51.4433	4400.11
52.1152	4410.11
52.7893	4328.11
53.4634	4477.11
54.1352	4299.11
54.8092	4498.11
55.4831	4417.11
56.1548	4374.11
56.8286	4517.11
57.5024	4430.11
58.1739	4559.11
58.8477	4662.11
59.5213	4640.11
60.1927	4652.11
60.8663	4442.11
61.5375	4441.11
62.211	4463.11
62.8845	4479.11
63.5556	4476.11
64.2289	4465.11
64.8999	4510.11
65.5732	4477.11
66.2441	4473.11
66.9173	4460.11
67.5881	4387.11
68.2612	4267.11
68.9319	4293.11
69.6049	4399.11
70.2755	4402.11
70.9484	4440.11
71.619	4314.11
72.2918	4439.11
72.9622	4374.11
73.6349	4263.11
74.3053	4457.11
74.9756	4528.11
75.6482	4494.11
76.3184	4434.11
76.9909	4528.11
77.661	4377.11
78.3311	4414.11
79.0034	4386.11
79.6734	4517.11
80.3433	4352.11
81.0155	4361.11
81.6854	4406.11
82.3552	4396.11
83.0272	4454.11
83.6969	4363.11
84.3666	4417.11
85.0385	4363.11
85.7081	4387.11
86.3776	4390.11
87.0471	4407.11
87.7188	4419.11
88.3882	4394.11
89.0575	4407.11
89.7268	4378.11
90.3961	4457.11
91.0676	4395.11
91.7367	4399.11
92.4059	4397.11
93.0749	4342.11
93.7439	4406.11
94.4152	4293.11
95.0841	4495.11
95.753	4329.11
96.4218	4327.11
97.0906	4327.11
97.7594	4332.11
98.4281	4303.11
99.0967	4260.11
99.7676	4296.11
100.436	4318.11
101.105	4317.11
101.773	4305.11
102.442	4150.11
103.11	4349.11
103.778	4240.11
104.447	4302.11
105.115	4350.11
105.783	4249.11
106.451	4227.11
107.119	4183.11
107.787	4263.11
108.455	4042.11
109.123	4175.11
109.791	4175.11
110.459	4226.11
111.127	4168.11
111.795	4199.11
112.462	4247.11
113.13	4248.11
113.795	4104.11
114.463	4156.11
115.13	4170.11
115.798	4128.11
116.465	4054.11
117.133	4102.11
117.8	4139.11
118.467	4003.11
119.132	4052.11
119.8	4038.11
120.467	3972.11
121.134	4039.11
121.801	3938.11
122.466	3978.11
123.133	4038.11
123.8	4076.11
124.467	4087.11
125.133	4014.11
125.798	4027.11
126.465	3998.11
127.131	4057.11
127.796	4086.11
128.462	3908.11
129.129	3843.11
129.796	3958.54
130.46	3934.25
131.126	3906.92
131.793	3871.97
132.457	3817.59
133.123	3809.24
133.789	3802.65
134.453	3842.19
135.119	3863.09
135.783	3874.69
136.449	3867.12
137.115	3878.86
137.779	3745.11
138.445	3745.11
139.108	3746.11
139.774	3845.11
140.438	3884.11
141.104	3832.11
141.769	3878.11
142.433	3813.11
143.098	3897.11
143.762	3875.11
144.427	3868.11
145.09	3850.11
145.756	3780.11
146.419	3855.11
147.084	3818.11
147.747	3812.11
148.41	3838.11
149.075	3847.11
149.738	3872.11
150.403	3670.11
151.066	3679.11
151.731	3724.11
152.394	3720.11
153.056	3753.11
153.721	3754.11
154.384	3796.11
155.046	3693.11
155.711	3716.11
156.374	3742.11
157.036	3676.11
157.701	3673.11
158.363	3734.11
159.025	3606.11
159.69	3612.11
160.352	3570.11
161.014	3623.11
161.676	3626.11
162.34	3661.11
163.002	3644.11
163.664	3687.11
164.326	3584.11
164.99	3762.11
165.652	3640.11
166.314	3632.11
166.975	3628.11
167.637	3643.11
168.301	3571.11
168.962	3572.11
169.624	3565.11
170.285	3490.11
170.947	3543.11
171.608	3579.11
172.272	3638.11
172.933	3563.11
173.594	3560.11
174.255	3583.11
174.917	3583.11
175.578	3492.11
176.239	3510.11
176.9	3537.11
177.561	3580.11
178.222	3614.11
178.882	3600.11
179.543	3470.11
180.204	3610.11
180.865	3489.11
181.526	3585.11
182.186	3514.11
182.847	3459.11
183.507	3331.11
184.168	3322.11
184.828	3351.11
185.489	3405.11
186.149	3412.11
186.809	3355.11
187.47	3356.11
188.13	3362.11
188.79	3379.11
189.45	3411.11
190.11	3403.11
190.768	3494.11
191.428	3338.11
192.088	3364.11
192.748	3484.11
193.408	3427.11
194.068	3430.11
194.728	3395.11
195.385	3367.11
196.045	3458.11
196.705	3269.11
197.364	3306.11
198.021	3342.11
198.681	3284.11
199.34	3350.11
200	3476.11
200.657	3290.11
201.316	3370.11
201.976	3372.11
202.635	3324.11
203.292	3374.11
203.951	3305.11
204.61	3391.11
205.267	3407.11
205.926	3334.11
206.585	3337.11
207.242	3348.11
207.9	3323.11
208.559	3400.11
209.216	3334.11
209.875	3300.11
210.533	3397.11
211.19	3348.11
211.848	3289.11
212.505	3253.11
213.163	3161.11
213.819	3307.87
214.478	3299.56
215.134	3288.94
215.792	3288.55
216.451	3252.34
217.107	3262.93
217.765	3261.15
218.421	3260.45
219.079	3244.01
219.735	3285.11
220.391	3291.71
221.049	3174.11
221.704	3195.11
222.362	3225.11
223.018	3304.11
223.675	3292.11
224.331	3307.11
224.989	3286.11
225.644	3246.11
226.3	3293.11
226.957	3249.11
227.612	3255.11
228.268	3385.11
228.925	3291.11
229.58	3176.11
230.235	3330.11
230.893	3240.11
231.548	3217.11
232.203	3273.11
232.86	3367.11
233.515	3331.11
234.17	3225.11
234.827	3265.11
235.481	3208.11
236.136	3251.11
236.791	3222.11
237.448	3251.11
238.102	3298.11
238.757	3160.11
239.411	3203.11
240.066	3268.11
240.722	3199.11
241.377	3235.11
242.031	3267.11
242.685	3294.11
243.339	3223.11
243.993	3304.11
244.648	3277.11
245.304	3208.11
245.958	3210.11
246.612	3240.11
247.266	3214.11
247.92	3330.11
248.574	3236.11
249.227	3184.11
249.881	3141.11
250.535	3230.11
251.189	3277.11
251.842	3259.11
252.496	3284.11
253.149	3281.11
253.803	3191.11
254.456	3258.11
255.11	3183.11
255.763	3274.11
256.416	3222.11
257.07	3186.11
257.723	3180.11
258.376	3275.11
259.029	3222.11
259.682	3211.11
260.335	3124.11
260.988	3280.11
261.641	3235.11
262.294	3180.11
262.947	3205.11
263.598	3202.11
264.251	3233.11
264.903	3203.11
265.556	3261.11
266.209	3168.11
266.861	3203.11
267.512	3229.11
268.164	3191.11
268.817	3214.11
269.469	3109.11
270.121	3254.11
270.772	3175.11
271.424	3206.11
272.076	3178.11
272.728	3156.11
273.378	3287.11
274.03	3210.11
274.682	3239.11
275.332	3194.11
275.984	3244.11
276.636	3281.11
277.288	3291.11
277.938	3155.11
278.59	3189.11
279.239	3316.11
279.891	3295.11
280.542	3222.11
281.192	3242.11
281.843	3260.11
282.495	3198.11
283.144	3144.11
283.796	3284.11
284.445	3249.11
285.096	3239.11
285.745	3239.11
286.397	3162.11
287.048	3262.11
287.697	3263.11
288.348	3180.11
288.997	3203.11
289.648	3153.11
290.297	3297.11
290.948	3234.11
291.596	3243.11
292.247	3266.11
292.896	3226.11
293.544	3198.11
294.195	3237.11
294.844	3254.11
295.494	3160.11
296.143	3210.11
296.793	3241.11
297.441	3207.11
298.09	3253.11
298.74	3271.11
299.388	3287.11
300.036	3253.11
300.687	3206.11
301.335	3278.11
301.983	3244.11
302.633	3264.11
303.281	3181.11
303.929	3219.11
304.579	3190.11
305.227	3214.11
305.874	3266.11
306.522	3281.11
307.172	3291.11
307.819	3254.11
308.467	3241.11
309.114	3271.11
309.764	3206.11
310.412	3217.11
311.059	3214.11
311.706	3310.11
312.354	3274.11
313.003	3262.11
313.65	3252.11
314.297	3157.11
314.944	3261.11
315.592	3195.11
316.239	3263.11
316.886	3293.11
317.535	3303.11
318.182	3325.11
318.828	3226.11
319.475	3214.11
320.122	3245.11
320.769	3366.11
321.415	3326.11
322.062	3334.11
322.709	3322.11
323.355	3344.11
324.002	3312.11
324.648	3350.11
325.294	3295.11
325.941	3378.11
326.587	3316.11
327.233	3324.11
327.88	3276.11
328.526	3243.11
329.172	3327.11
329.818	3304.11
330.464	3329.11
331.11	3287.11
331.754	3280.11
332.4	3366.11
333.046	3298.11
333.692	3272.11
334.337	3239.11
334.983	3298.11
335.629	3330.11
336.275	3227.11
336.918	3365.11
337.564	3377.11
338.209	3352.11
338.855	3373.11
339.5	3334.11
340.143	3343.11
340.789	3451.11
341.434	3391.11
342.079	3430.11
342.722	3420.11
343.367	3459.11
344.012	3332.11
344.658	3385.11
345.3	3391.11
345.945	3296.11
346.59	3349.11
347.233	3368.11
347.878	3414.11
348.523	3367.11
349.165	3370.11
349.81	3309.11
350.455	3350.11
351.097	3372.11
351.742	3404.11
352.384	3378.11
353.029	3412.11
353.673	3313.11
354.315	3407.11
354.96	3375.11
355.602	3370.11
356.246	3409.11
356.888	3351.11
357.533	3404.11
358.175	3556.11
358.819	3462.11
359.461	3544.11
360.105	3405.11
360.746	3380.11
361.39	3426.11
362.032	3463.11
362.676	3441.11
363.318	3465.11
363.961	3429.11
364.603	3508.11
365.247	3486.11
365.888	3417.11
366.529	3458.11
367.173	3410.11
367.814	3494.11
368.456	3591.11
369.099	3397.11
369.74	3393.11
370.381	3432.11
371.025	3577.11
371.666	3485.11
372.307	3421.11
372.95	3509.11
373.591	3524.11
374.232	3441.11
374.875	3485.11
375.516	3384.11
376.156	3556.11
376.797	3408.11
377.44	3553.11
378.081	3553.11
378.721	3452.11
379.362	3552.11
380.002	3538.11
380.645	3553.11
381.285	3513.11
381.926	3536.11
382.566	3482.11
383.206	3561.11
383.847	3526.11
384.489	3535.11
385.129	3478.11
385.769	3597.11
386.409	3525.11
387.049	3546.11
387.689	3549.11
388.329	3578.11
388.969	3629.11
389.609	3578.11
390.249	3629.11
390.889	3611.11
391.528	3565.11
392.168	3646.11
392.81	3655.11
393.449	3613.11
394.089	3657.11
394.726	3613.11
395.366	3588.11
396.005	3606.11
396.645	3670.11
397.284	3589.11
397.923	3671.11
398.562	3687.11
399.202	3602.11
399.841	3654.11
400.48	3666.11
401.119	3665.11
401.758	3644.11
402.397	3606.11
403.034	3688.11
403.673	3608.11
404.311	3647.11
404.95	3819.11
405.589	3718.11
406.228	3702.11
406.864	3805.11
407.503	3708.11
408.142	3725.11
408.78	3828.11
409.419	3707.11
410.055	3623.11
410.693	3740.11
411.332	3787.11
411.968	3732.11
412.606	3794.11
413.244	3877.11
413.883	3768.11
414.519	3770.11
415.157	3934.11
415.795	3852.11
416.431	3866.11
417.069	3792.11
417.707	3825.11
418.342	3907.11
418.98	3892.11
419.616	3878.11
420.254	3938.11
420.891	3824.11
421.527	3878.11
422.165	3918.11
422.8	3864.11
423.438	3904.11
424.075	3936.11
424.71	3918.11
425.348	3853.11
425.983	3832.11
426.62	3988.11
427.256	4017.11
427.893	3946.11
428.528	3961.11
429.165	4024.11
429.8	4038.11
430.435	3922.11
431.072	3995.11
431.707	4075.11
432.344	3976.11
432.979	4056.11
433.615	4118.11
434.25	4106.11
434.885	4054.11
435.521	4118.11
436.156	4030.11
436.79	4122.11
437.427	4014.11
438.061	4013.11
438.696	4047.11
439.332	4173.11
439.967	4054.11
440.601	4077.11
441.237	4158.11
441.871	4060.11
442.505	4191.11
443.142	4180.11
443.776	4237.11
444.41	4192.11
445.044	4223.11
445.678	4253.11
446.314	4199.11
446.947	4257.11
447.581	4239.11
448.215	4292.11
448.849	4285.11
449.484	4207.11
450.118	4290.11
450.752	4212.11
451.385	4261.11
452.018	4246.11
452.652	4419.11
453.285	4208.11
453.921	4239.11
454.554	4321.11
455.187	4224.11
455.821	4405.11
456.454	4281.11
457.087	4398.11
457.72	4414.11
458.353	4332.11
458.986	4316.11
459.619	4406.11
460.252	4279.11
460.885	4384.11
461.518	4280.11
462.15	4354.11
462.783	4298.11
463.416	4266.11
464.048	4360.11
464.681	4350.11
465.314	4266.11
465.946	4315.11
466.579	4388.11
467.209	4433.11
467.841	4319.11
468.474	4394.11
469.106	4360.11
469.738	4506.11
470.371	4490.11
471.003	4477.11
471.633	4436.11
472.265	4520.11
472.897	4502.11
473.529	4421.11
474.161	4486.11
474.791	4477.11
475.423	4492.11
476.054	4412.11
476.686	4526.11
477.318	4382.11
477.948	4438.11
478.579	4403.11
479.211	4355.11
479.84	4363.11
480.472	4372.11
481.103	4428.11
481.733	4341.11
482.364	4474.67
482.996	4447.56
483.625	4454.42
484.256	4533.43
484.887	4560.87
485.516	4434.76
486.148	4342.73
486.779	4432.49
487.408	4292.12
488.039	4386.27
488.668	4513.81
489.298	4440.28
489.927	4400.31
490.558	4462.45
491.187	4389.37
491.818	4404.91
492.446	4429.96
493.077	4428.51
493.705	4371.56
494.336	4351.01
494.964	4351.24
495.595	4330.86
496.223	4316.2
496.854	4325.92
497.482	4263.12
498.112	4290.88
498.741	4268.37
499.371	4139.44
499.999	4185.86
500.627	4134.86
501.257	4203.09
501.885	4184.34
502.513	4168.41
503.143	4192.08
503.771	4043.55
504.399	4037.98
505.029	4082.73
505.656	4070.84
506.284	4004.65
506.914	3967.46
507.541	4088.06
508.169	4058.6
508.796	3940.62
509.426	3961.34
510.054	3886.73
510.681	3822.54
511.308	3926.5
511.938	3874.82
512.565	3851.61
513.192	3865.84
513.819	3783.19
514.446	3841.75
515.076	3717.44
515.703	3764.76
516.33	3726.07
516.957	3796.07
517.584	3700.58
518.21	3724.33
518.837	3585.21
519.464	3632.11
520.093	3653.44
520.72	3612.71
521.346	3508.49
521.973	3486.54
522.6	3512.24
523.226	3465.33
523.853	3402.79
524.479	3373.9
525.105	3424.2
525.732	3431.78
526.358	3492.08
526.984	3396.03
527.611	3374.17
528.237	3324.55
528.863	3266.59
529.489	3265.88
530.115	3274.34
530.741	3324.91
531.365	3257.32
531.991	3334.15
532.617	3315.78
533.243	3216.51
533.869	3267.9
534.495	3261.82
535.12	3213.57
535.746	3074.98
536.369	3182.35
536.995	3072.47
537.621	3134.78
538.246	3030.24
538.872	3021.76
539.495	3102.37
540.12	3070.38
540.746	2997.92
541.371	3110.97
541.994	3113.83
542.62	3046.51
543.245	2988.17
543.87	3060.45
544.493	3018.78
545.118	3015.46
545.743	3039.26
546.366	3040.83
546.991	2967.04
547.616	2965.08
548.238	2896.07
548.863	3011.62
549.488	2991.39
550.111	2864.6
550.735	2930.15
551.36	2960.23
551.982	2936.43
552.607	2918.02
553.229	2888.17
553.854	2940.24
554.476	2836.1
555.101	2884.03
555.723	2858.45
556.347	2822.19
556.969	2866.1
557.594	2873.07
558.216	2799.06
558.84	2902.9
559.462	2874.89
560.086	2810.51
560.708	2831.21
561.332	2810.9
561.954	2816.08
562.578	2771.93
563.199	2705.66
563.821	2799.17
564.445	2802.44
565.066	2740.63
565.69	2759.65
566.312	2710.52
566.933	2723.02
567.557	2691.2
568.178	2716.49
568.799	2707.06
569.423	2727.12
570.044	2674.62
570.665	2671.26
571.289	2675.11
571.91	2707.51
572.531	2679.52
573.152	2688.97
573.775	2604.3
574.396	2614.87
575.017	2613.26
575.638	2624.1
576.261	2601.18
576.882	2579.07
577.503	2574.52
578.123	2473.72
578.744	2508.42
579.365	2615.74
579.987	2528.86
580.608	2520.19
581.229	2509.26
581.849	2527
582.47	2573.9
583.09	2549.99
583.71	2544.62
584.331	2538.52
584.951	2498.04
585.571	2448.04
586.194	2396.8
586.814	2371.01
587.434	2429.68
588.054	2419.12
588.674	2394.18
589.294	2367.13
589.914	2359.78
590.534	2350.67
591.154	2360.94
591.774	2351.6
592.391	2116.75
593.011	2127.58
593.631	2147.21
594.25	2191.36
594.87	2280.77
595.49	2274.6
596.109	2302.38
596.729	2309.08
597.348	2263.34
597.967	2317.93
598.585	2300.61
599.204	2248.55
599.823	2281.9
600.443	2259.57
601.062	2284.47
601.681	2248.65
602.298	2266.13
602.917	2251.72
603.536	2227.83
604.155	2226.87
604.772	2171.2
605.391	2239.88
606.01	2242.25
606.629	2171.75
607.245	2172.94
607.864	2109.32
608.483	2151.69
609.099	2126.35
609.718	2099.27
610.337	2055.21
610.953	2057.04
611.572	2130.62
612.19	2152.59
612.806	2161.35
613.425	2126.43
614.043	2168.65
614.659	2012.27
615.278	2077.48
615.894	2072.98
616.512	2022.85
617.128	2027.51
617.746	2065.97
618.364	1993.51
618.98	2063.72
619.598	1935.67
620.214	2043.96
620.832	1987.92
621.448	2012.62
622.065	2008.85
622.681	1984.77
623.297	1970.82
623.914	1925.76
624.53	1880.61
625.148	1935.41
625.763	1930.93
626.381	1984.6
626.996	1959.74
627.611	1970.37
628.229	2000.24
628.844	1974.65
629.459	1929.82
630.076	1939.59
630.692	1926.5
631.307	1925.27
631.924	1893
632.539	1932.56
633.154	1919.36
633.771	1895.07
634.386	1904.96
635.001	1854.22
635.615	1896.34
636.232	1882.06
636.847	1925.5
637.462	1848.06
638.076	1851.58
638.693	1874.5
639.308	1737.68
639.922	1780.96
640.537	1848.43
641.151	1846.34
641.768	1783.29
642.382	1786.02
642.996	1853.71
643.611	1842.13
644.225	1848.14
644.839	1826.06
645.453	1813.61
646.067	1801.6
646.681	1815.07
647.295	1818.58
647.912	1823.24
648.526	1791.98
649.139	1791.05
649.753	1776.77
650.367	1804.24
650.981	1740.71
651.595	1725.13
652.208	1779.52
652.822	1737.64
653.436	1838.74
654.049	1836.85
654.663	1800.85
655.274	1789.89
655.459	1786.89
656.081	1793.89
656.703	1752.89
657.323	1828.89
657.945	1759.89
658.567	1818.89
659.187	1767.89
659.809	1765.89
660.43	1714.89
661.05	1761.89
661.672	1816.89
662.293	1781.89
662.913	1784.89
663.534	1792.89
664.154	1745.89
664.775	1811.89
665.397	1745.82
666.016	1745.44
666.637	1744.62
667.257	1742.7
667.878	1741.36
668.497	1734.64
669.118	1722.5
669.737	1721.65
670.358	1718.31
670.977	1727.24
671.598	1730.37
672.217	1727.66
672.838	1725.65
673.457	1723.4
674.078	1680.89
674.696	1719.89
675.317	1754.89
675.936	1789.89
676.554	1782.89
677.175	1697.89
677.794	1668.89
678.414	1757.89
679.033	1764.89
679.651	1768.89
680.271	1699.89
680.89	1719.89
681.508	1740.89
682.128	1771.89
682.746	1742.89
683.365	1769.89
683.985	1737.89
684.603	1700.89
685.221	1713.89
685.839	1759.89
686.459	1659.89
687.077	1697.89
687.695	1697.89
688.312	1671.89
688.932	1658.89
689.55	1669.89
690.168	1631.89
690.785	1716.89
691.403	1678.89
692.023	1663.89
692.64	1677.89
693.258	1691.89
693.875	1640.89
694.492	1698.89
695.11	1662.89
695.729	1666.89
696.346	1698.89
696.964	1641.89
697.581	1698.89
698.198	1648.89
698.815	1642.89
699.432	1665.89
700.049	1685.89
700.666	1702.89
701.283	1720.89
701.9	1728.89
702.517	1608.89
703.134	1627.89
703.75	1697.89
704.367	1640.89
704.984	1682.89
705.6	1664.89
706.217	1603.89
706.834	1633.89
707.45	1656.89
708.067	1645.89
708.683	1647.89
709.299	1666.89
709.916	1612.89
710.532	1603.89
711.148	1637.89
711.765	1633.89
712.379	1609.89
712.995	1622.89
713.611	1648.89
714.227	1651.89
714.843	1633.89
715.459	1636.89
716.075	1592.89
716.689	1678.89
717.305	1585.89
717.921	1645.89
718.536	1591.89
719.15	1614.89
719.766	1560.89
720.381	1612.89
720.997	1590.89
721.611	1587.89
722.226	1618.89
722.842	1643.89
723.457	1627.89
724.07	1630.89
724.686	1569.89
725.301	1597.89
725.914	1602.89
726.53	1627.89
727.145	1631.89
727.758	1583.89
728.373	1597.89
728.988	1618.89
729.601	1557.89
730.216	1592.89
730.829	1595.89
731.444	1571.89
732.059	1605.89
732.672	1573.89
733.286	1616.89
733.899	1636.89
734.514	1527.89
735.126	1659.89
735.741	1664.89
736.354	1592.89
736.968	1570.89
737.581	1593.89
738.195	1554.89
738.807	1571.89
739.422	1576.89
740.034	1587.89
740.648	1570.89
741.261	1614.89
741.873	1593.89
742.487	1580.89
743.099	1595.89
743.713	1574.89
744.325	1554.89
744.937	1630.89
745.551	1582.89
746.163	1590.89
746.777	1586.89
747.389	1567.89
748	1627.89
748.614	1552.89
749.226	1550.89
749.838	1606.89
750.449	1629.89
751.063	1588.89
751.674	1591.89
752.286	1575.89
752.899	1562.89
753.511	1601.89
754.122	1593.89
754.733	1577.89
755.347	1587.89
755.958	1576.89
756.569	1562.89
757.18	1591.89
757.791	1579.89
758.402	1557.89
759.015	1562.89
759.626	1545.89
760.237	1562.89
760.848	1536.89
761.459	1581.89
762.07	1607.89
762.681	1550.89
763.294	1503.89
763.904	1565.89
764.515	1605.89
765.126	1558.89
765.736	1577.89
766.347	1610.89
766.957	1557.89
767.568	1534.89
768.178	1594.89
768.788	1538.89
769.399	1585.89
770.009	1591.89
770.619	1603.89
771.229	1552.89
771.84	1590.89
772.45	1605.89
773.06	1591.89
773.67	1573.89
774.28	1573.89
774.89	1596.89
775.5	1569.89
776.108	1634.89
776.717	1612.89
777.327	1551.89
777.937	1540.89
778.547	1639.89
779.156	1588.89
779.766	1591.89
780.374	1562.89
780.983	1629.89
781.593	1579.89
782.202	1501.89
782.812	1629.89
783.421	1587.89
784.028	1560.89
784.638	1671.89
785.247	1603.89
785.856	1565.89
786.463	1486.89
787.073	1559.89
787.682	1605.89
788.289	1575.89
788.898	1590.89
789.507	1550.89
790.116	1569.89
790.722	1558.89
791.331	1546.89
791.94	1537.89
792.547	1511.89
793.156	1574.89
793.762	1527.89
794.371	1534.89
794.98	1582.89
795.586	1562.89
796.195	1523.89
796.801	1582.89
797.41	1543.89
798.018	1548.89
798.624	1551.89
799.233	1562.89
799.839	1511.89
800.447	1558.89
801.054	1486.89
801.662	1477.89
802.268	1557.89
802.876	1499.89
803.482	1566.89
804.09	1531.89
804.696	1485.89
805.304	1498.89
805.91	1504.89
806.516	1548.89
807.123	1469.89
807.729	1452.89
808.337	1530.89
808.943	1494.89
809.548	1476.89
810.156	1480.89
810.761	1495.89
811.367	1520.89
811.974	1490.89
812.58	1487.89
813.185	1447.89
813.792	1496.89
814.398	1493.89
815.003	1438.89
815.61	1464.89
816.216	1455.89
816.821	1375.89
817.426	1388.89
818.033	1429.89
818.638	1369.89
819.243	1431.89
819.848	1424.89
820.455	1426.89
821.06	1412.89
821.664	1434.89
822.269	1422.89
822.874	1464.89
823.479	1438.89
824.085	1395.89
824.69	1425.89
825.294	1338.89
825.899	1400.89
826.504	1467.89
827.108	1392.89
827.712	1423.89
828.317	1321.89
828.921	1343.89
829.527	1377.89
830.132	1378.89
830.736	1437.89
831.34	1339.89
831.944	1421.89
832.548	1393.89
833.152	1395.89
833.756	1361.89
834.36	1364.89
834.964	1392.89
835.568	1405.89
836.172	1422.89
836.776	1363.89
837.38	1343.89
837.981	1352.89
838.585	1297.89
839.189	1364.89
839.792	1354.89
840.396	1316.89
841	1361.89
841.603	1337.89
842.206	1408.89
842.81	1377.89
843.411	1375.89
844.015	1432.89
844.618	1400.89
845.221	1392.89
845.824	1373.89
846.425	1401.89
847.029	1339.89
847.632	1408.89
848.235	1380.89
848.838	1327.89
849.439	1371.89
850.042	1420.89
850.645	1389.89
851.245	1407.89
851.848	1392.89
852.451	1422.89
853.054	1399.89
853.654	1403.89
854.257	1381.89
854.86	1414.89
855.46	1476.89
856.063	1382.89
856.665	1385.89
857.266	1403.89
857.868	1430.89
858.469	1410.89
859.071	1420.89
859.673	1418.89
860.273	1421.89
860.876	1428.89
861.476	1478.89
862.078	1431.89
862.678	1413.89
863.28	1430.89
863.88	1424.89
864.482	1429.89
865.082	1441.89
865.684	1428.89
866.284	1468.89
866.886	1454.89
867.485	1502.89
868.087	1426.89
868.687	1475.89
869.289	1524.89
869.888	1483.89
870.488	1476.89
871.089	1496.89
871.689	1534.89
872.29	1488.89
872.89	1472.89
873.489	1498.89
874.09	1510.89
874.69	1510.89
875.289	1505.89
875.89	1495.89
876.489	1476.89
877.088	1541.89
877.69	1514.89
878.289	1554.89
878.888	1500.89
879.486	1541.89
880.087	1543.89
880.686	1503.89
881.285	1570.89
881.884	1531.89
882.485	1551.89
883.084	1586.89
883.682	1530.89
884.281	1562.89
884.879	1556.89
885.478	1549.89
886.079	1586.89
886.677	1602.89
887.276	1580.89
887.874	1548.89
888.472	1592.89
889.071	1610.89
889.669	1573.89
890.267	1569.89
890.868	1571.89
891.466	1623.89
892.064	1622.89
892.662	1645.89
893.26	1603.89
893.858	1608.89
894.456	1602.89
895.054	1625.89
895.652	1653.89
896.25	1606.89
896.848	1602.89
897.445	1628.89
898.043	1679.89
898.641	1605.89
899.239	1643.89
899.836	1610.89
900.434	1633.89
901.029	1641.89
901.627	1682.89
902.224	1729.89
902.822	1659.89
903.419	1622.89
904.016	1667.89
904.614	1669.89
905.211	1614.89
905.806	1629.89
906.404	1610.89
907.001	1638.89
907.598	1673.89
908.195	1667.89
908.79	1712.89
909.387	1662.89
909.984	1738.89
910.581	1717.89
911.178	1667.89
911.773	1671.89
912.369	1682.89
912.966	1683.89
913.561	1673.89
914.157	1677.89
914.754	1659.89
915.351	1712.89
915.945	1686.89
916.542	1742.89
917.136	1728.89
917.733	1690.89
918.329	1703.89
918.924	1750.89
919.52	1738.89
920.116	1799.89
920.71	1743.89
921.307	1741.89
921.901	1769.89
922.497	1745.89
923.091	1704.89
923.687	1712.89
924.283	1728.89
924.877	1754.89
925.473	1773.89
926.067	1753.89
926.663	1736.89
927.257	1749.89
927.853	1767.89
928.446	1738.89
929.04	1764.89
929.636	1796.89
930.229	1746.89
930.825	1767.89
931.418	1770.89
932.014	1716.89
932.607	1739.89
933.201	1771.89
933.796	1694.89
934.39	1793.89
934.985	1784.89
935.578	1730.89
936.171	1819.89
936.767	1762.89
937.36	1748.89
937.953	1793.89
938.546	1805.89
939.141	1763.89
939.734	1768.89
940.327	1779.89
940.922	1750.89
941.515	1832.89
942.108	1773.89
942.7	1795.89
943.293	1837.89
943.888	1774.89
944.481	1770.89
945.073	1801.89
945.666	1759.89
946.258	1728.89
946.853	1759.89
947.445	1799.89
948.038	1841.89
948.63	1850.89
949.223	1782.89
949.815	1783.89
950.407	1802.89
951	1789.89
951.594	1754.89
952.186	1789.83
952.778	1809.54
953.37	1865.41
953.962	1818.86
954.554	1778.03
955.146	1820.94
955.738	1841.45
956.33	1845.74
956.922	1816.78
957.514	1850.68
958.106	1842.28
958.698	1824.53
959.289	1834.74
959.881	1815.5
960.473	1749.85
961.064	1742.19
961.654	1782.16
962.245	1842.84
962.837	1847.37
963.428	1809.63
964.02	1821.73
964.611	1795.11
965.202	1798.34
965.794	1786.37
966.383	1830.74
966.974	1808.64
967.565	1769.82
968.157	1812.09
968.748	1807.37
969.337	1831.87
969.928	1746.9
970.519	1850.95
971.11	1770.34
971.699	1768.29
972.289	1786.55
972.88	1794.68
973.471	1736.31
974.06	1756.64
974.651	1782.97
975.241	1791.68
975.83	1765.43
976.42	1817.88
977.011	1772.27
977.6	1807.39
978.19	1844.03
978.781	1802.17
979.369	1834
979.959	1842.59
980.55	1834.47
981.138	1812.09
981.728	1750.13
982.316	1817.93
982.907	1823.44
983.495	1767.55
984.085	1811.56
984.673	1756.26
985.263	1780.71
985.851	1813.28
986.441	1840.82
987.029	1783.72
987.619	1811.41
988.206	1757.85
988.796	1736.86
989.384	1803.94
989.974	1779.69
990.561	1817.1
991.151	1820.82
991.739	1809.17
992.326	1776.47
992.916	1774.63
993.503	1805.29
994.093	1777.59
994.68	1798.9
995.267	1786.6
995.857	1806.96
996.444	1739.44
997.031	1752.42
997.621	1778.37
998.208	1747.97
998.795	1759.36
999.382	1783.34
999.971	1772.65
1000.56	1758.25
1001.15	1810.16
1001.73	1749.57
1002.32	1740.84
1002.91	1764.77
1003.49	1737.74
1004.08	1768.06
1004.67	1774.37
1005.26	1784.32
1005.84	1734
1006.43	1751
1007.02	1789.51
1007.6	1782.89
1008.19	1769.86
1008.78	1764.09
1009.37	1773.6
1009.95	1737.34
1010.54	1783
1011.12	1783.66
1011.71	1715.32
1012.3	1754.99
1012.88	1721.4
1013.47	1733.03
1014.06	1752.37
1014.64	1745.68
1015.23	1692.39
1015.81	1722.98
1016.4	1763.42
1016.99	1733.63
1017.57	1756.22
1018.16	1703.04
1018.74	1766.47
1019.33	1739.65
1019.91	1778.07
1020.5	1702.65
1021.09	1752.55
1021.67	1728
1022.26	1726.82
1022.84	1724.77
1023.43	1755.1
1024.01	1735.19
1024.6	1747.17
1025.18	1717.7
1025.77	1714.88
1026.35	1737.22
1026.94	1758.43
1027.52	1687.67
1028.11	1682.61
1028.69	1709.63
1029.28	1699.82
1029.86	1684.19
1030.45	1671.62
1031.03	1667.24
1031.61	1691.38
1032.2	1697.03
1032.78	1693.94
1033.37	1689.24
1033.95	1706.88
1034.54	1709.72
1035.12	1701.17
1035.7	1682.32
1036.29	1670.58
1036.87	1741.77
1037.46	1644.35
1038.04	1610.62
1038.62	1627.56
1039.21	1627.43
1039.79	1667.53
1040.38	1639.71
1040.96	1650.15
1041.54	1630.13
1042.13	1636.19
1042.71	1663.35
1043.29	1621.79
1043.88	1646.3
1044.46	1632.2
1045.04	1600.12
1045.63	1616.56
1046.21	1666
1046.79	1634.82
1047.37	1632.5
1047.96	1597.35
1048.54	1616.91
1049.12	1597.48
1049.71	1601.72
1050.29	1532.69
1050.87	1608.05
1051.45	1599.88
1052.04	1590.06
1052.62	1573.73
1053.2	1570.94
1053.78	1567.66
1054.36	1579.37
1054.95	1585.16
1055.53	1588.54
1056.11	1585.85
1056.69	1589.43
1057.28	1542.97
1057.86	1589.24
1058.44	1606.19
1059.02	1581.59
1059.6	1541.7
1060.18	1577.37
1060.77	1556.33
1061.35	1568.87
1061.93	1607.85
1062.51	1616.66
1063.09	1578.85
1063.67	1560.64
1064.25	1589.66
1064.83	1541.8
1065.42	1570.14
1066	1568.38
1066.58	1533.28
1067.16	1597.04
1067.74	1539.01
1068.32	1558.72
1068.9	1552.45
1069.48	1532.46
1070.06	1585.63
1070.64	1480.85
1071.22	1554.52
1071.81	1559.62
1072.39	1535.29
1072.97	1574.07
1073.55	1555.68
1074.13	1539.67
1074.71	1534.77
1075.29	1533.4
1075.87	1530.81
1076.45	1505.98
1077.03	1521.15
1077.61	1494.35
1078.19	1492
1078.77	1517.93
1079.35	1471.55
1079.93	1491.81
1080.51	1492.4
1081.09	1490.84
1081.67	1511.77
1082.24	1498.75
1082.82	1498.7
1083.4	1469.68
1083.98	1453.24
1084.56	1482.32
1085.14	1463.58
1085.72	1468.08
1086.3	1449.17
1086.88	1462.13
1087.46	1463.11
1088.03	1537.24
1088.61	1533.41
1089.19	1481.38
1089.77	1468.16
1090.35	1411.14
1090.93	1547.52
1091.51	1474.26
1092.09	1455.97
1092.66	1435.65
1093.24	1462.75
1093.82	1395.11
1094.4	1437.28
1094.98	1462.33
1095.56	1463.28
1096.13	1414.02
1096.71	1421.27
1097.29	1367.59
1097.87	1349.29
1098.45	1331.53
1099.02	1350.58
1099.6	1356.69
1100.18	1434.97
1100.76	1362.93
1101.28	1324.93
1101.86	1333.93
1102.45	1381.93
1103.03	1445.93
1103.62	1419.93
1104.21	1371.93
1104.79	1440.93
1105.38	1403.93
1105.96	1394.93
1106.55	1336.93
1107.13	1369.93
1107.72	1381.93
1108.3	1393.93
1108.89	1399.93
1109.48	1385.93
1110.06	1354.93
1110.65	1352.93
1111.23	1387.93
1111.82	1400.93
1112.4	1373.93
1112.99	1350.93
1113.57	1331.93
1114.16	1429.93
1114.74	1363.93
1115.33	1335.93
1115.91	1382.93
1116.49	1370.93
1117.08	1314.93
1117.66	1350.93
1118.25	1380.93
1118.83	1367.93
1119.42	1341.93
1120	1338.93
1120.59	1305.93
1121.17	1347.93
1121.76	1336.93
1122.34	1325.93
1122.92	1290.93
1123.51	1259.93
1124.09	1277.93
1124.67	1287.53
1125.26	1285.63
1125.84	1282.2
1126.43	1281.74
1127.01	1264.38
1127.59	1262.98
1128.18	1260.07
1128.76	1257.81
1129.34	1266.08
1129.93	1120.93
1130.51	1126.93
1131.09	1173.93
1131.68	1214.93
1132.26	1215.93
1132.84	1278.93
1133.43	1287.93
1134.01	1260.93
1134.59	1243.93
1135.17	1182.93
1135.76	1233.93
1136.34	1257.93
1136.92	1239.93
1137.51	1282.93
1138.09	1235.93
1138.67	1257.93
1139.25	1197.93
1139.83	1209.93
1140.42	1226.93
1141	1204.93
1141.58	1221.93
1142.16	1198.93
1142.75	1226.93
1143.33	1231.93
1143.91	1211.93
1144.49	1210.93
1145.07	1205.93
1145.66	1191.93
1146.24	1187.93
1146.82	1155.93
1147.4	1217.93
1147.98	1176.93
1148.56	1134.93
1149.15	1200.93
1149.73	1191.93
1150.31	1125.93
1150.89	1135.93
1151.47	1165.93
1152.05	1133.93
1152.63	1146.93
1153.21	1163.93
1153.8	1173.93
1154.38	1131.93
1154.96	1105.93
1155.54	1182.93
1156.12	1149.93
1156.7	1114.93
1157.28	1141.93
1157.86	1094.93
1158.44	1097.93
1159.02	1166.93
1159.6	1143.93
1160.18	1102.93
1160.76	1094.93
1161.34	1032.93
1161.92	1112.93
1162.5	1079.93
1163.08	1062.93
1163.66	1126.93
1164.24	1146.93
1164.82	1093.93
1165.4	1146.93
1165.98	1105.93
1166.56	1027.93
1167.14	1067.93
1167.72	1059.93
1168.3	1106.93
1168.88	1088.93
1169.46	1059.93
1170.04	1117.93
1170.62	1081.93
1171.2	1065.93
1171.78	1017.93
1172.36	993.933
1172.94	1090.93
1173.52	982.933
1174.1	1017.93
1174.67	1020.93
1175.25	1045.93
1175.83	976.933
1176.41	954.933
1176.99	967.933
1177.57	991.933
1178.15	998.933
1178.73	1025.93
1179.31	1043.93
1179.88	955.933
1180.46	1002.93
1181.04	978.933
1181.62	975.933
1182.2	1013.93
1182.77	1015.93
1183.35	971.933
1183.93	1010.93
1184.51	973.933
1185.09	961.933
1185.67	974.933
1186.24	957.933
1186.82	949.933
1187.4	970.933
1187.98	934.933
1188.55	921.933
1189.13	935.933
1189.71	959.933
1190.29	949.933
1190.86	921.933
1191.44	884.933
1192.02	898.933
1192.6	929.933
1193.17	945.933
1193.75	900.933
1194.33	922.933
1194.91	932.933
1195.48	901.933
1196.06	894.933
1196.64	917.933
1197.21	891.933
1197.79	906.933
1198.37	901.933
1198.94	890.933
1199.52	871.933
1200.1	864.933
1200.67	854.933
1201.25	861.933
1201.83	887.933
1202.4	846.933
1202.98	866.933
1203.55	896.933
1204.13	802.933
1204.71	826.933
1205.28	821.933
1205.86	831.933
1206.44	826.933
1207.01	875.933
1207.59	837.933
1208.16	837.933
1208.74	833.933
1209.31	829.933
1209.89	750.933
1210.47	825.933
1211.04	790.933
1211.62	809.933
1212.19	800.933
1212.77	786.933
1213.34	812.933
1213.92	795.933
1214.49	747.933
1215.07	764.933
1215.64	787.933
1216.22	838.933
1216.79	814.933
1217.37	774.933
1217.94	770.933
1218.52	797.933
1219.09	790.933
1219.67	771.933
1220.24	776.933
1220.82	785.933
1221.39	733.933
1221.97	763.933
1222.54	769.933
1223.11	771.933
1223.69	753.933
1224.26	761.933
1224.84	762.933
1225.41	722.933
1225.98	752.933
1226.56	769.933
1227.13	739.933
1227.71	710.933
1228.28	742.933
1228.85	733.933
1229.43	768.933
1230	728.933
1230.57	722.933
1231.15	760.933
1231.72	754.933
1232.3	732.933
1232.87	774.933
1233.44	704.933
1234.01	742.933
1234.59	707.933
1235.16	699.933
1235.73	698.933
1236.31	727.933
1236.88	700.933
1237.45	665.933
1238.03	734.933
1238.6	695.933
1239.17	725.933
1239.74	673.933
1240.32	722.933
1240.89	696.933
1241.46	685.933
1242.03	693.933
1242.61	740.933
1243.18	733.933
1243.75	726.933
1244.32	707.933
1244.9	745.933
1245.47	724.933
1246.04	677.933
1246.61	718.933
1247.18	679.933
1247.76	693.933
1248.33	736.933
1248.9	719.933
1249.47	717.933
1250.04	717.933
1250.62	662.933
1251.19	684.933
1251.76	726.933
1252.33	720.933
1252.9	700.933
1253.47	696.933
1254.04	677.933
1254.61	688.933
1255.19	709.933
1255.76	673.933
1256.33	634.933
1256.9	687.933
1257.47	731.933
1258.04	703.933
1258.61	705.933
1259.18	683.933
1259.75	712.933
1260.32	682.933
1260.9	620.933
1261.47	695.933
1262.04	698.933
1262.61	731.933
1263.18	704.933
1263.75	685.933
1264.32	695.933
1264.89	693.933
1265.46	638.933
1266.03	667.933
1266.6	659.933
1267.17	711.933
1267.74	693.933
1268.31	662.933
1268.88	692.933
1269.45	690.933
1270.02	669.933
1270.59	649.933
1271.16	678.933
1271.73	725.933
1272.3	726.933
1272.87	654.933
1273.44	650.933
1274.01	680.933
1274.58	670.933
1275.15	683.933
1275.71	685.933
1276.28	662.933
1276.85	662.933
1277.42	665.933
1277.99	654.933
1278.56	673.933
1279.13	696.933
1279.7	710.933
1280.27	657.933
1280.83	675.933
1281.4	699.933
1281.97	721.933
1282.54	646.933
1283.11	680.933
1283.68	676.933
1284.25	664.933
1284.81	673.933
1285.38	641.933
1285.95	682.933
1286.52	653.933
1287.09	676.933
1287.65	678.933
1288.22	646.933
1288.79	698.933
1289.36	678.933
1289.93	667.933
1290.49	659.933
1291.06	662.933
1291.63	668.933
1292.2	651.933
1292.76	645.933
1293.33	645.933
1293.9	683.933
1294.47	701.933
1295.03	654.933
1295.6	652.933
1296.17	675.933
1296.74	673.933
1297.3	701.933
1297.87	644.933
1298.44	638.933
1299	670.933
1299.57	654.933
1300.14	611.933
1300.7	676.933
1301.27	682.933
1301.84	684.933
1302.4	634.933
1302.97	626.933
1303.54	679.933
1304.1	653.933
1304.67	670.933
1305.24	638.933
1305.8	690.933
1306.37	678.933
1306.94	702.933
1307.5	640.933
1308.07	681.933
1308.64	662.933
1309.2	654.933
1309.77	638.933
1310.33	680.933
1310.9	634.933
1311.46	678.933
1312.03	686.933
1312.6	698.933
1313.16	656.933
1313.73	664.933
1314.29	643.933
1314.86	641.933
1315.42	674.933
1315.99	676.933
1316.55	675.933
1317.12	656.933
1317.68	676.933
1318.25	651.933
1318.81	642.933
1319.38	646.933
1319.94	626.933
1320.51	612.933
1321.07	633.933
1321.64	653.933
1322.2	635.933
1322.77	659.933
1323.33	668.933
1323.9	649.933
1324.46	667.933
1325.02	681.933
1325.59	697.933
1326.15	644.933
1326.72	624.933
1327.28	641.933
1327.85	637.933
1328.41	642.933
1328.98	670.933
1329.54	698.933
1330.1	670.933
1330.67	650.933
1331.23	643.933
1331.79	638.933
1332.36	673.933
1332.92	652.933
1333.48	669.933
1334.05	629.933
1334.61	670.933
1335.18	660.933
1335.74	632.933
1336.3	666.933
1336.87	654.933
1337.43	696.933
1337.99	680.933
1338.56	654.933
1339.12	677.933
1339.68	648.933
1340.24	672.933
1340.81	664.933
1341.37	631.933
1341.93	646.933
1342.5	681.933
1343.06	629.933
1343.62	702.933
1344.18	662.933
1344.75	633.933
1345.31	642.933
1345.87	694.933
1346.43	659.933
1347	695.933
1347.56	633.933
1348.12	645.933
1348.68	654.933
1349.24	620.933
1349.81	633.933
1350.37	695.933
1350.93	667.933
1351.49	620.933
1352.05	696.933
1352.62	654.933
1353.18	638.933
1353.74	654.933
1354.3	621.933
1354.86	658.933
1355.42	678.933
1355.99	683.933
1356.55	675.933
1357.11	668.933
1357.67	633.933
1358.23	669.933
1358.79	684.933
1359.35	645.933
1359.91	602.933
1360.47	654.933
1361.04	646.933
1361.6	643.933
1362.16	654.933
1362.72	643.933
1363.28	662.933
1363.84	632.933
1364.4	654.933
1364.96	645.933
1365.52	648.933
1366.08	622.933
1366.64	664.933
1367.2	670.933
1367.76	638.933
1368.32	586.933
1368.88	673.933
1369.44	667.933
1370	634.933
1370.56	654.933
1371.12	634.933
1371.68	638.933
1372.24	635.933
1372.8	653.933
1373.36	673.933
1373.92	608.933
1374.48	662.933
1375.04	664.933
1375.6	628.933
1376.16	652.933
1376.72	658.933
1377.28	660.933
1377.84	658.933
1378.4	649.933
1378.96	629.933
1379.52	670.933
1380.07	680.933
1380.63	646.933
1381.19	596.933
1381.75	635.933
1382.31	660.933
1382.87	627.933
1383.43	649.933
1383.99	674.933
1384.54	662.933
1385.1	595.933
1385.66	660.933
1386.22	631.933
1386.78	646.933
1387.34	636.933
1387.9	664.933
1388.45	689.933
1389.01	644.933
1389.57	681.933
1390.13	690.933
1390.69	641.933
1391.24	668.933
1391.8	654.933
1392.36	659.933
1392.92	700.933
1393.48	621.933
1394.03	638.933
1394.59	653.933
1395.15	654.933
1395.71	614.933
1396.26	583.933
1396.82	675.933
1397.38	644.933
1397.94	646.933
1398.49	634.933
1399.05	686.933
1399.61	611.933
1400.17	618.933
2600.02	648.285
2600.5	719.285
2600.97	693.285
2601.44	664.285
2601.92	701.285
2602.39	710.285
2602.87	665.285
2603.34	686.285
2603.82	664.285
2604.29	735.285
2604.76	682.285
2605.24	729.285
2605.71	715.285
2606.19	706.285
2606.66	723.285
2607.13	668.285
2607.61	687.285
2608.08	699.285
2608.55	673.285
2609.03	666.285
2609.5	713.285
2609.97	698.285
2610.45	691.285
2610.92	724.285
2611.39	689.285
2611.87	727.285
2612.34	709.285
2612.81	731.285
2613.29	691.285
2613.76	696.285
2614.23	699.285
2614.7	679.285
2615.18	693.285
2615.65	693.285
2616.12	667.285
2616.6	676.285
2617.07	717.285
2617.54	663.285
2618.01	649.285
2618.49	679.285
2618.96	652.285
2619.43	695.285
2619.91	721.285
2620.38	685.285
2620.85	707.285
2621.32	670.285
2621.8	710.285
2622.27	686.285
2622.74	719.285
2623.21	731.285
2623.68	671.285
2624.16	695.285
2624.63	680.285
2625.1	722.285
2625.57	722.285
2626.04	675.285
2626.52	690.285
2626.99	737.285
2627.46	730.285
2627.93	701.285
2628.4	705.285
2628.88	666.285
2629.35	719.285
2629.82	703.285
2630.29	709.285
2630.76	675.285
2631.23	681.285
2631.71	696.285
2632.18	703.285
2632.65	686.285
2633.12	681.285
2633.59	687.285
2634.06	706.285
2634.53	701.285
2635	695.285
2635.48	730.285
2635.95	644.285
2636.42	718.285
2636.89	727.285
2637.36	692.285
2637.83	695.285
2638.3	714.285
2638.77	716.285
2639.24	671.285
2639.71	700.285
2640.18	708.285
2640.65	673.285
2641.13	689.285
2641.6	702.285
2642.07	682.285
2642.54	679.285
2643.01	712.285
2643.48	703.285
2643.95	733.285
2644.42	685.285
2644.89	703.285
2645.36	683.285
2645.83	730.285
2646.3	705.285
2646.77	709.285
2647.24	685.285
2647.71	655.285
2648.18	697.285
2648.65	679.285
2649.12	671.285
2649.59	666.285
2650.06	668.285
2650.53	687.285
2651	681.285
2651.47	700.285
2651.94	671.285
2652.41	659.285
2652.88	701.285
2653.35	689.285
2653.81	706.285
2654.28	684.285
2654.75	690.285
2655.22	700.285
2655.69	703.285
2656.16	662.285
2656.63	677.285
2657.1	682.141
2657.57	682.667
2658.04	671.347
2658.51	671.374
2658.97	671.16
2659.44	670.517
2659.91	670.892
2660.38	681.882
2660.85	685.826
2661.32	685.853
2661.79	685.514
2662.26	685.416
2662.73	702.285
2663.19	681.285
2663.66	702.285
2664.13	703.285
2664.6	661.285
2665.07	656.285
2665.54	695.285
2666	638.285
2666.47	718.285
2666.94	678.285
2667.41	733.285
2667.88	703.285
2668.35	677.285
2668.81	712.285
2669.28	687.285
2669.75	669.285
2670.22	680.285
2670.69	681.285
2671.15	677.285
2671.62	674.285
2672.09	672.285
2672.56	678.285
2673.02	689.285
2673.49	671.285
2673.96	693.285
2674.43	674.285
2674.89	670.285
2675.36	663.285
2675.83	735.285
2676.3	662.285
2676.76	699.285
2677.23	664.285
2677.7	706.285
2678.16	686.285
2678.63	682.285
2679.1	702.285
2679.57	662.285
2680.03	676.285
2680.5	717.285
2680.97	654.285
2681.43	661.285
2681.9	714.285
2682.37	684.285
2682.84	674.285
2683.3	707.285
2683.77	670.285
2684.23	660.285
2684.7	655.285
2685.17	648.285
2685.63	681.285
2686.1	714.285
2686.57	700.285
2687.03	729.285
2687.5	719.285
2687.97	727.285
2688.43	687.285
2688.9	679.285
2689.36	693.285
2689.83	674.285
2690.3	710.285
2690.76	719.285
2691.23	690.285
2691.69	708.285
2692.16	695.285
2692.63	672.285
2693.09	676.285
2693.56	695.285
2694.02	650.285
2694.49	650.285
2694.96	672.293
2695.42	671.722
2695.89	671.901
2696.35	672.177
2696.82	652.285
2697.28	679.285
2697.75	711.285
2698.21	672.285
2698.68	646.285
2699.14	681.285
2699.61	703.285
2700.07	676.285
2700.54	695.285
2701	692.285
2701.47	724.285
2701.93	698.285
2702.4	732.285
2702.86	658.285
2703.33	729.285
2703.79	684.285
2704.26	648.285
2704.72	683.285
2705.19	682.285
2705.65	658.285
2706.12	712.285
2706.58	701.285
2707.05	689.285
2707.51	679.285
2707.98	723.285
2708.44	707.285
2708.9	695.285
2709.37	682.285
2709.83	690.285
2710.3	689.285
2710.76	703.285
2711.23	681.285
2711.69	699.285
2712.15	709.285
2712.62	702.285
2713.08	701.285
2713.55	683.285
2714.01	709.285
2714.47	687.285
2714.94	675.285
2715.4	653.285
2715.86	656.285
2716.33	686.933
2716.79	687.81
2717.25	678.442
2717.72	679.021
2718.18	679.153
2718.65	678.846
2719.11	678.81
2719.57	678.389
2720.04	687.187
2720.5	687.231
2720.96	657.285
2721.42	682.285
2721.89	671.285
2722.35	712.285
2722.81	681.285
2723.28	668.285
2723.74	714.285
2724.2	669.285
2724.67	668.285
2725.13	657.285
2725.59	726.285
2726.06	669.285
2726.52	712.285
2726.98	678.285
2727.44	739.285
2727.91	673.285
2728.37	712.285
2728.83	697.285
2729.29	700.285
2729.76	710.285
2730.22	716.285
2730.68	672.285
2731.14	729.285
2731.6	695.285
2732.07	664.285
2732.53	727.285
2732.99	679.285
2733.45	726.285
2733.92	676.285
2734.38	686.285
2734.84	703.285
2735.3	655.285
2735.76	682.285
2736.22	677.285
2736.69	680.285
2737.15	686.285
2737.61	695.285
2738.07	725.285
2738.53	715.285
2739	758.285
2739.46	734.285
2739.92	708.285
2740.38	690.285
2740.84	638.285
2741.3	698.285
2741.76	654.285
2742.23	699.285
2742.69	715.285
2743.15	739.285
2743.61	681.285
2744.07	700.285
2744.53	686.285
2744.99	697.285
2745.45	684.285
2745.91	670.285
2746.37	676.285
2746.83	719.285
2747.3	710.285
2747.76	700.285
2748.22	731.285
2748.68	714.285
2749.14	706.285
2749.6	688.285
2750.06	674.285
2750.52	725.285
2750.98	664.285
2751.44	670.285
2751.9	712.285
2752.36	702.285
2752.82	688.285
2753.28	713.285
2753.74	712.285
2754.2	714.285
2754.66	697.285
2755.12	674.285
2755.58	649.285
2756.04	715.285
2756.5	681.285
2756.96	709.285
2757.42	672.285
2757.88	724.285
2758.34	702.285
2758.8	671.285
2759.26	662.285
2759.72	693.285
2760.18	698.285
2760.64	705.285
2761.1	732.285
2761.56	717.285
2762.02	682.285
2762.48	679.285
2762.94	690.285
2763.4	641.285
2763.86	690.285
2764.32	687.285
2764.78	686.285
2765.23	695.285
2765.69	706.285
2766.15	684.285
2766.61	676.285
2767.07	678.285
2767.53	703.285
2767.99	658.285
2768.45	732.285
2768.91	715.285
2769.36	666.285
2769.82	656.285
2770.28	710.285
2770.74	699.285
2771.2	700.285
2771.66	713.285
2772.12	701.285
2772.57	717.285
2773.03	665.285
2773.49	684.285
2773.95	690.285
2774.41	726.285
2774.87	662.285
2775.32	695.285
2775.78	681.285
2776.24	714.285
2776.7	685.285
2777.16	704.285
2777.62	669.285
2778.07	699.285
2778.53	735.285
2778.99	681.285
2779.45	687.285
2779.91	706.285
2780.36	660.285
2780.82	697.285
2781.28	684.285
2781.74	733.285
2782.19	723.285
2782.65	695.285
2783.11	687.285
2783.57	678.285
2784.02	672.285
2784.48	723.285
2784.94	738.285
2785.39	692.285
2785.85	701.285
2786.31	686.285
2786.77	666.285
2787.22	698.285
2787.68	671.285
2788.14	658.285
2788.6	666.285
2789.05	710.285
2789.51	717.285
2789.97	714.285
2790.42	715.285
2790.88	653.285
2791.34	671.285
2791.79	703.285
2792.25	672.285
2792.71	678.285
2793.16	740.285
2793.62	707.285
2794.07	684.285
2794.53	707.285
2794.99	692.285
2795.44	687.285
2795.9	698.285
2796.36	670.285
2796.81	701.285
2797.27	664.285
2797.73	677.285
2798.18	698.285
2798.64	730.285
2799.09	735.285
2799.55	687.285
2800.01	674.285
2800.46	747.285
2800.92	687.285
2801.37	695.285
2801.83	719.285
2802.29	695.285
2802.74	734.285
2803.2	688.285
2803.65	674.285
2804.11	693.285
2804.56	710.285
2805.02	705.285
2805.47	706.285
2805.93	710.285
2806.38	690.285
2806.84	684.285
2807.3	685.285
2807.75	726.285
2808.21	677.285
2808.66	711.285
2809.12	718.285
2809.57	733.285
2810.03	714.285
2810.48	657.285
2810.93	708.285
2811.39	727.285
2811.85	694.285
2812.3	709.285
2812.75	695.285
2813.21	708.285
2813.66	732.285
2814.12	656.285
2814.57	693.285
2815.03	714.285
2815.48	695.285
2815.94	729.285
2816.39	668.285
2816.84	700.285
2817.3	676.285
2817.75	685.285
2818.21	690.285
2818.66	738.285
2819.12	689.285
2819.57	697.285
2820.02	706.285
2820.48	697.285
2820.93	703.285
2821.39	687.285
2821.84	696.285
2822.29	710.285
2822.75	673.285
2823.2	754.285
2823.66	664.285
2824.11	714.285
2824.56	711.285
2825.02	683.285
2825.47	686.285
2825.92	712.285
2826.38	695.285
2826.83	701.285
2827.28	678.285
2827.74	712.285
2828.19	689.285
2828.64	727.285
2829.1	656.285
2829.55	662.285
2830	664.285
2830.46	690.285
2830.91	711.285
2831.36	708.285
2831.82	711.285
2832.27	694.285
2832.72	712.285
2833.17	726.285
2833.63	711.285
2834.08	715.285
2834.53	692.285
2834.99	700.285
2835.44	692.285
2835.89	687.285
2836.34	722.285
2836.8	729.285
2837.25	659.285
2837.7	713.285
2838.15	722.285
2838.61	714.285
2839.06	724.285
2839.51	653.285
2839.96	705.285
2840.41	692.285
2840.87	712.285
2841.32	738.285
2841.77	707.285
2842.22	725.285
2842.68	743.285
2843.13	705.285
2843.58	710.285
2844.03	719.285
2844.48	700.285
2844.93	685.285
2845.39	689.285
2845.84	709.285
2846.29	703.285
2846.74	727.285
2847.19	734.285
2847.64	751.285
2848.1	691.285
2848.55	714.285
2849	693.285
2849.45	735.285
2849.9	691.285
2850.35	682.285
2850.8	725.285
2851.25	686.285
2851.71	727.285
2852.16	723.285
2852.61	731.285
2853.06	710.285
2853.51	724.285
2853.96	666.285
2854.41	652.285
2854.86	699.285
2855.31	695.285
2855.76	679.285
2856.21	688.285
2856.66	741.285
2857.12	706.285
2857.57	705.285
2858.02	741.285
2858.47	629.285
2858.92	727.285
2859.37	721.285
2859.82	686.285
2860.27	723.285
2860.72	731.285
2861.17	700.285
2861.62	730.285
2862.07	683.285
2862.52	671.285
2862.97	735.285
2863.42	718.285
2863.87	721.285
2864.32	695.285
2864.77	671.285
2865.22	698.285
2865.67	709.285
2866.12	730.285
2866.57	718.285
2867.02	667.285
2867.47	710.285
2867.92	705.285
2868.37	698.285
2868.82	709.285
2869.27	727.285
2869.72	664.285
2870.17	707.285
2870.61	714.285
2871.06	731.285
2871.51	708.285
2871.96	672.285
2872.41	751.285
2872.86	679.285
2873.31	732.285
2873.76	701.285
2874.21	697.285
2874.66	682.285
2875.11	703.285
2875.55	709.285
2876	716.285
2876.45	670.285
2876.9	680.285
2877.35	709.285
2877.8	690.285
2878.25	703.285
2878.7	675.285
2879.14	659.285
2879.59	699.285
2880.04	691.285
2880.49	738.285
2880.94	693.285
2881.39	649.285
2881.84	735.285
2882.28	672.285
2882.73	715.285
2883.18	711.285
2883.63	670.285
2884.08	695.285
2884.52	726.285
2884.97	711.285
2885.42	705.285
2885.87	655.285
2886.32	689.285
2886.76	686.285
2887.21	688.285
2887.66	729.285
2888.11	691.285
2888.55	702.285
2889	714.285
2889.45	701.285
2889.9	708.285
2890.35	702.285
2890.79	707.285
2891.24	642.285
2891.69	718.285
2892.13	698.285
2892.58	692.285
2893.03	648.285
2893.48	655.285
2893.92	703.285
2894.37	707.285
2894.82	718.285
2895.26	690.285
2895.71	703.285
2896.16	731.285
2896.61	671.285
2897.05	677.285
2897.5	719.285
2897.95	706.285
2898.39	747.285
2898.84	713.285
2899.29	719.285
2899.73	718.285
2900.18	670.285
2900.63	696.285
2901.07	715.285
2901.52	723.285
2901.97	691.285
2902.41	711.285
2902.86	692.285
2903.31	676.285
2903.75	701.285
2904.2	710.285
2904.64	679.285
2905.09	727.285
2905.54	686.285
2905.98	691.285
2906.43	692.285
2906.87	695.285
2907.32	684.285
2907.77	658.285
2908.21	712.285
2908.66	683.285
2909.1	698.285
2909.55	688.285
2909.99	706.285
2910.44	737.285
2910.89	712.285
2911.33	687.285
2911.78	739.285
2912.22	657.285
2912.67	674.285
2913.11	678.285
2913.56	708.285
2914	712.285
2914.45	703.285
2914.9	742.285
2915.34	703.285
2915.78	701.285
2916.23	724.285
2916.68	712.285
2917.12	726.285
2917.57	734.285
2918.01	649.285
2918.45	713.285
2918.9	706.285
2919.35	698.285
2919.79	707.285
2920.23	663.285
2920.68	689.285
2921.12	729.285
2921.57	676.285
2922.01	707.285
2922.46	713.285
2922.9	706.285
2923.35	722.285
2923.79	698.285
2924.24	688.285
2924.68	687.285
2925.12	703.285
2925.57	743.285
2926.01	694.285
2926.46	699.285
2926.9	708.285
2927.34	712.285
2927.79	681.285
2928.23	727.285
2928.68	671.285
2929.12	711.285
2929.56	701.285
2930.01	710.285
2930.45	749.285
2930.89	702.285
2931.34	747.285
2931.78	711.285
2932.23	714.285
2932.67	699.285
2933.11	671.285
2933.56	709.285
2934	695.285
2934.44	679.285
2934.89	699.285
2935.33	700.285
2935.77	685.285
2936.22	682.285
2936.66	681.285
2937.1	700.285
2937.55	686.285
2937.99	752.285
2938.43	748.285
2938.88	717.285
2939.32	710.285
2939.76	708.285
2940.2	710.285
2940.65	709.285
2941.09	727.285
2941.53	746.285
2941.97	707.285
2942.42	727.285
2942.86	719.285
2943.3	738.285
2943.75	703.285
2944.19	685.285
2944.63	709.285
2945.07	684.285
2945.52	672.285
2945.96	692.285
2946.4	658.285
2946.84	697.285
2947.28	687.285
2947.73	708.285
2948.17	723.285
2948.61	687.285
2949.05	714.285
2949.49	694.285
2949.94	703.285
2950.38	741.285
2950.82	729.285
2951.26	679.285
2951.7	676.285
2952.15	681.285
2952.59	685.285
2953.03	708.285
2953.47	726.285
2953.91	691.285
2954.35	709.285
2954.8	705.285
2955.24	703.285
2955.68	727.285
2956.12	722.285
2956.56	697.285
2957	697.285
2957.44	678.285
2957.88	682.285
2958.33	709.285
2958.77	679.285
2959.21	708.285
2959.65	751.285
2960.09	742.285
2960.53	708.285
2960.97	730.285
2961.41	679.285
2961.85	716.285
2962.29	708.285
2962.74	724.285
2963.18	690.285
2963.62	719.285
2964.06	721.285
2964.5	730.285
2964.94	676.285
2965.38	698.285
2965.82	714.285
2966.26	727.285
2966.7	722.285
2967.14	694.285
2967.58	687.285
2968.02	724.285
2968.46	685.299
2968.9	710.362
2969.34	722.058
2969.78	684.256
2970.22	725.66
2970.66	696.653
2971.1	714.974
2971.54	711.583
2971.98	687.268
2972.42	711.252
2972.86	724.24
2973.3	708.42
2973.74	737.99
2974.18	718.32
2974.62	688.238
2975.06	727.625
2975.5	736.481
2975.94	734.907
2976.38	721.666
2976.82	676.975
2977.26	709.028
2977.7	713.055
2978.14	692.181
2978.57	724.874
2979.01	706.495
2979.45	735.405
2979.89	718.924
2980.33	740.494
2980.77	691.169
2981.21	701.145
2981.65	702.898
2982.09	720.69
2982.53	702.101
2982.97	720.78
2983.4	691.878
2983.84	700.59
2984.28	718.31
2984.72	705.508
2985.16	703.91
2985.6	717.014
2986.04	693.308
2986.47	706.882
2986.91	721.818
2987.35	729.83
2987.79	734.64
2988.23	715.682
2988.67	718.549
2989.1	745.696
2989.54	719.032
2989.98	723.818
2990.42	713.292
2990.86	717.181
2991.3	763.312
2991.73	714.32
2992.17	736.918
2992.61	731.762
2993.05	677.362
2993.49	692.845
2993.92	714.274
2994.36	702.439
2994.8	696.824
2995.24	704.503
2995.67	703.073
2996.11	706.367
2996.55	725.144
2996.99	725.693
2997.42	707.87
2997.86	711.446
2998.3	698.404
2998.74	715.022
2999.17	719.43
2999.61	708.261
3000.05	742.309
3000.49	745.537
3000.92	728.476
3001.36	725.83
3001.8	706.526
3002.23	704.271
3002.67	715.495
3003.11	705.168
3003.55	717.477
3003.98	711.062
3004.42	713.752
3004.86	720.481
3005.29	680.295
3005.73	704.447
3006.17	698.859
3006.6	722.87
3007.04	732.795
3007.47	718.773
3007.91	709.788
3008.35	736.556
3008.78	692.207
3009.22	709.498
3009.66	727.708
3010.09	708.972
3010.53	717.254
3010.97	722.049
3011.4	726.469
3011.84	697.703
3012.27	730.955
3012.71	708.122
3013.15	716.422
3013.58	691.245
3014.02	743.551
3014.45	689.142
3014.89	735.105
3015.33	718.417
3015.76	714.915
3016.2	747.221
3016.63	725.782
3017.07	735.572
3017.5	704.031
3017.94	725.967
3018.38	715.009
3018.81	717.764
3019.25	736.646
3019.68	723.094
3020.12	751.994
3020.55	730.627
3020.99	711.254
3021.42	745.083
3021.86	737.221
3022.29	734.316
3022.73	730.823
3023.16	716.589
3023.6	755.856
3024.03	737.176
3024.47	711.975
3024.9	720.182
3025.34	736.508
3025.77	716.001
3026.21	726.505
3026.64	736.6
3027.08	723.621
3027.51	732.251
3027.95	725.146
3028.38	705.917
3028.82	733.37
3029.25	705.307
3029.68	728.348
3030.12	749.558
3030.55	723.302
3030.99	727.095
3031.42	723.755
3031.86	743.866
3032.29	745.85
3032.72	746.225
3033.16	728.699
3033.59	751.669
3034.03	711.02
3034.46	716.211
3034.9	721.487
3035.33	711.361
3035.76	725.704
3036.2	710.468
3036.63	709.894
3037.06	710.99
3037.5	700.908
3037.93	713.358
3038.36	732.412
3038.8	760.583
3039.23	732.132
3039.67	733.633
3040.1	756.266
3040.53	733.122
3040.97	757.908
3041.4	747.715
3041.83	689.715
3042.28	729.354
3042.72	714.12
3043.16	714.461
3043.6	725.79
3044.04	725.937
3044.48	714.991
3044.92	714.822
3045.37	714.422
3045.81	730.818
3046.25	730.59
3046.69	706.715
3047.13	690.715
3047.57	740.715
3048.01	749.715
3048.45	707.715
3048.89	745.715
3049.33	728.715
3049.77	732.715
3050.22	728.715
3050.66	705.715
3051.1	718.715
3051.54	761.715
3051.98	715.715
3052.42	708.715
3052.86	746.715
3053.3	743.715
3053.74	739.715
3054.18	777.715
3054.62	734.715
3055.06	737.715
3055.5	739.715
3055.94	744.715
3056.38	753.715
3056.82	713.715
3057.26	733.715
3057.7	725.715
3058.14	786.715
3058.58	747.715
3059.02	769.715
3059.46	753.715
3059.9	737.715
3060.34	710.715
3060.78	788.715
3061.22	694.715
3061.66	720.715
3062.1	745.715
3062.54	735.715
3062.98	752.715
3063.42	722.715
3063.86	725.715
3064.3	769.715
3064.74	735.715
3065.18	774.715
3065.62	725.715
3066.06	724.715
3066.5	728.715
3066.94	732.715
3067.38	722.715
3067.81	782.715
3068.25	747.715
3068.69	728.715
3069.13	751.715
3069.57	758.715
3070.01	733.715
3070.45	735.715
3070.89	718.715
3071.33	725.715
3071.77	742.715
3072.21	808.715
3072.64	755.715
3073.08	736.715
3073.52	744.715
3073.96	763.715
3074.4	736.715
3074.84	753.715
3075.28	733.715
3075.71	747.715
3076.15	736.715
3076.59	722.715
3077.03	730.715
3077.47	724.041
3077.9	724.074
3078.34	723.549
3078.78	724.524
3079.22	701.715
3079.66	718.715
3080.1	752.715
3080.53	720.715
3080.97	751.715
3081.41	709.715
3081.85	751.715
3082.29	724.715
3082.72	782.715
3083.16	714.715
3083.6	751.715
3084.04	758.715
3084.48	738.715
3084.91	704.715
3085.35	758.715
3085.79	710.715
3086.22	737.715
3086.66	729.715
3087.1	676.715
3087.54	738.715
3087.97	725.715
3088.41	734.715
3088.85	755.715
3089.29	725.715
3089.72	740.715
3090.16	758.715
3090.6	748.715
3091.04	739.715
3091.47	734.715
3091.91	768.715
3092.35	727.715
3092.78	715.715
3093.22	769.715
3093.66	744.715
3094.09	740.715
3094.53	749.715
3094.97	749.715
3095.4	761.715
3095.84	726.715
3096.28	738.715
3096.71	731.715
3097.15	713.715
3097.59	687.715
3098.02	737.155
3098.46	738.263
3098.9	737.963
3099.33	732.342
3099.77	732.735
3100.2	732.169
3100.64	731.932
3101.08	738.405
3101.51	738.313
3101.95	665.715
3102.39	712.715
3102.82	721.715
3103.26	707.715
3103.69	764.715
3104.13	720.715
3104.56	741.715
3105	765.715
3105.44	739.715
3105.87	754.715
3106.31	767.715
3106.74	769.715
3107.18	726.715
3107.61	762.715
3108.05	735.715
3108.49	784.715
3108.92	734.715
3109.36	784.715
3109.79	762.715
3110.23	800.715
3110.66	758.715
3111.1	778.715
3111.53	758.715
3111.97	743.715
3112.4	766.715
3112.84	744.715
3113.27	753.715
3113.71	758.715
3114.14	769.715
3114.58	698.715
3115.01	693.715
3115.45	793.715
3115.88	747.715
3116.32	734.715
3116.75	726.715
3117.19	772.715
3117.62	721.715
3118.06	757.715
3118.49	780.715
3118.93	762.715
3119.36	755.715
3119.79	774.715
3120.23	752.715
3120.66	728.715
3121.1	765.715
3121.53	731.715
3121.96	742.715
3122.4	751.715
3122.83	742.715
3123.27	745.715
3123.7	735.715
3124.14	763.715
3124.57	811.715
3125	737.715
3125.44	801.715
3125.87	789.715
3126.31	752.715
3126.74	713.715
3127.17	733.715
3127.61	801.715
3128.04	760.715
3128.47	769.715
3128.91	707.715
3129.34	757.715
3129.78	790.715
3130.21	781.715
3130.64	769.715
3131.07	786.715
3131.51	751.715
3131.94	785.715
3132.38	759.715
3132.81	750.715
3133.24	821.715
3133.68	745.715
3134.11	715.715
3134.54	766.715
3134.97	765.715
3135.41	734.715
3135.84	755.715
3136.27	743.715
3136.71	806.715
3137.14	775.715
3137.57	741.715
3138	786.715
3138.44	762.715
3138.87	738.715
3139.3	782.715
3139.74	768.715
3140.17	772.715
3140.6	765.715
3141.03	735.715
3141.47	749.715
3141.9	780.715
3142.33	709.715
3142.76	791.715
3143.2	761.715
3143.63	777.715
3144.06	758.715
3144.49	750.715
3144.92	774.715
3145.36	766.715
3145.79	752.715
3146.22	792.715
3146.65	791.715
3147.08	785.715
3147.51	781.715
3147.95	790.715
3148.38	782.715
3148.81	761.715
3149.24	773.715
3149.67	812.715
3150.11	764.715
3150.54	734.715
3150.97	741.715
3151.4	786.715
3151.83	753.715
3152.26	766.715
3152.69	743.715
3153.13	791.715
3153.56	793.715
3153.99	815.715
3154.42	800.715
3154.85	755.715
3155.28	762.715
3155.71	744.715
3156.15	792.715
3156.58	752.715
3157.01	746.715
3157.44	790.715
3157.87	767.715
3158.3	771.715
3158.73	787.715
3159.16	767.715
3159.59	775.715
3160.02	780.715
3160.45	782.715
3160.89	766.715
3161.32	792.715
3161.75	743.715
3162.18	785.715
3162.61	773.715
3163.04	812.715
3163.47	763.715
3163.9	773.715
3164.33	750.715
3164.76	774.715
3165.19	743.715
3165.62	790.715
3166.05	766.715
3166.48	797.715
3166.91	758.715
3167.34	763.715
3167.77	776.715
3168.2	816.715
3168.63	786.715
3169.06	800.715
3169.49	755.715
3169.92	830.715
3170.35	797.715
3170.78	712.715
3171.21	773.715
3171.64	818.715
3172.07	812.715
3172.5	790.715
3172.93	774.715
3173.36	763.715
3173.79	774.715
3174.22	755.715
3174.65	761.715
3175.08	789.715
3175.5	780.715
3175.93	828.715
3176.36	822.715
3176.79	781.715
3177.22	813.715
3177.65	807.715
3178.08	829.715
3178.51	786.715
3178.94	799.715
3179.37	792.715
3179.8	803.715
3180.22	795.715
3180.65	817.715
3181.08	781.715
3181.51	777.715
3181.94	793.715
3182.37	792.715
3182.8	822.715
3183.23	806.715
3183.65	798.715
3184.08	788.715
3184.51	754.715
3184.94	806.715
3185.37	782.715
3185.8	797.715
3186.22	824.715
3186.65	764.715
3187.08	822.715
3187.51	809.715
3187.94	760.715
3188.37	794.715
3188.79	790.715
3189.22	786.715
3189.65	848.715
3190.08	789.715
3190.51	795.715
3190.93	793.715
3191.36	788.715
3191.79	808.715
3192.22	766.715
3192.65	797.715
3193.07	790.715
3193.5	769.715
3193.93	806.715
3194.36	793.715
3194.78	795.715
3195.21	788.715
3195.64	788.715
3196.07	771.715
3196.49	810.715
3196.92	751.715
3197.35	768.715
3197.78	820.715
3198.2	820.715
3198.63	803.715
3199.06	790.715
3199.48	761.715
3199.91	818.715
3200.34	816.715
3200.77	827.715
3201.19	794.715
3201.62	788.715
3202.05	809.715
3202.47	788.715
3202.9	783.715
3203.33	780.715
3203.75	752.715
3204.18	820.715
3204.61	815.715
3205.03	841.715
3205.46	811.715
3205.89	790.715
3206.31	772.715
3206.74	843.715
3207.17	754.715
3207.59	753.715
3208.02	829.715
3208.45	846.715
3208.87	816.715
3209.3	822.715
3209.72	817.715
3210.15	850.715
3210.58	840.715
3211	842.715
3211.43	776.715
3211.85	788.715
3212.28	847.715
3212.71	812.715
3213.13	815.715
3213.56	860.715
3213.98	798.715
3214.41	809.715
3214.83	832.715
3215.26	825.715
3215.69	822.715
3216.11	832.715
3216.54	790.715
3216.96	821.715
3217.39	812.715
3217.81	775.715
3218.24	843.715
3218.67	836.715
3219.09	847.715
3219.52	793.715
3219.94	846.715
3220.37	802.715
3220.79	808.715
3221.22	812.715
3221.64	827.715
3222.07	832.715
3222.49	809.715
3222.92	826.715
3223.34	817.715
3223.77	813.715
3224.19	816.715
3224.62	861.715
3225.04	819.715
3225.46	836.715
3225.89	857.715
3226.31	822.715
3226.74	776.715
3227.16	805.715
3227.59	841.715
3228.01	840.715
3228.44	819.715
3228.86	803.715
3229.29	852.715
3229.71	792.715
3230.14	826.715
3230.56	810.715
3230.98	819.715
3231.41	806.715
3231.83	807.715
3232.26	826.715
3232.68	879.715
3233.1	837.715
3233.53	802.715
3233.95	781.715
3234.38	866.715
3234.8	827.715
3235.22	795.715
3235.65	818.715
3236.07	833.715
3236.49	847.715
3236.92	852.715
3237.34	863.715
3237.77	851.715
3238.19	862.715
3238.61	799.715
3239.04	815.715
3239.46	799.715
3239.88	802.715
3240.31	802.715
3240.73	816.715
3241.15	843.715
3241.58	835.715
3242	821.715
3242.42	857.715
3242.84	856.715
3243.27	824.715
3243.69	822.715
3244.12	813.715
3244.54	803.715
3244.96	808.715
3245.38	803.715
3245.81	859.715
3246.23	836.715
3246.65	828.715
3247.07	875.715
3247.5	863.715
3247.92	845.715
3248.34	825.715
3248.77	835.715
3249.19	834.715
3249.61	826.715
3250.03	859.715
3250.46	828.715
3250.88	837.715
3251.3	802.715
3251.72	875.715
3252.15	790.715
3252.57	840.715
3252.99	861.715
3253.41	850.715
3253.83	827.715
3254.25	822.715
3254.68	830.715
3255.1	849.715
3255.52	797.715
3255.94	889.715
3256.37	870.715
3256.79	815.715
3257.21	821.715
3257.63	858.715
3258.05	867.715
3258.47	849.715
3258.9	840.715
3259.32	841.715
3259.74	814.715
3260.16	820.715
3260.58	835.715
3261	862.715
3261.43	852.715
3261.85	830.715
3262.27	844.715
3262.69	825.715
3263.11	850.715
3263.53	809.715
3263.95	796.715
3264.37	775.715
3264.79	821.715
3265.22	825.715
3265.64	849.715
3266.06	834.715
3266.48	844.715
3266.9	817.715
3267.32	839.715
3267.74	825.715
3268.16	826.715
3268.58	875.715
3269	817.715
3269.42	851.715
3269.84	854.715
3270.27	854.715
3270.69	838.715
3271.11	863.715
3271.53	825.715
3271.95	861.715
3272.37	827.715
3272.79	828.715
3273.21	809.715
3273.63	835.715
3274.05	835.715
3274.47	806.715
3274.89	843.715
3275.31	815.715
3275.73	818.715
3276.15	861.715
3276.57	855.715
3276.99	875.715
3277.41	821.715
3277.83	872.715
3278.25	881.715
3278.67	795.715
3279.09	832.715
3279.51	817.715
3279.93	798.715
3280.35	829.715
3280.77	904.715
3281.19	806.715
3281.61	839.715
3282.03	863.715
3282.45	815.715
3282.86	851.715
3283.29	851.715
3283.7	869.715
3284.12	864.715
3284.54	848.715
3284.96	853.715
3285.38	926.715
3285.8	816.715
3286.22	854.715
3286.64	877.715
3287.06	832.715
3287.48	839.715
3287.9	850.715
3288.31	889.715
3288.73	789.715
3289.15	878.715
3289.57	873.715
3289.99	825.715
3290.41	843.715
3290.83	858.715
3291.25	859.715
3291.66	885.715
3292.08	829.715
3292.5	828.715
3292.92	840.755
3293.34	879.273
3293.76	849.351
3294.18	881.07
3294.59	865.513
3295.01	878.023
3295.43	831.571
3295.85	841.962
3296.27	889.296
3296.68	853.012
3297.1	857.227
3297.52	847.928
3297.94	884.491
3298.36	864.717
3298.77	834.004
3299.19	876.044
3299.61	888.382
3300.03	868.482
3300.45	845.321
3300.86	846.428
3301.28	873.699
3301.7	866.911
3302.12	842.004
3302.53	830.648
3302.95	844.599
3303.37	897.206
3303.79	899.25
3304.2	850.062
3304.62	883.938
3305.04	851.068
3305.46	820.742
3305.87	889.88
3306.29	839.801
3306.71	867.809
3307.12	889.237
3307.54	874.298
3307.96	852.728
3308.38	874.943
3308.79	900.387
3309.21	862.374
3309.63	871.536
3310.04	841.477
3310.46	882.116
3310.88	859.057
3311.29	833.814
3311.71	856.936
3312.13	867.417
3312.54	876.076
3312.96	864.918
3313.38	859.701
3313.79	861.06
3314.21	847.393
3314.63	844.978
3315.04	836.845
3315.46	875.799
3315.88	850.124
3316.29	911.181
3316.71	901.513
3317.13	878.976
3317.54	861.874
3317.96	886.208
3318.37	929.298
3318.79	846.116
3319.21	850.82
3319.62	875.157
3320.04	888.61
3320.45	873.931
3320.87	857.697
3321.29	875.172
3321.7	892.244
3322.12	884.969
3322.53	893.651
3322.95	890.681
3323.37	878.904
3323.78	891.375
3324.2	872.957
3324.61	861.92
3325.03	854.488
3325.44	880.125
3325.86	889.929
3326.27	895.739
3326.69	886.908
3327.1	909.478
3327.52	892.994
3327.94	858.493
3328.35	901.875
3328.76	886.704
3329.18	886.186
3329.6	920.265
3330.01	861.972
3330.43	907.424
3330.84	906.412
3331.26	894.523
3331.67	911.281
3332.08	917.163
3332.5	921.071
3332.92	899.342
3333.33	917.054
3333.74	902.161
3334.16	881.325
3334.57	882.921
3334.99	905.823
3335.4	874.195
3335.82	878.466
3336.23	916.693
3336.65	930.121
3337.06	916.482
3337.48	915.996
3337.89	900.779
3338.3	937.461
3338.72	922.852
3339.13	936.925
3339.55	902.939
3339.96	902.886
3340.37	867.915
3340.79	879.496
3341.2	895.204
3341.62	912.946
3342.03	901.016
3342.44	900.806
3342.86	920.245
3343.27	886.987
3343.69	897.146
3344.1	916.437
3344.51	924.779
3344.93	921.528
3345.34	897.71
3345.75	893.067
3346.17	947.73
3346.58	945.487
3346.99	924.9
3347.41	933.791
3347.82	904.652
3348.23	918.577
3348.65	924.091
3349.06	943.198
3349.47	939.529
3349.89	957.185
3350.3	898.042
3350.71	912.736
3351.13	929.928
3351.54	953.778
3351.95	900.322
3352.37	920.78
3352.78	916.342
3353.19	904.547
3353.6	941.288
3354.02	913.806
3354.43	928.578
3354.84	919.409
3355.26	918.852
3355.67	919.966
3356.08	920.881
3356.49	899.883
3356.91	910.665
3357.32	922.213
3357.73	923.087
3358.14	923.7
3358.56	924.106
3358.97	924.287
3359.38	924.852
3359.79	947.719
3360.21	938.36
3360.62	925.997
3361.03	960.709
3361.44	914.183
3361.85	949.641
3362.27	905.407
3362.68	929.991
3363.09	930.957
3363.5	928.656
3363.91	918.343
3364.33	919.128
3364.74	919.617
3365.15	920.266
3365.56	920.225
3365.97	931.618
3366.38	934.943
3366.8	935.424
3367.21	935.395
3367.62	936.615
3368.03	930.913
3368.44	958.218
3368.85	898.644
3369.26	903.85
3369.68	913.463
3370.09	945.847
3370.5	965.939
3370.91	970.727
3371.32	983.157
3371.73	962.985
3372.14	915.973
3372.55	970.987
3372.97	913.254
3373.38	933.141
3373.79	978.838
3374.2	974.673
3374.61	978.394
3375.02	985.852
3375.43	944.493
3375.84	959.207
3376.25	953.935
3376.66	949.828
3377.07	918.794
3377.48	960.767
3377.89	933.894
3378.31	966.761
3378.72	1001.16
3379.13	976.686
3379.54	964.544
3379.95	964.358
3380.36	990.075
3380.77	957.621
3381.18	961.068
3381.59	962.461
3382	964.576
3382.41	929.075
3382.82	956.201
3383.23	966.942
3383.64	936.49
3384.05	1018.15
3384.46	981.137
3384.87	960.353
3385.28	979.583
3385.69	951.69
3386.1	903.402
3386.51	981.148
3386.92	968.968
3387.33	980.821
3387.74	960.219
3388.15	950.939
3388.56	983.635
3388.97	1016.94
3389.38	1001.54
3389.78	995.185
3390.19	988.184
3390.6	996.142
3391.01	938.615
3391.42	1003.66
3391.83	991.576
3392.24	980.765
3392.65	968.163
3393.06	988.677
3393.47	971.497
3393.88	1003.58
3394.29	1031.85
3394.7	998.371
3395.11	1010.53
3395.51	983.135
3395.92	957.365
3396.33	918.745
3396.74	961.617
3397.15	961.7
3397.56	962.645
3397.97	917.342
3398.38	914.725
3398.78	959.381
3399.19	993.432
3399.6	1014.18
3400.01	980.035
3400.42	993.903
3400.83	1005.89
3401.23	1017.54
3401.64	1006.45
3402.05	983.351
3402.46	986.395
3402.87	1013.61
3403.28	976.953
3403.68	987.888
3404.09	977.466
3404.49	946.466
3404.91	974.466
3405.32	944.466
3405.74	971.466
3406.15	978.466
3406.57	949.466
3406.98	1000.47
3407.4	1001.47
3407.81	995.466
3408.23	1005.47
3408.64	978.466
3409.06	1005.47
3409.47	981.466
3409.89	1019.47
3410.3	1016.47
3410.72	1034.47
3411.13	1027.47
3411.55	1018.47
3411.96	995.466
3412.37	1048.47
3412.79	1010.47
3413.2	1048.47
3413.62	1019.47
3414.03	992.466
3414.45	1028.47
3414.86	961.466
3415.28	1013.57
3415.69	1014.7
3416.1	1004.39
3416.52	1005.44
3416.93	997.734
3417.35	998.931
3417.76	999.112
3418.17	1008.21
3418.59	1009.04
3419	1009.45
3419.42	1019.31
3419.83	1019.51
3420.24	969.466
3420.66	1025.47
3421.07	1014.47
3421.49	1027.47
3421.9	1025.47
3422.31	1040.47
3422.73	1079.47
3423.14	1011.47
3423.55	1046.47
3423.97	1056.47
3424.38	1026.47
3424.79	996.466
3425.21	1075.47
3425.62	1073.47
3426.03	1026.47
3426.45	1037.47
3426.86	1012.47
3427.27	1110.47
3427.69	994.466
3428.1	1030.47
3428.51	1070.47
3428.93	1028.47
3429.34	1027.47
3429.75	1001.47
3430.16	1044.47
3430.58	1018.47
3430.99	1011.47
3431.4	1033.47
3431.82	1016.47
3432.23	1052.47
3432.64	1108.47
3433.05	1046.47
3433.47	1067.47
3433.88	1027.47
3434.29	1072.47
3434.7	1014.47
3435.12	1038.47
3435.53	1110.47
3435.94	1041.47
3436.35	1059.47
3436.77	1097.47
3437.18	1085.47
3437.59	1009.47
3438	1081.47
3438.42	1027.47
3438.83	1075.47
3439.24	1005.47
3439.65	1055.47
3440.06	1142.47
3440.48	1084.47
3440.89	1078.47
3441.3	1085.47
3441.71	1079.47
3442.12	1116.47
3442.53	1052.47
3442.95	1059.47
3443.36	1035.47
3443.77	1048.47
3444.18	1092.47
3444.59	1120.47
3445	1112.47
3445.42	1082.47
3445.83	1073.47
3446.24	1062.47
3446.65	1109.47
3447.06	1052.47
3447.47	1091.47
3447.88	1066.47
3448.3	1043.47
3448.71	1102.47
3449.12	1090.47
3449.53	1145.47
3449.94	1101.47
3450.35	1117.47
3450.76	1123.47
3451.17	1062.47
3451.58	1102.47
3452	1098.47
3452.41	1096.47
3452.82	1062.47
3453.23	1084.47
3453.64	1086.47
3454.05	1111.47
3454.46	1112.47
3454.87	1100.47
3455.28	1124.47
3455.69	1103.47
3456.1	1094.47
3456.51	1074.47
3456.92	1137.47
3457.33	1114.47
3457.74	1093.47
3458.15	1084.47
3458.57	1104.47
3458.98	1105.47
3459.39	1080.47
3459.8	1105.47
3460.21	1122.47
3460.62	1129.47
3461.03	1123.47
3461.44	1111.47
3461.85	1142.47
3462.26	1108.47
3462.67	1116.47
3463.08	1123.47
3463.49	1082.47
3463.9	1147.47
3464.31	1156.47
3464.72	1139.47
3465.13	1138.47
3465.53	1135.47
3465.95	1132.47
3466.35	1135.47
3466.76	1141.47
3467.17	1094.47
3467.58	1138.47
3467.99	1134.47
3468.4	1122.47
3468.81	1129.47
3469.22	1156.47
3469.63	1180.47
3470.04	1126.47
3470.45	1112.47
3470.86	1145.47
3471.27	1144.47
3471.68	1122.47
3472.09	1186.47
3472.49	1171.47
3472.9	1108.47
3473.31	1174.47
3473.72	1173.47
3474.13	1175.47
3474.54	1175.47
3474.95	1148.47
3475.36	1171.47
3475.77	1160.47
3476.17	1160.47
3476.58	1111.47
3476.99	1111.47
3477.4	1203.47
3477.81	1071.47
3478.22	1171.47
3478.63	1139.47
3479.03	1208.47
3479.44	1151.47
3479.85	1174.47
3480.26	1222.47
3480.67	1121.47
3481.08	1144.47
3481.48	1165.47
3481.89	1155.47
3482.3	1187.47
3482.71	1180.47
3483.12	1206.47
3483.53	1132.47
3483.93	1228.47
3484.34	1189.47
3484.75	1081.47
3485.16	1190.47
3485.56	1184.47
3485.97	1244.47
3486.38	1182.47
3486.79	1203.47
3487.2	1190.47
3487.6	1122.47
3488.01	1190.47
3488.42	1226.47
3488.83	1205.47
3489.23	1203.47
3489.64	1177.47
3490.05	1217.47
3490.46	1189.47
3490.86	1131.47
3491.27	1208.47
3491.68	1179.47
3492.09	1234.47
3492.49	1197.47
3492.9	1178.47
3493.31	1186.47
3493.71	1226.47
3494.12	1210.47
3494.53	1174.47
3494.94	1201.47
3495.34	1228.47
3495.75	1234.47
3496.16	1265.47
3496.56	1244.47
3496.97	1227.47
3497.38	1261.47
3497.78	1261.47
3498.19	1199.47
3498.6	1248.47
3499	1284.47
3499.41	1224.47
3499.82	1187.47
3500.22	1262.47
3500.63	1207.47
3501.04	1214.47
3501.44	1281.47
3501.85	1244.47
3502.26	1253.47
3502.66	1245.47
3503.07	1272.47
3503.47	1252.47
3503.88	1291.47
3504.29	1208.47
3504.69	1250.47
3505.1	1267.47
3505.51	1228.47
3505.91	1290.47
3506.32	1264.47
3506.72	1247.47
3507.13	1296.47
3507.54	1282.47
3507.94	1304.47
3508.35	1220.47
3508.75	1265.47
3509.16	1315.47
3509.56	1264.47
3509.97	1248.47
3510.37	1234.47
3510.78	1296.47
3511.19	1278.47
3511.59	1253.47
3512	1243.47
3512.4	1244.47
3512.81	1244.47
3513.21	1273.47
3513.62	1258.47
3514.02	1260.47
3514.43	1269.47
3514.83	1258.47
3515.24	1273.47
3515.64	1270.47
3516.05	1279.47
3516.46	1289.47
3516.86	1266.47
3517.26	1264.47
3517.67	1278.47
3518.07	1261.47
3518.48	1281.47
3518.88	1311.47
3519.29	1311.47
3519.69	1288.47
3520.1	1290.47
3520.5	1327.47
3520.91	1258.47
3521.31	1340.47
3521.72	1283.47
3522.12	1350.47
3522.53	1208.47
3522.93	1310.47
3523.33	1346.47
3523.74	1292.47
3524.14	1288.47
3524.55	1309.47
3524.95	1308.47
3525.36	1375.47
3525.76	1292.47
3526.17	1314.47
3526.57	1320.47
3526.97	1327.47
3527.38	1290.47
3527.78	1330.47
3528.19	1288.47
3528.59	1315.47
3528.99	1308.47
3529.4	1311.47
3529.8	1337.47
3530.2	1332.47
3530.61	1335.47
3531.01	1298.47
3531.42	1327.47
3531.82	1372.47
3532.22	1275.47
3532.63	1355.47
3533.03	1310.47
3533.43	1291.47
3533.84	1329.47
3534.24	1353.47
3534.64	1323.47
3535.05	1393.47
3535.45	1355.47
3535.85	1377.47
3536.26	1403.47
3536.66	1390.47
3537.06	1292.47
3537.47	1308.47
3537.87	1296.47
3538.27	1306.47
3538.68	1358.47
3539.08	1341.47
3539.48	1357.47
3539.89	1386.47
3540.29	1332.47
3540.69	1340.47
3541.09	1280.47
3541.5	1345.47
3541.9	1311.47
3542.3	1299.47
3542.7	1368.47
3543.11	1394.47
3543.51	1381.47
3543.91	1325.47
3544.31	1351.47
3544.72	1405.47
3545.12	1384.47
3545.52	1377.47
3545.92	1408.47
3546.33	1338.47
3546.73	1316.47
3547.13	1376.47
3547.53	1369.47
3547.94	1376.47
3548.34	1375.47
3548.74	1338.47
3549.14	1390.47
3549.54	1373.47
3549.95	1391.47
3550.35	1349.47
3550.75	1395.47
3551.15	1346.47
3551.55	1344.47
3551.96	1332.47
3552.36	1344.47
3552.76	1407.47
3553.16	1343.47
3553.56	1363.47
3553.96	1357.47
3554.36	1378.47
3554.77	1368.47
3555.17	1418.47
3555.57	1406.47
3555.97	1358.47
3556.37	1393.47
3556.77	1318.47
3557.17	1358.47
3557.58	1320.47
3557.98	1379.47
3558.38	1363.47
3558.78	1393.47
3559.18	1337.47
3559.58	1342.47
3559.98	1390.47
3560.38	1363.47
3560.79	1418.47
3561.19	1362.47
3561.59	1353.47
3561.99	1312.47
3562.39	1399.47
3562.79	1319.47
3563.19	1426.47
3563.59	1329.47
3563.99	1368.47
3564.39	1392.47
3564.79	1419.47
3565.19	1348.47
3565.59	1380.47
3565.99	1400.47
3566.39	1361.47
3566.8	1381.47
3567.2	1304.47
3567.6	1365.47
3568	1334.47
3568.4	1320.47
3568.8	1341.47
3569.2	1376.47
3569.6	1351.47
3570	1332.47
3570.4	1377.47
3570.8	1349.47
3571.2	1441.47
3571.6	1285.47
3572	1314.47
3572.4	1368.47
3572.8	1343.47
3573.2	1369.47
3573.6	1374.47
3574	1330.47
3574.4	1359.47
3574.8	1353.47
3575.2	1377.47
3575.6	1322.47
3576	1328.47
3576.4	1365.47
3576.79	1357.47
3577.19	1361.47
3577.59	1464.47
3577.99	1382.47
3578.39	1388.47
3578.79	1298.47
3579.19	1315.47
3579.59	1301.47
3579.99	1315.47
3580.39	1336.47
3580.79	1376.47
3581.19	1370.47
3581.59	1394.47
3581.99	1340.47
3582.38	1340.47
3582.78	1320.47
3583.18	1341.47
3583.58	1308.47
3583.98	1319.47
3584.38	1364.47
3584.78	1348.47
3585.18	1306.47
3585.57	1341.47
3585.97	1344.47
3586.37	1318.47
3586.77	1349.47
3587.17	1340.47
3587.57	1345.47
3587.97	1358.47
3588.36	1310.47
3588.76	1251.47
3589.16	1267.47
3589.56	1285.47
3589.96	1347.47
3590.36	1291.47
3590.75	1281.47
3591.15	1372.47
3591.55	1299.47
3591.95	1350.47
3592.35	1326.47
3592.74	1266.47
3593.14	1289.47
3593.54	1293.47
3593.94	1311.47
3594.34	1308.47
3594.73	1311.47
3595.13	1324.47
3595.53	1311.47
3595.93	1335.47
3596.33	1333.47
3596.72	1301.47
3597.12	1222.47
3597.52	1257.47
3597.92	1290.47
3598.31	1314.47
3598.71	1249.47
3599.11	1234.47
3599.51	1294.47
3599.9	1297.47
3600.3	1294.47
3600.7	1296.47
3601.1	1331.47
3601.49	1299.47
3601.89	1293.47
3602.29	1278.47
3602.69	1246.47
3603.08	1237.47
3603.48	1281.47
3603.88	1236.47
3604.27	1216.47
3604.67	1218.47
3605.07	1247.47
3605.46	1223.47
3605.86	1298.47
3606.26	1283.47
3606.65	1265.47
3607.05	1230.47
3607.45	1222.47
3607.84	1261.47
3608.24	1201.47
3608.64	1248.47
3609.03	1249.44
3609.43	1236.32
3609.83	1159.72
3610.22	1244.07
3610.62	1187.79
3611.02	1201.17
3611.41	1185.28
3611.81	1215.76
3612.2	1198.36
3612.6	1229.79
3613	1162.85
3613.39	1230.63
3613.79	1194.52
3614.19	1214.71
3614.58	1257.9
3614.98	1191.22
3615.37	1240.95
3615.77	1230.93
3616.16	1192.92
3616.56	1203.22
3616.96	1235.65
3617.35	1167.76
3617.75	1193.81
3618.14	1126.44
3618.54	1161.47
3618.93	1146.2
3619.33	1138.3
3619.73	1185.2
3620.12	1121.46
3620.52	1101.43
3620.91	1124.62
3621.31	1111.97
3621.7	1119.09
3622.1	1081.22
3622.49	1105.14
3622.89	1145.21
3623.28	1142.85
3623.68	1162.3
3624.08	1156.4
3624.47	1158.58
3624.87	1109.69
3625.26	1140.55
3625.66	1097.4
3626.05	1111.96
3626.45	1114.55
3626.84	1096.77
3627.23	1138.73
3627.63	1130.3
3628.02	1114.17
3628.42	1126.06
3628.81	1145
3629.21	1093
3629.6	1136.23
3630	1117.47
3630.39	1072.66
3630.79	1052.37
3631.18	1114.82
3631.58	1075.38
3631.97	1074.72
3632.37	1080.86
3632.76	1055.45
3633.15	1053.18
3633.55	1110.82
3633.94	1073.96
3634.34	1089.57
3634.73	1064.41
3635.13	1066.84
3635.52	1128.71
3635.91	1040.37
3636.31	1103.08
3636.7	1028.15
3637.1	1042.5
3637.49	1028.79
3637.88	1054.09
3638.28	1047.02
3638.67	1029.08
3639.06	1050.09
3639.46	987.06
3639.85	1016.8
3640.25	1024.21
3640.64	1028.2
3641.03	966.424
3641.43	997.5
3641.82	981.545
3642.21	986.21
3642.61	982.909
3643	983.05
3643.39	1015.55
3643.79	1007.95
3644.18	1048.01
3644.57	1038.91
3644.97	997.262
3645.36	972.709
3645.75	975.581
3646.15	974.018
3646.54	966.151
3646.93	959.756
3647.33	992.181
3647.72	952.368
3648.11	1003.45
3648.5	954.039
3648.9	961.541
3649.29	987.205
3649.68	948.698
3650.08	942.232
3650.47	935.192
3650.86	937.018
3651.25	936.612
3651.65	940.94
3652.04	962.207
3652.43	944.332
3652.82	929.531
3653.22	943.466
3653.61	925.056
3654	932.595
3654.39	940.902
3654.79	944.485
3655.18	894.282
3655.57	907.076
3655.96	919.792
3656.36	912.759
3656.75	910.541
3657.14	887.014
3657.53	886.937
3657.92	923.908
3658.32	918.689
3658.71	904.697
3659.1	916.066
3659.49	889.531
3659.88	900.761
3660.27	846.858
3660.67	875.546
3661.06	869.575
3661.45	843.206
3661.84	865.275
3662.23	858.181
3662.62	857.189
3663.02	827.881
3663.41	854.193
3663.8	876.322
3664.19	806.937
3664.58	823.71
3664.97	817.253
3665.36	856.435
3665.76	790.677
3666.15	829.892
3666.54	837.806
3666.93	813.405
3667.32	824.405
3667.71	809.927
3668.1	826.607
3668.49	833.931
3668.88	819.356
3669.28	774.193
3669.67	775.165
3670.06	803.74
3670.45	795.877
3670.84	761.622
3671.23	740.97
3671.62	808.297
3672.01	799.955
3672.4	804.014
3672.79	831.7
3673.18	780.272
3673.57	794.302
3673.96	820.75
3674.36	793.851
3674.75	735.792
3675.14	727.178
3675.53	785.575
3675.92	772.546
3676.31	770.729
3676.7	769.246
3677.09	767.458
3677.48	765.394
3677.87	763.055
3678.26	772.207
3678.65	769.528
3679.04	766.938
3679.43	723.696
3679.82	745.811
3680.21	719.311
3680.6	743.161
3680.99	739.082
3681.38	726.796
3681.77	748.81
3682.16	738.919
3682.55	701.876
3682.94	699.024
3683.33	717.319
3683.72	738.657
3684.11	738.201
3684.5	731.908
3684.89	735.217
3685.27	705.755
3685.66	752.597
3686.05	715.223
3686.44	736.947
3686.83	748.617
3687.22	718.099
3687.61	729.73
3688	759.209
3688.39	680.553
3688.78	703.26
3689.17	697.195
3689.56	724.593
3689.95	694.949
3690.33	667.111
3690.72	684.58
3691.11	709.979
3691.5	730.248
3691.89	690.972
3692.28	693.606
3692.67	716.112
3693.06	722.464
3693.45	739.006
3693.83	670.378
3694.22	720.398
3694.61	695.839
3695	715.6
3695.39	677.665
3695.78	696.511
3696.17	683.417
3696.55	694.316
3696.94	719.599
3697.33	689.486
3697.72	684.307
3698.11	668.76
3698.5	673.396
3698.88	695.031
3699.27	677.27
3699.66	663.824
3700.05	640.136
3700.44	648.362
3700.82	688.791
3701.21	650.625
3701.6	650.775
3701.99	720.588
3702.38	669.511
3702.76	664.612
3703.15	698.247
3703.54	674.413
3703.93	667.996
3704.32	700.886
3704.7	642.575
3705.09	641.558
3705.48	675.781
3705.87	686.975
3706.25	641.412
3706.52	630.412
3706.92	593.412
3707.31	544.412
3707.71	574.412
3708.1	594.412
3708.5	618.412
3708.89	623.412
3709.29	601.412
3709.68	640.412
3710.07	650.412
3710.47	632.412
3710.86	634.412
3711.26	641.412
3711.65	585.412
3712.05	634.412
3712.44	666.412
3712.83	633.412
3713.23	612.412
3713.62	612.412
3714.02	598.412
3714.41	629.412
3714.8	578.412
3715.2	618.412
3715.59	633.412
3715.99	633.412
3716.38	597.412
3716.77	623.412
3717.17	653.412
3717.56	638.412
3717.95	650.412
3718.35	632.412
3718.74	649.412
3719.14	623.412
3719.53	616.412
3719.92	660.412
3720.32	653.412
3720.71	602.412
3721.1	612.412
3721.5	630.412
3721.89	613.412
3722.28	649.412
3722.68	590.412
3723.07	605.412
3723.46	587.412
3723.85	669.412
3724.25	619.412
3724.64	626.412
3725.03	583.412
3725.43	529.412
3725.82	607.827
3726.21	607.481
3726.61	607.587
3727	607.632
3727.39	606.518
3727.78	606.105
3728.18	605.14
3728.57	604.43
3728.96	559.412
3729.35	569.412
3729.75	585.412
3730.14	589.412
3730.53	600.412
3730.92	570.412
3731.32	610.412
3731.71	602.412
3732.1	624.412
3732.49	581.412
3732.89	610.412
3733.28	653.412
3733.67	619.412
3734.06	605.412
3734.46	614.412
3734.85	623.412
3735.24	531.412
3735.63	590.412
3736.02	613.412
3736.42	582.412
3736.81	623.412
3737.2	656.412
3737.59	610.412
3737.98	630.412
3738.38	579.412
3738.77	636.412
3739.16	606.412
3739.55	575.412
3739.94	600.412
3740.33	551.412
3740.73	637.412
3741.12	578.412
3741.51	557.412
3741.9	573.412
3742.29	604.412
3742.68	619.412
3743.07	622.412
3743.47	617.412
3743.86	622.412
3744.25	559.412
3744.64	599.412
3745.03	624.412
3745.42	585.412
3745.81	608.412
3746.2	600.412
3746.6	566.412
3746.99	607.412
3747.38	603.412
3747.77	614.412
3748.16	610.412
3748.55	614.412
3748.94	606.412
3749.33	590.412
3749.72	580.412
3750.11	623.412
3750.5	578.412
3750.9	589.412
3751.29	605.412
3751.68	602.412
3752.07	634.412
3752.46	614.412
3752.85	596.412
3753.24	620.412
3753.63	571.412
3754.02	602.412
3754.41	610.412
3754.8	623.412
3755.19	556.412
3755.58	608.412
3755.97	574.412
3756.36	576.412
3756.75	613.412
3757.14	624.412
3757.53	613.412
3757.92	604.412
3758.31	593.412
3758.7	600.412
3759.09	568.412
3759.48	601.412
3759.87	588.412
3760.26	572.412
3760.65	623.412
3761.04	584.412
3761.43	559.412
3761.82	607.412
3762.21	650.412
3762.6	625.412
3762.99	597.412
3763.38	645.412
3763.77	602.412
3764.16	572.412
3764.55	590.412
3764.94	594.412
3765.33	623.412
3765.72	600.412
3766.1	572.412
3766.49	601.412
3766.88	630.412
3767.27	613.412
3767.66	596.412
3768.05	565.412
3768.44	589.412
3768.83	589.412
3769.22	602.412
3769.61	606.412
3770	583.412
3770.39	558.412
3770.77	591.412
3771.16	593.412
3771.55	573.412
3771.94	568.412
3772.33	617.412
3772.72	586.412
3773.11	588.412
3773.5	605.412
3773.88	608.412
3774.27	549.412
3774.66	589.412
3775.05	582.412
3775.44	589.412
3775.83	583.412
3776.21	576.412
3776.6	560.412
3776.99	581.412
3777.38	575.412
3777.77	584.412
3778.16	563.412
3778.54	578.412
3778.93	584.412
3779.32	582.412
3779.71	558.412
3780.1	607.412
3780.48	629.412
3780.87	638.412
3781.26	597.412
3781.65	605.412
3782.04	610.412
3782.42	580.412
3782.81	544.412
3783.2	588.412
3783.59	626.412
3783.98	584.412
3784.36	575.412
3784.75	586.412
3785.14	601.412
3785.53	623.412
3785.91	604.412
3786.3	549.412
3786.69	545.412
3787.08	590.412
3787.46	550.412
3787.85	584.412
3788.24	579.412
3788.62	600.412
3789.01	583.412
3789.4	570.412
3789.79	564.412
3790.17	607.412
3790.56	604.412
3790.95	535.412
3791.33	610.412
3791.72	618.412
3792.11	556.412
3792.49	552.412
3792.88	573.412
3793.27	585.412
3793.66	614.412
3794.04	582.412
3794.43	590.412
3794.82	579.412
3795.2	659.412
3795.59	572.412
3795.98	558.412
3796.36	598.412
3796.75	582.412
3797.13	565.412
3797.52	598.412
3797.91	575.412
3798.29	567.412
3798.68	606.412
3799.07	610.412
3799.45	589.412
3799.84	571.412
3800.23	579.412
3800.61	594.412
3801	538.412
3801.38	542.412
3801.77	586.412
3802.16	562.412
3802.54	581.412
3802.93	567.412
3803.31	601.412
3803.7	590.412
3804.09	574.412
3804.47	640.412
3804.86	583.412
3805.24	542.412
3805.63	598.412
3806.02	562.412
3806.4	595.412
3806.79	573.412
3807.17	590.412
3807.56	593.412
3807.94	576.412
3808.33	578.412
3808.71	594.412
3809.1	597.412
3809.49	587.412
3809.87	599.412
3810.26	577.412
3810.64	546.412
3811.03	594.412
3811.41	543.412
3811.8	594.412
3812.18	591.412
3812.57	543.412
3812.95	565.412
3813.34	599.412
3813.72	555.412
3814.11	597.412
3814.49	591.412
3814.88	610.412
3815.26	607.412
3815.65	542.412
3816.03	554.412
3816.42	594.412
3816.8	553.412
3817.18	575.412
3817.57	588.412
3817.95	573.412
3818.34	553.412
3818.72	634.412
3819.11	594.412
3819.49	593.412
3819.88	574.412
3820.26	577.412
3820.65	596.412
3821.03	581.412
3821.41	577.412
3821.8	594.412
3822.18	616.412
3822.57	580.412
3822.95	582.412
3823.33	592.412
3823.72	608.412
3824.1	569.412
3824.49	615.412
3824.87	581.412
3825.26	552.412
3825.64	598.412
3826.02	593.412
3826.41	571.412
3826.79	529.412
3827.18	618.412
3827.56	602.412
3827.94	597.412
3828.33	600.412
3828.71	576.412
3829.09	607.412
3829.48	597.412
3829.86	568.412
3830.24	536.412
3830.63	555.412
3831.01	580.412
3831.39	551.412
3831.78	571.412
3832.16	556.412
3832.54	609.412
3832.93	612.412
3833.31	572.412
3833.69	567.412
3834.08	598.412
3834.46	555.412
3834.84	588.412
3835.23	549.412
3835.61	592.412
3835.99	550.412
3836.38	543.412
3836.76	597.412
3837.14	578.412
3837.52	586.412
3837.91	614.412
3838.29	599.412
3838.67	557.412
3839.05	573.412
3839.44	587.412
3839.82	553.412
3840.2	586.412
3840.58	553.412
3840.97	545.412
3841.35	567.412
3841.73	585.412
3842.11	540.412
3842.5	581.412
3842.88	572.412
3843.26	606.412
3843.64	553.412
3844.03	572.412
3844.41	606.412
3844.79	563.412
3845.17	589.412
3845.55	556.412
3845.94	572.412
3846.32	629.412
3846.7	598.412
3847.08	558.412
3847.46	588.412
3847.85	600.412
3848.23	547.412
3848.61	600.412
3848.99	567.412
3849.37	593.412
3849.75	585.412
3850.14	568.412
3850.52	597.412
3850.9	593.412
3851.28	551.412
3851.66	606.412
3852.04	523.412
3852.43	596.412
3852.81	564.412
3853.19	572.412
3853.57	573.412
3853.95	578.412
3854.33	509.412
3854.71	601.412
3855.1	565.412
3855.48	570.412
3855.86	577.412
3856.24	567.412
3856.62	570.412
3857	600.412
3857.38	577.412
3857.76	594.412
3858.14	600.412
3858.53	594.412
3858.91	548.412
3859.29	619.412
3859.67	589.412
3860.05	555.412
3860.43	550.412
3860.81	566.412
3861.19	585.412
3861.57	568.412
3861.95	562.412
3862.33	562.412
3862.71	565.412
3863.09	555.412
3863.47	561.412
3863.85	566.412
3864.23	581.412
3864.62	550.412
3865	593.412
3865.38	543.412
3865.76	576.412
3866.14	540.412
3866.52	594.412
3866.9	575.412
3867.28	549.412
3867.66	547.412
3868.04	594.412
3868.42	531.412
3868.8	547.412
3869.18	574.412
3869.56	584.412
3869.94	582.412
3870.32	572.412
3870.7	565.412
3871.08	530.412
3871.46	602.412
3871.83	595.412
3872.21	568.412
3872.59	549.412
3872.97	586.412
3873.35	564.412
3873.73	558.412
3874.11	550.412
3874.49	577.412
3874.87	548.412
3875.25	586.412
3875.63	640.412
3876.01	563.412
3876.39	568.412
3876.77	529.412
3877.15	584.412
3877.53	555.412
3877.91	565.412
3878.28	565.412
3878.66	536.412
3879.04	561.412
3879.42	553.412
3879.8	577.412
3880.18	585.412
3880.56	622.412
3880.94	581.412
3881.32	547.412
3881.69	591.412
3882.07	563.412
3882.45	582.412
3882.83	581.412
3883.21	599.412
3883.59	592.412
3883.97	535.412
3884.35	580.412
3884.72	601.412
3885.1	547.412
3885.48	540.412
3885.86	604.412
3886.24	537.412
3886.62	558.412
3886.99	570.412
3887.37	557.412
3887.75	540.412
3888.13	547.412
3888.51	599.412
3888.89	547.412
3889.26	533.412
3889.64	533.412
3890.02	560.412
3890.4	562.412
3890.78	553.412
3891.15	616.412
3891.53	545.412
3891.91	558.412
3892.29	543.412
3892.66	571.412
3893.04	571.412
3893.42	552.412
3893.8	625.412
3894.18	571.412
3894.55	594.412
3894.93	562.412
3895.31	567.412
3895.69	596.412
3896.06	572.412
3896.44	586.412
3896.82	565.412
3897.2	580.412
3897.57	560.412
3897.95	594.412
3898.33	560.412
3898.7	581.412
3899.08	578.412
3899.46	571.412
3899.84	551.412
3900.21	582.412
3900.59	564.412
3900.97	563.412
3901.34	579.412
3901.72	588.412
3902.1	511.412
3902.48	568.412
3902.85	568.412
3903.23	553.412
3903.61	558.412
3903.98	583.412
3904.36	575.412
3904.74	576.412
3905.11	567.412
3905.49	573.412
3905.87	549.412
3906.24	558.412
3906.62	578.412
3906.99	587.412
3907.37	583.412
3907.75	605.412
3908.12	593.412
3908.5	604.412
3908.88	624.412
3909.25	602.412
3909.63	585.412
3910.01	548.412
3910.38	551.412
3910.76	556.412
3911.13	564.412
3911.51	549.412
3911.89	573.412
3912.26	566.412
3912.64	578.412
3913.01	550.412
3913.39	536.412
3913.77	563.412
3914.14	549.412
3914.52	582.412
3914.89	565.412
3915.27	532.412
3915.65	575.412
3916.02	557.412
3916.4	631.412
3916.77	558.412
3917.15	553.412
3917.52	591.412
3917.9	592.412
3918.27	574.412
3918.65	551.412
3919.02	551.412
3919.4	498.412
3919.77	521.412
3920.15	536.412
3920.53	541.412
3920.9	530.412
3921.28	507.412
3921.65	578.412
3922.03	568.412
3922.4	591.412
3922.78	607.412
3923.15	588.412
3923.53	559.412
3923.9	535.412
3924.28	587.412
3924.65	570.412
3925.03	565.412
3925.4	563.412
3925.77	565.412
3926.15	536.412
3926.52	578.412
3926.9	563.412
3927.27	585.412
3927.65	569.412
3928.02	555.412
3928.4	582.412
3928.77	563.412
3929.15	569.412
3929.52	548.412
3929.89	521.412
3930.27	556.412
3930.64	576.412
3931.02	602.412
3931.39	564.412
3931.77	585.412
3932.14	585.412
3932.51	582.412
3932.89	581.412
3933.26	579.412
3933.64	586.412
3934.01	569.412
3934.38	545.412
3934.76	586.412
3935.13	566.412
3935.51	523.412
3935.88	557.412
3936.25	536.412
3936.63	571.412
3937	555.412
3937.38	576.412
3937.75	575.412
3938.12	569.412
3938.5	557.412
3938.87	546.412
3939.24	513.412
3939.62	566.412
3939.99	556.412
3940.36	580.412
3940.74	546.412
3941.11	553.412
3941.48	577.412
3941.86	571.412
3942.23	545.412
3942.6	545.412
3942.98	526.412
3943.35	579.412
3943.72	570.412
3944.1	577.412
3944.47	558.412
3944.84	555.412
3945.21	582.412
3945.59	527.412
3945.96	579.412
3946.33	591.412
3946.71	558.412
3947.08	541.412
3947.45	589.412
3947.82	545.412
3948.2	569.412
3948.57	577.412
3948.94	544.412
3949.32	579.412
3949.69	567.412
3950.06	584.412
3950.43	585.412
3950.81	570.412
3951.18	557.412
3951.55	555.412
3951.92	613.412
3952.29	555.412
3952.67	561.412
3953.04	548.412
3953.41	558.412
3953.78	556.412
3954.16	537.412
3954.53	535.412
3954.9	567.412
3955.27	558.412
3955.64	600.412
3956.02	553.412
3956.39	559.412
3956.76	543.412
3957.13	553.412
3957.5	552.412
3957.87	553.412
3958.25	597.412
3958.62	594.412
3958.99	539.412
3959.36	558.412
3959.73	546.412
3960.11	565.412
3960.48	567.412
3960.85	553.412
3961.22	553.412
3961.59	577.412
3961.96	559.412
3962.33	505.412
3962.71	555.412
3963.08	543.412
3963.45	544.412
3963.82	586.412
3964.19	572.412
3964.56	562.412
3964.93	568.412
3965.3	507.412
3965.68	566.412
3966.05	579.412
3966.42	564.412
3966.79	541.412
3967.16	547.412
3967.53	550.412
3967.9	537.412
3968.27	519.412
3968.64	578.412
3969.01	523.412
3969.38	559.412
3969.75	560.412
3970.12	578.412
3970.5	556.412
3970.87	570.412
3971.24	588.412
3971.61	547.412
3971.98	602.412
3972.35	580.412
3972.72	559.412
3973.09	548.412
3973.46	568.412
3973.83	531.412
3974.2	583.412
3974.57	582.412
3974.94	573.412
3975.31	561.412
3975.68	549.412
3976.05	601.412
3976.42	550.412
3976.79	565.412
3977.16	537.412
3977.53	551.412
3977.9	594.412
3978.27	568.412
3978.64	544.412
3979.01	590.412
3979.38	573.412
3979.75	564.412
3980.12	543.412
3980.49	573.412
3980.86	564.412
3981.23	534.412
3981.6	556.412
3981.97	594.412
3982.34	551.412
3982.71	569.412
3983.08	577.412
3983.45	557.412
3983.82	551.412
3984.19	535.412
3984.55	555.412
3984.92	565.412
3985.29	546.412
3985.66	517.412
3986.03	571.412
3986.4	520.412
3986.77	517.412
3987.14	601.412
3987.51	589.412
3987.88	572.412
3988.25	520.412
3988.61	580.412
3988.98	562.412
3989.35	554.412
3989.72	570.412
3990.09	551.412
3990.46	530.412
3990.83	556.412
3991.2	533.412
3991.56	565.412
3991.93	564.412
3992.3	543.412
3992.67	555.412
3993.04	555.412
3993.41	575.412
3993.78	573.412
3994.15	550.412
3994.51	542.412
3994.88	601.412
3995.25	570.412
3995.62	562.412
3995.99	556.412
3996.36	528.412
3996.72	555.412
3997.09	566.412
3997.46	536.412
3997.83	562.412
3998.2	545.412
3998.56	561.412
3998.93	526.412
3999.3	560.412
3999.67	564.412
4000.04	539.412
