19.7123	2956.53
20.3887	2958.53
21.0651	2945.53
21.7414	2962.53
22.4176	3035.53
23.0939	2933.53
23.77	3045.53
24.4462	3074.53
25.1222	3056.53
25.7983	3076.53
26.4742	3142.53
27.1502	3164.53
27.8261	3183.53
28.5019	3226.53
29.1777	3182.53
29.8534	3111.53
30.5291	3272.53
31.2048	3311.53
31.8804	3408.53
32.5559	3396.53
33.2314	3517.53
33.9069	3460.53
34.5823	3573.53
35.2577	3570.53
35.933	3754.53
36.6083	3715.53
37.2835	3710.53
37.9587	3740.53
38.6338	3649.53
39.3066	3765.53
39.9817	3633.53
40.6566	3872.53
41.3316	3957.53
42.0065	4074.53
42.6813	4063.53
43.3539	3988.53
44.0286	3972.53
44.7033	4008.53
45.378	4086.53
46.0526	4061.53
46.7249	4058.53
47.3994	4072.53
48.0739	4120.53
48.7483	4120.53
49.4204	4141.53
50.0947	4182.53
50.769	4196.53
51.4433	4289.53
52.1152	4155.53
52.7893	4220.53
53.4634	4177.53
54.1352	4271.53
54.8092	4274.53
55.4831	4274.53
56.1548	4279.53
56.8286	4340.53
57.5024	4317.53
58.1739	4385.53
58.8477	4419.53
59.5213	4473.53
60.1927	4434.53
60.8663	4413.53
61.5375	4125.53
62.211	4226.53
62.8845	4257.53
63.5556	4297.53
64.2289	4365.53
64.8999	4384.53
65.5732	4362.53
66.2441	4322.53
66.9173	4273.53
67.5881	4163.53
68.2612	4262.53
68.9319	4266.53
69.6049	4216.53
70.2755	4377.53
70.9484	4272.53
71.619	4309.53
72.2918	4341.53
72.9622	4200.53
73.6349	4254.53
74.3053	4264.53
74.9756	4259.53
75.6482	4296.53
76.3184	4322.53
76.9909	4316.53
77.661	4318.53
78.3311	4182.53
79.0034	4262.53
79.6734	4245.53
80.3433	4202.53
81.0155	4266.53
81.6854	4312.53
82.3552	4406.53
83.0272	4274.53
83.6969	4264.53
84.3666	4089.53
85.0385	4167.53
85.7081	4132.53
86.3776	4227.53
87.0471	4233.53
87.7188	4197.53
88.3882	4285.53
89.0575	4225.53
89.7268	4226.53
90.3961	4206.53
91.0676	4232.53
91.7367	4193.53
92.4059	4235.53
93.0749	4165.53
93.7439	4204.53
94.4152	4226.53
95.0841	4123.53
95.753	4153.53
96.4218	4042.53
97.0906	4188.53
97.7594	4106.53
98.4281	4122.53
99.0967	4215.53
99.7676	4067.53
100.436	4121.53
101.105	4100.53
101.773	4090.53
102.442	4098.53
103.11	4108.53
103.778	4103.53
104.447	4003.53
105.115	4024.53
105.783	4140.53
106.451	4036.53
107.119	4150.53
107.787	4043.53
108.455	3988.53
109.123	4001.53
109.791	4052.53
110.459	4053.53
111.127	4019.53
111.795	4020.53
112.462	4098.53
113.13	4055.53
113.795	4004.53
114.463	3999.53
115.13	4064.53
115.798	3969.53
116.465	3867.53
117.133	3886.53
117.8	3869.53
118.467	3789.53
119.132	3857.53
119.8	3876.53
120.467	3806.53
121.134	3828.53
121.801	3848.53
122.466	3841.53
123.133	3844.53
123.8	3908.53
124.467	3880.53
125.133	3960.53
125.798	3954.53
126.465	3919.53
127.131	3880.53
127.796	3861.53
128.462	3752.53
129.129	3693.53
129.796	3808.81
130.46	3785.62
131.126	3761.57
131.793	3729.76
132.457	3675.01
133.123	3669.18
133.789	3662.2
134.453	3701.58
135.119	3720.7
135.783	3734.48
136.449	3740.33
137.115	3736.99
137.779	3615.53
138.445	3665.53
139.108	3711.53
139.774	3664.53
140.438	3726.53
141.104	3739.53
141.769	3702.53
142.433	3667.53
143.098	3658.53
143.762	3644.53
144.427	3699.53
145.09	3752.53
145.756	3658.53
146.419	3737.53
147.084	3646.53
147.747	3714.53
148.41	3611.53
149.075	3736.53
149.738	3683.53
150.403	3619.53
151.066	3597.53
151.731	3612.53
152.394	3620.53
153.056	3602.53
153.721	3704.53
154.384	3626.53
155.046	3532.53
155.711	3549.53
156.374	3591.53
157.036	3574.53
157.701	3543.53
158.363	3608.53
159.025	3612.53
159.69	3582.53
160.352	3428.53
161.014	3490.53
161.676	3551.53
162.34	3414.53
163.002	3497.53
163.664	3554.53
164.326	3432.53
164.99	3537.53
165.652	3476.53
166.314	3470.53
166.975	3391.53
167.637	3481.53
168.301	3391.53
168.962	3462.53
169.624	3380.53
170.285	3371.53
170.947	3548.53
171.608	3454.53
172.272	3449.53
172.933	3448.53
173.594	3440.53
174.255	3480.53
174.917	3429.53
175.578	3464.53
176.239	3491.53
176.9	3306.53
177.561	3388.53
178.222	3416.53
178.882	3369.53
179.543	3387.53
180.204	3444.53
180.865	3413.53
181.526	3427.53
182.186	3417.53
182.847	3338.53
183.507	3317.53
184.168	3253.53
184.828	3157.53
185.489	3225.53
186.149	3268.53
186.809	3227.53
187.47	3198.53
188.13	3234.53
188.79	3150.53
189.45	3269.53
190.11	3358.53
190.768	3364.53
191.428	3409.53
192.088	3312.53
192.748	3393.53
193.408	3343.53
194.068	3269.53
194.728	3308.53
195.385	3263.53
196.045	3224.53
196.705	3224.53
197.364	3132.53
198.021	3209.53
198.681	3153.53
199.34	3230.53
200	3294.53
200.657	3271.53
201.316	3276.53
201.976	3199.53
202.635	3265.53
203.292	3212.53
203.951	3161.53
204.61	3332.53
205.267	3339.53
205.926	3201.53
206.585	3174.53
207.242	3180.53
207.9	3316.53
208.559	3227.53
209.216	3213.53
209.875	3259.53
210.533	3151.53
211.19	3208.53
211.848	3167.53
212.505	3155.53
213.163	3174.53
213.819	3193.84
214.478	3193.52
215.134	3193.95
215.792	3180.1
216.451	3154.49
217.107	3151.09
217.765	3149.71
218.421	3145.67
219.079	3168.23
219.735	3164.82
220.391	3176.57
221.049	3174.35
221.704	3108.53
222.362	3089.53
223.018	3224.53
223.675	3155.53
224.331	3207.53
224.989	3117.53
225.644	3128.53
226.3	3093.53
226.957	3201.53
227.612	3189.53
228.268	3150.53
228.925	3182.53
229.58	3230.53
230.235	3267.53
230.893	3193.53
231.548	3213.53
232.203	3162.53
232.86	3168.53
233.515	3191.53
234.17	3170.53
234.827	3096.53
235.481	3183.53
236.136	3161.53
236.791	3244.53
237.448	3133.53
238.102	3184.53
238.757	3122.53
239.411	3091.53
240.066	3082.53
240.722	3127.53
241.377	3137.53
242.031	3193.53
242.685	3158.53
243.339	3123.53
243.993	3186.53
244.648	3182.53
245.304	3088.53
245.958	3160.53
246.612	3238.53
247.266	3129.53
247.92	3199.53
248.574	3131.53
249.227	3129.53
249.881	3009.53
250.535	3140.53
251.189	3077.53
251.842	3102.53
252.496	3150.53
253.149	3119.53
253.803	3106.53
254.456	3195.53
255.11	3121.53
255.763	3149.53
256.416	3031.53
257.07	3108.53
257.723	3173.53
258.376	3128.53
259.029	3129.53
259.682	3194.53
260.335	3173.53
260.988	3209.53
261.641	3129.53
262.294	3063.53
262.947	3160.53
263.598	3124.53
264.251	3146.53
264.903	3166.53
265.556	3136.53
266.209	3129.53
266.861	3112.53
267.512	3114.53
268.164	3009.53
268.817	3062.53
269.469	3039.53
270.121	3064.53
270.772	3151.53
271.424	3064.53
272.076	3075.53
272.728	3094.53
273.378	3218.53
274.03	3161.53
274.682	3142.53
275.332	3182.53
275.984	3143.53
276.636	3145.53
277.288	3112.53
277.938	3150.53
278.59	3139.53
279.239	3096.53
279.891	3240.53
280.542	3087.53
281.192	3133.53
281.843	3122.53
282.495	3151.53
283.144	3123.53
283.796	3171.53
284.445	3183.53
285.096	3177.53
285.745	3120.53
286.397	3136.53
287.048	3185.53
287.697	3130.53
288.348	3076.53
288.997	3197.53
289.648	3197.53
290.297	3183.53
290.948	3023.53
291.596	3145.53
292.247	3193.53
292.896	3170.53
293.544	3186.53
294.195	3143.53
294.844	3186.53
295.494	3170.53
296.143	3185.53
296.793	3112.53
297.441	3104.53
298.09	3145.53
298.74	3192.53
299.388	3144.53
300.036	3122.53
300.687	3142.53
301.335	3238.53
301.983	3232.53
302.633	3209.53
303.281	3161.53
303.929	3188.53
304.579	3198.53
305.227	3178.53
305.874	3186.53
306.522	3156.53
307.172	3133.53
307.819	3171.53
308.467	3170.53
309.114	3094.53
309.764	3053.53
310.412	3065.53
311.059	3118.53
311.706	3213.53
312.354	3260.53
313.003	3165.53
313.65	3150.53
314.297	3103.53
314.944	3194.53
315.592	3110.53
316.239	3206.53
316.886	3210.53
317.535	3195.53
318.182	3148.53
318.828	3226.53
319.475	3234.53
320.122	3211.53
320.769	3234.53
321.415	3278.53
322.062	3208.53
322.709	3140.53
323.355	3160.53
324.002	3256.53
324.648	3257.53
325.294	3214.53
325.941	3356.53
326.587	3241.53
327.233	3261.53
327.88	3193.53
328.526	3298.53
329.172	3185.53
329.818	3328.53
330.464	3313.53
331.11	3202.53
331.754	3295.53
332.4	3241.53
333.046	3164.53
333.692	3295.53
334.337	3244.53
334.983	3283.53
335.629	3319.53
336.275	3235.53
336.918	3200.53
337.564	3248.53
338.209	3180.53
338.855	3354.53
339.5	3296.53
340.143	3345.53
340.789	3276.53
341.434	3270.53
342.079	3260.53
342.722	3200.53
343.367	3300.53
344.012	3309.53
344.658	3308.53
345.3	3311.53
345.945	3311.53
346.59	3278.53
347.233	3315.53
347.878	3238.53
348.523	3360.53
349.165	3296.53
349.81	3352.53
350.455	3348.53
351.097	3390.53
351.742	3336.53
352.384	3311.53
353.029	3320.53
353.673	3346.53
354.315	3345.53
354.96	3358.53
355.602	3300.53
356.246	3296.53
356.888	3288.53
357.533	3399.53
358.175	3331.53
358.819	3381.53
359.461	3384.53
360.105	3376.53
360.746	3372.53
361.39	3474.53
362.032	3387.53
362.676	3470.53
363.318	3440.53
363.961	3395.53
364.603	3391.53
365.247	3234.53
365.888	3377.53
366.529	3390.53
367.173	3476.53
367.814	3418.53
368.456	3384.53
369.099	3503.53
369.74	3338.53
370.381	3386.53
371.025	3336.53
371.666	3433.53
372.307	3448.53
372.95	3429.53
373.591	3462.53
374.232	3388.53
374.875	3396.53
375.516	3421.53
376.156	3421.53
376.797	3382.53
377.44	3403.53
378.081	3506.53
378.721	3458.53
379.362	3537.53
380.002	3428.53
380.645	3482.53
381.285	3505.53
381.926	3506.53
382.566	3484.53
383.206	3507.53
383.847	3503.53
384.489	3480.53
385.129	3542.53
385.769	3598.53
386.409	3534.53
387.049	3587.53
387.689	3522.53
388.329	3506.53
388.969	3510.53
389.609	3498.53
390.249	3599.53
390.889	3676.53
391.528	3563.53
392.168	3551.53
392.81	3609.53
393.449	3517.53
394.089	3654.53
394.726	3515.53
395.366	3627.53
396.005	3585.53
396.645	3597.53
397.284	3535.53
397.923	3597.53
398.562	3641.53
399.202	3616.53
399.841	3680.53
400.48	3686.53
401.119	3738.53
401.758	3626.53
402.397	3580.53
403.034	3619.53
403.673	3581.53
404.311	3618.53
404.95	3664.53
405.589	3603.53
406.228	3612.53
406.864	3662.53
407.503	3621.53
408.142	3622.53
408.78	3730.53
409.419	3700.53
410.055	3711.53
410.693	3692.53
411.332	3731.53
411.968	3777.53
412.606	3665.53
413.244	3744.53
413.883	3720.53
414.519	3748.53
415.157	3737.53
415.795	3771.53
416.431	3725.53
417.069	3791.53
417.707	3797.53
418.342	3875.53
418.98	3778.53
419.616	3762.53
420.254	3879.53
420.891	3768.53
421.527	3860.53
422.165	3783.53
422.8	3867.53
423.438	3967.53
424.075	3864.53
424.71	3849.53
425.348	3883.53
425.983	3913.53
426.62	3802.53
427.256	3808.53
427.893	3859.53
428.528	3984.53
429.165	3939.53
429.8	3919.53
430.435	3948.53
431.072	3952.53
431.707	3906.53
432.344	4027.53
432.979	3999.53
433.615	3930.53
434.25	4080.53
434.885	4004.53
435.521	3999.53
436.156	4046.53
436.79	4088.53
437.427	4027.53
438.061	4086.53
438.696	4116.53
439.332	4096.53
439.967	4111.53
440.601	4096.53
441.237	4143.53
441.871	4136.53
442.505	4146.53
443.142	4141.53
443.776	4052.53
444.41	4084.53
445.044	4160.53
445.678	4186.53
446.314	4238.53
446.947	4294.53
447.581	4204.53
448.215	4206.53
448.849	4158.53
449.484	4171.53
450.118	4215.53
450.752	4248.53
451.385	4267.53
452.018	4313.53
452.652	4109.53
453.285	4166.53
453.921	4274.53
454.554	4177.53
455.187	4207.53
455.821	4348.53
456.454	4334.53
457.087	4323.53
457.72	4327.53
458.353	4245.53
458.986	4264.53
459.619	4289.53
460.252	4372.53
460.885	4404.53
461.518	4440.53
462.15	4363.53
462.783	4276.53
463.416	4446.53
464.048	4330.53
464.681	4304.53
465.314	4248.53
465.946	4306.53
466.579	4321.53
467.209	4369.53
467.841	4460.53
468.474	4414.53
469.106	4329.53
469.738	4504.53
470.371	4433.53
471.003	4448.53
471.633	4437.53
472.265	4405.53
472.897	4330.53
473.529	4455.53
474.161	4475.53
474.791	4498.53
475.423	4401.53
476.054	4454.53
476.686	4387.53
477.318	4425.53
477.948	4396.53
478.579	4401.53
479.211	4349.53
479.84	4466.53
480.472	4287.53
481.103	4346.53
481.733	4461.53
482.364	4363.4
482.996	4498.07
483.625	4360.63
484.256	4553.11
484.887	4453.18
485.516	4484.16
486.148	4427.06
486.779	4380.64
487.408	4366.09
488.039	4408.13
488.668	4470.77
489.298	4433.05
489.927	4376.98
490.558	4380.67
491.187	4317.99
491.818	4262.3
492.446	4359.66
493.077	4285.12
493.705	4336.46
494.336	4205.83
494.964	4283.75
495.595	4267.72
496.223	4219.63
496.854	4229.78
497.482	4302.44
498.112	4322.69
498.741	4290.59
499.371	4253.32
499.999	4145.87
500.627	4082.32
501.257	4152.07
501.885	4161.51
502.513	4171.27
503.143	4116.77
503.771	4136.51
504.399	4092.47
505.029	3976.84
505.656	4012.56
506.284	4036.33
506.914	3989.34
507.541	3963.6
508.169	4037.27
508.796	3946.18
509.426	3895.67
510.054	3867
510.681	3830.01
511.308	3837.72
511.938	3870.61
512.565	3863.24
513.192	3807.12
513.819	3808.18
514.446	3742.45
515.076	3769.26
515.703	3744.24
516.33	3649.92
516.957	3692.92
517.584	3668.02
518.21	3584.31
518.837	3569.26
519.464	3603.72
520.093	3573.91
520.72	3558.62
521.346	3565.5
521.973	3503.79
522.6	3474.94
523.226	3468.97
523.853	3304.01
524.479	3378.86
525.105	3346.07
525.732	3250.38
526.358	3356.28
526.984	3343.38
527.611	3310.18
528.237	3301.25
528.863	3164.82
529.489	3297.08
530.115	3223.37
530.741	3259.45
531.365	3246.81
531.991	3216.71
532.617	3158.5
533.243	3140.51
533.869	3150.7
534.495	3129.39
535.12	3153.77
535.746	3073.79
536.369	3112.59
536.995	3059.99
537.621	3009.7
538.246	3026.62
538.872	3034.67
539.495	2971.82
540.12	3043.89
540.746	3017.82
541.371	2952.61
541.994	2978.92
542.62	2966.62
543.245	2964.23
543.87	2938.13
544.493	2924.11
545.118	2952.23
545.743	2904.92
546.366	2948.15
546.991	2893.22
547.616	2913.13
548.238	2880.7
548.863	2891.32
549.488	2888.01
550.111	2857.59
550.735	2900.74
551.36	2832.47
551.982	2862.54
552.607	2868.87
553.229	2821.36
553.854	2776.21
554.476	2776.51
555.101	2787.86
555.723	2740.31
556.347	2664.07
556.969	2766.05
557.594	2754.62
558.216	2735.77
558.84	2699.44
559.462	2724.07
560.086	2726.67
560.708	2723.87
561.332	2690.32
561.954	2697.27
562.578	2696.56
563.199	2672.84
563.821	2730.49
564.445	2706.23
565.066	2638.8
565.69	2607.22
566.312	2685.15
566.933	2648.69
567.557	2624.94
568.178	2611.64
568.799	2641.64
569.423	2628.45
570.044	2594.62
570.665	2581.62
571.289	2646.67
571.91	2591.18
572.531	2566.53
573.152	2603.82
573.775	2592.46
574.396	2535.73
575.017	2541.44
575.638	2549.63
576.261	2482.42
576.882	2482.85
577.503	2465.28
578.123	2423.6
578.744	2462.66
579.365	2470.63
579.987	2499.78
580.608	2409.33
581.229	2429.95
581.849	2465.74
582.47	2443.18
583.09	2472.55
583.71	2439.64
584.331	2455.38
584.951	2364.43
585.571	2378.75
586.194	2332.55
586.814	2258.81
587.434	2347.5
588.054	2332.1
588.674	2313.57
589.294	2286.33
589.914	2278.71
590.534	2269.89
591.154	2279.74
591.774	2280.97
592.391	2280.47
593.011	2271.53
593.631	2181.3
594.25	2153.07
594.87	2216.43
595.49	2225.96
596.109	2234.97
596.729	2183.9
597.348	2227.75
597.967	2210.1
598.585	2227.24
599.204	2191.54
599.823	2184.16
600.443	2176.97
601.062	2155.28
601.681	2141.11
602.298	2160.71
602.917	2131.02
603.536	2202.75
604.155	2162.83
604.772	2120.23
605.391	2140.21
606.01	2106.74
606.629	2010.67
607.245	2097.72
607.864	2105.88
608.483	2058.22
609.099	2027.41
609.718	2046.61
610.337	2038.71
610.953	2021.55
611.572	2061.63
612.19	1958.27
612.806	1998.18
613.425	1995.33
614.043	1969.65
614.659	1955.74
615.278	2039.39
615.894	1978.75
616.512	2005.84
617.128	1988.61
617.746	1880.5
618.364	1974.53
618.98	1956.22
619.598	1941.8
620.214	1955.77
620.832	1943.25
621.448	1896.12
622.065	1892.35
622.681	1901.48
623.297	1875.83
623.914	1816.75
624.53	1917.36
625.148	1859.9
625.763	1889.79
626.381	1937.34
626.996	1876.6
627.611	1868.25
628.229	1841.41
628.844	1810.85
629.459	1890.83
630.076	1796.44
630.692	1799.48
631.307	1820.51
631.924	1823.71
632.539	1797.66
633.154	1844.97
633.771	1839.64
634.386	1766.04
635.001	1815.96
635.615	1826.34
636.232	1809.88
636.847	1762.78
637.462	1745.67
638.076	1711.44
638.693	1728.25
639.308	1733.49
639.922	1713.84
640.537	1748.49
641.151	1708.1
641.768	1716.64
642.382	1716.73
642.996	1696.97
643.611	1783.69
644.225	1750.28
644.839	1778.22
645.453	1662.34
646.067	1756.88
646.681	1697.55
647.295	1781.41
647.912	1759.04
648.526	1734.72
649.139	1725.29
649.753	1741.68
650.367	1685.3
650.981	1675.49
651.595	1703.1
652.208	1726.18
652.822	1690.9
653.436	1693.74
654.049	1699.17
654.663	1742.13
655.274	1777.47
655.459	1718.47
656.081	1698.47
656.703	1667.47
657.323	1686.47
657.945	1679.47
658.567	1656.47
659.187	1707.47
659.809	1726.47
660.43	1715.47
661.05	1718.47
661.672	1689.47
662.293	1680.47
662.913	1701.47
663.534	1697.47
664.154	1637.47
664.775	1653.47
665.397	1623.47
666.016	1660.48
666.637	1658.72
667.257	1657.99
667.878	1647.36
668.497	1633.39
669.118	1632.14
669.737	1629.4
670.358	1639.29
670.977	1636.17
671.598	1644.43
672.217	1641.7
672.838	1609.47
673.457	1627.47
674.078	1654.47
674.696	1578.47
675.317	1666.47
675.936	1650.47
676.554	1706.47
677.175	1623.47
677.794	1649.47
678.414	1648.47
679.033	1647.47
679.651	1628.47
680.271	1632.47
680.89	1597.47
681.508	1634.47
682.128	1641.47
682.746	1557.47
683.365	1575.47
683.985	1612.47
684.603	1678.47
685.221	1625.47
685.839	1680.47
686.459	1650.47
687.077	1658.47
687.695	1589.47
688.312	1622.47
688.932	1551.47
689.55	1591.47
690.168	1596.47
690.785	1645.47
691.403	1560.47
692.023	1512.47
692.64	1601.47
693.258	1577.47
693.875	1561.47
694.492	1543.47
695.11	1538.47
695.729	1574.47
696.346	1574.47
696.964	1580.47
697.581	1570.47
698.198	1579.47
698.815	1574.47
699.432	1544.47
700.049	1558.47
700.666	1624.47
701.283	1601.47
701.9	1571.47
702.517	1532.47
703.134	1586.47
703.75	1521.47
704.367	1594.47
704.984	1582.47
705.6	1569.47
706.217	1598.47
706.834	1555.47
707.45	1529.47
708.067	1580.47
708.683	1683.47
709.299	1572.47
709.916	1607.47
710.532	1561.47
711.148	1587.47
711.765	1563.47
712.379	1534.47
712.995	1555.47
713.611	1576.47
714.227	1552.47
714.843	1485.47
715.459	1618.47
716.075	1536.47
716.689	1531.47
717.305	1496.47
717.921	1567.47
718.536	1582.47
719.15	1570.47
719.766	1531.47
720.381	1537.47
720.997	1503.47
721.611	1527.47
722.226	1514.47
722.842	1554.47
723.457	1564.47
724.07	1585.47
724.686	1552.47
725.301	1558.47
725.914	1619.47
726.53	1587.47
727.145	1551.47
727.758	1535.47
728.373	1576.47
728.988	1555.47
729.601	1591.47
730.216	1539.47
730.829	1520.47
731.444	1570.47
732.059	1549.47
732.672	1572.47
733.286	1573.47
733.899	1532.47
734.514	1502.47
735.126	1539.47
735.741	1537.47
736.354	1502.47
736.968	1541.47
737.581	1561.47
738.195	1509.47
738.807	1537.47
739.422	1550.47
740.034	1563.47
740.648	1562.47
741.261	1504.47
741.873	1515.47
742.487	1529.47
743.099	1578.47
743.713	1570.47
744.325	1541.47
744.937	1521.47
745.551	1451.47
746.163	1474.47
746.777	1526.47
747.389	1511.47
748	1519.47
748.614	1545.47
749.226	1511.47
749.838	1500.47
750.449	1552.47
751.063	1483.47
751.674	1531.47
752.286	1545.47
752.899	1534.47
753.511	1554.47
754.122	1519.47
754.733	1557.47
755.347	1516.47
755.958	1530.47
756.569	1509.47
757.18	1529.47
757.791	1475.47
758.402	1505.47
759.015	1529.47
759.626	1485.47
760.237	1512.47
760.848	1544.47
761.459	1543.47
762.07	1501.47
762.681	1519.47
763.294	1505.47
763.904	1513.47
764.515	1488.47
765.126	1541.47
765.736	1522.47
766.347	1515.47
766.957	1489.47
767.568	1580.47
768.178	1552.47
768.788	1470.47
769.399	1553.47
770.009	1474.47
770.619	1554.47
771.229	1552.47
771.84	1505.47
772.45	1556.47
773.06	1499.47
773.67	1513.47
774.28	1491.47
774.89	1529.47
775.5	1515.47
776.108	1485.47
776.717	1454.47
777.327	1510.47
777.937	1518.47
778.547	1505.47
779.156	1531.47
779.766	1526.47
780.374	1547.47
780.983	1503.47
781.593	1539.47
782.202	1515.47
782.812	1616.47
783.421	1538.47
784.028	1505.47
784.638	1533.47
785.247	1536.47
785.856	1535.47
786.463	1481.47
787.073	1503.47
787.682	1553.47
788.289	1511.47
788.898	1510.47
789.507	1566.47
790.116	1513.47
790.722	1538.47
791.331	1490.47
791.94	1498.47
792.547	1517.47
793.156	1470.47
793.762	1557.47
794.371	1536.47
794.98	1503.47
795.586	1488.47
796.195	1526.47
796.801	1516.47
797.41	1537.47
798.018	1515.47
798.624	1535.47
799.233	1497.47
799.839	1400.47
800.447	1473.47
801.054	1518.47
801.662	1481.47
802.268	1504.47
802.876	1522.47
803.482	1507.47
804.09	1487.47
804.696	1454.47
805.304	1461.47
805.91	1439.47
806.516	1470.47
807.123	1468.47
807.729	1493.47
808.337	1464.47
808.943	1404.47
809.548	1486.47
810.156	1406.47
810.761	1466.47
811.367	1403.47
811.974	1450.47
812.58	1500.47
813.185	1396.47
813.792	1451.47
814.398	1435.47
815.003	1406.47
815.61	1398.47
816.216	1399.47
816.821	1378.47
817.426	1397.47
818.033	1369.47
818.638	1368.47
819.243	1396.47
819.848	1364.47
820.455	1400.47
821.06	1375.47
821.664	1349.47
822.269	1430.47
822.874	1439.47
823.479	1378.47
824.085	1359.47
824.69	1375.47
825.294	1414.47
825.899	1383.47
826.504	1379.47
827.108	1355.47
827.712	1354.47
828.317	1337.47
828.921	1302.47
829.527	1345.47
830.132	1375.47
830.736	1375.47
831.34	1373.47
831.944	1352.47
832.548	1314.47
833.152	1317.47
833.756	1377.47
834.36	1309.47
834.964	1385.47
835.568	1341.47
836.172	1367.47
836.776	1317.47
837.38	1302.47
837.981	1340.47
838.585	1307.47
839.189	1350.47
839.792	1361.47
840.396	1395.47
841	1306.47
841.603	1346.47
842.206	1341.47
842.81	1289.47
843.411	1329.47
844.015	1319.47
844.618	1282.47
845.221	1401.47
845.824	1355.47
846.425	1371.47
847.029	1350.47
847.632	1351.47
848.235	1278.47
848.838	1343.47
849.439	1323.47
850.042	1351.47
850.645	1387.47
851.245	1340.47
851.848	1318.47
852.451	1344.47
853.054	1372.47
853.654	1375.47
854.257	1411.47
854.86	1337.47
855.46	1361.47
856.063	1323.47
856.665	1344.47
857.266	1401.47
857.868	1331.47
858.469	1367.47
859.071	1427.47
859.673	1404.47
860.273	1365.47
860.876	1388.47
861.476	1387.47
862.078	1368.47
862.678	1391.47
863.28	1480.47
863.88	1427.47
864.482	1398.47
865.082	1440.47
865.684	1398.47
866.284	1428.47
866.886	1445.47
867.485	1441.47
868.087	1432.47
868.687	1491.47
869.289	1473.47
869.888	1435.47
870.488	1461.47
871.089	1442.47
871.689	1477.47
872.29	1427.47
872.89	1460.47
873.489	1510.47
874.09	1484.47
874.69	1478.47
875.289	1383.47
875.89	1534.47
876.489	1488.47
877.088	1415.47
877.69	1533.47
878.289	1516.47
878.888	1492.47
879.486	1477.47
880.087	1520.47
880.686	1514.47
881.285	1549.47
881.884	1545.47
882.485	1560.47
883.084	1490.47
883.682	1461.47
884.281	1536.47
884.879	1541.47
885.478	1574.47
886.079	1556.47
886.677	1624.47
887.276	1593.47
887.874	1590.47
888.472	1582.47
889.071	1564.47
889.669	1523.47
890.267	1593.47
890.868	1579.47
891.466	1561.47
892.064	1511.47
892.662	1553.47
893.26	1572.47
893.858	1519.47
894.456	1537.47
895.054	1539.47
895.652	1511.47
896.25	1541.47
896.848	1614.47
897.445	1532.47
898.043	1625.47
898.641	1615.47
899.239	1581.47
899.836	1658.47
900.434	1606.47
901.029	1618.47
901.627	1599.47
902.224	1623.47
902.822	1585.47
903.419	1629.47
904.016	1628.47
904.614	1618.47
905.211	1594.47
905.806	1587.47
906.404	1575.47
907.001	1631.47
907.598	1585.47
908.195	1641.47
908.79	1647.47
909.387	1640.47
909.984	1615.47
910.581	1670.47
911.178	1680.47
911.773	1650.47
912.369	1670.47
912.966	1710.47
913.561	1665.47
914.157	1646.47
914.754	1585.47
915.351	1689.47
915.945	1640.47
916.542	1688.47
917.136	1617.47
917.733	1676.47
918.329	1649.47
918.924	1716.47
919.52	1725.47
920.116	1715.47
920.71	1673.47
921.307	1680.47
921.901	1685.47
922.497	1696.47
923.091	1747.47
923.687	1685.47
924.283	1654.47
924.877	1738.47
925.473	1692.47
926.067	1725.47
926.663	1634.47
927.257	1718.47
927.853	1700.47
928.446	1694.47
929.04	1723.47
929.636	1754.47
930.229	1738.47
930.825	1710.47
931.418	1749.47
932.014	1684.47
932.607	1716.47
933.201	1645.47
933.796	1727.47
934.39	1774.47
934.985	1675.47
935.578	1710.47
936.171	1753.47
936.767	1730.47
937.36	1663.47
937.953	1704.47
938.546	1697.47
939.141	1709.47
939.734	1773.47
940.327	1801.47
940.922	1726.47
941.515	1733.47
942.108	1725.47
942.7	1773.47
943.293	1754.47
943.888	1766.47
944.481	1707.47
945.073	1757.47
945.666	1753.47
946.258	1787.47
946.853	1752.47
947.445	1746.47
948.038	1707.47
948.63	1767.47
949.223	1751.47
949.815	1745.47
950.407	1768.47
951	1767.47
951.594	1723.47
952.186	1806.12
952.778	1788.46
953.37	1772.82
953.962	1718.14
954.554	1739.26
955.146	1736.76
955.738	1773.26
956.33	1757.61
956.922	1817.1
957.514	1774.8
958.106	1752.87
958.698	1698.39
959.289	1737.9
959.881	1763.1
960.473	1721.35
961.064	1715.73
961.654	1678.1
962.245	1791.8
962.837	1777.99
963.428	1771.42
964.02	1762
964.611	1747.67
965.202	1773.61
965.794	1752.72
966.383	1829.64
966.974	1759.51
967.565	1820.73
968.157	1739.99
968.748	1746.72
969.337	1783.67
969.928	1756.38
970.519	1754.75
971.11	1738.73
971.699	1769.77
972.289	1681.97
972.88	1717.73
973.471	1710.06
974.06	1727.71
974.651	1698.91
975.241	1787.37
975.83	1799.38
976.42	1802.72
977.011	1718.77
977.6	1763.49
978.19	1741.58
978.781	1758.61
979.369	1717.77
979.959	1769.24
980.55	1716.33
981.138	1780.52
981.728	1771.94
982.316	1792.19
982.907	1748.59
983.495	1751.52
984.085	1732.04
984.673	1735.59
985.263	1809.92
985.851	1788.22
986.441	1750.47
987.029	1788.52
987.619	1700.8
988.206	1714.38
988.796	1722.86
989.384	1735.57
989.974	1763.25
990.561	1746.13
991.151	1749.63
991.739	1700.48
992.326	1774.35
992.916	1738.39
993.503	1744.9
994.093	1730.57
994.68	1785.82
995.267	1780.12
995.857	1757.64
996.444	1707.89
997.031	1736.7
997.621	1739.33
998.208	1746.62
998.795	1712.62
999.382	1745.88
999.971	1755.26
1000.56	1759.43
1001.15	1789.38
1001.73	1672.92
1002.32	1757.35
1002.91	1710.25
1003.49	1711.85
1004.08	1717.03
1004.67	1740.83
1005.26	1739.94
1005.84	1746.9
1006.43	1733.54
1007.02	1754.35
1007.6	1769.05
1008.19	1727.05
1008.78	1779.71
1009.37	1705.99
1009.95	1753.88
1010.54	1739.96
1011.12	1721.86
1011.71	1665.23
1012.3	1738.62
1012.88	1711.72
1013.47	1725.95
1014.06	1714.13
1014.64	1736.67
1015.23	1718.89
1015.81	1728.59
1016.4	1711.57
1016.99	1743.39
1017.57	1707.69
1018.16	1734.66
1018.74	1739.16
1019.33	1745.08
1019.91	1675.85
1020.5	1653.04
1021.09	1673.44
1021.67	1703.74
1022.26	1670.77
1022.84	1703.26
1023.43	1691.14
1024.01	1659.37
1024.6	1662.49
1025.18	1705.12
1025.77	1705.8
1026.35	1736
1026.94	1671.17
1027.52	1725.07
1028.11	1688.52
1028.69	1682.42
1029.28	1678.16
1029.86	1735.42
1030.45	1698.82
1031.03	1649.06
1031.61	1695.44
1032.2	1694.85
1032.78	1615.44
1033.37	1717.93
1033.95	1704.92
1034.54	1638.86
1035.12	1627.12
1035.7	1657.12
1036.29	1675.95
1036.87	1683.27
1037.46	1703.69
1038.04	1613.32
1038.62	1644.06
1039.21	1593.45
1039.79	1622.82
1040.38	1639.52
1040.96	1592.1
1041.54	1625.28
1042.13	1566.66
1042.71	1648.26
1043.29	1576.03
1043.88	1629.99
1044.46	1626.6
1045.04	1657.03
1045.63	1643.13
1046.21	1647.9
1046.79	1599.01
1047.37	1653.09
1047.96	1662.91
1048.54	1629.45
1049.12	1597.01
1049.71	1555.31
1050.29	1499.03
1050.87	1586.36
1051.45	1585.18
1052.04	1579.47
1052.62	1558.71
1053.2	1556.54
1053.78	1554.04
1054.36	1551.29
1054.95	1572.34
1055.53	1568.48
1056.11	1577.38
1056.69	1474.37
1057.28	1498.22
1057.86	1546.25
1058.44	1571.43
1059.02	1523.1
1059.6	1585.99
1060.18	1548.32
1060.77	1592.91
1061.35	1583.5
1061.93	1554.4
1062.51	1583.02
1063.09	1539.76
1063.67	1543.44
1064.25	1561.9
1064.83	1560.23
1065.42	1538.84
1066	1523.34
1066.58	1535.58
1067.16	1552.89
1067.74	1550.44
1068.32	1556.1
1068.9	1551.66
1069.48	1544.74
1070.06	1559.09
1070.64	1554.46
1071.22	1532.68
1071.81	1574.49
1072.39	1519.33
1072.97	1519.82
1073.55	1515.1
1074.13	1505.68
1074.71	1490.06
1075.29	1472.95
1075.87	1503.3
1076.45	1500.01
1077.03	1511.56
1077.61	1470.29
1078.19	1484.76
1078.77	1512.51
1079.35	1497.14
1079.93	1475.43
1080.51	1533.1
1081.09	1525.78
1081.67	1477.14
1082.24	1476.59
1082.82	1461.15
1083.4	1496.49
1083.98	1465.81
1084.56	1511.91
1085.14	1485.9
1085.72	1463.91
1086.3	1491.85
1086.88	1480.28
1087.46	1485.8
1088.03	1440.82
1088.61	1477.98
1089.19	1433.58
1089.77	1480.84
1090.35	1504.63
1090.93	1505.29
1091.51	1444.09
1092.09	1410.56
1092.66	1473.03
1093.24	1441.8
1093.82	1443.54
1094.4	1459.89
1094.98	1437.29
1095.56	1437.28
1096.13	1470.32
1096.71	1378.56
1097.29	1400.76
1097.87	1390.08
1098.45	1316.64
1099.02	1383.85
1099.6	1307.55
1100.18	1334.29
1100.76	1375.81
1101.28	1357.81
1101.86	1358.81
1102.45	1366.81
1103.03	1350.81
1103.62	1441.81
1104.21	1370.81
1104.79	1383.81
1105.38	1375.81
1105.96	1337.81
1106.55	1358.81
1107.13	1343.81
1107.72	1325.81
1108.3	1373.81
1108.89	1360.81
1109.48	1303.81
1110.06	1330.81
1110.65	1274.81
1111.23	1295.81
1111.82	1322.81
1112.4	1334.81
1112.99	1353.81
1113.57	1294.81
1114.16	1288.81
1114.74	1344.81
1115.33	1239.81
1115.91	1358.81
1116.49	1366.81
1117.08	1369.81
1117.66	1342.81
1118.25	1330.81
1118.83	1331.81
1119.42	1318.81
1120	1324.81
1120.59	1320.81
1121.17	1329.81
1121.76	1353.81
1122.34	1392.81
1122.92	1277.81
1123.51	1268.81
1124.09	1194.81
1124.67	1268.26
1125.26	1266.65
1125.84	1264.61
1126.43	1245.89
1127.01	1243.96
1127.59	1241.36
1128.18	1237.85
1128.76	1235.43
1129.34	1232.64
1129.93	1245.87
1130.51	1243.31
1131.09	1239.66
1131.68	1236.46
1132.26	1293.81
1132.84	1250.81
1133.43	1225.81
1134.01	1215.81
1134.59	1250.81
1135.17	1154.81
1135.76	1225.81
1136.34	1182.81
1136.92	1231.81
1137.51	1233.81
1138.09	1220.81
1138.67	1236.81
1139.25	1182.81
1139.83	1209.81
1140.42	1199.81
1141	1254.81
1141.58	1195.81
1142.16	1216.81
1142.75	1185.81
1143.33	1180.81
1143.91	1166.81
1144.49	1183.81
1145.07	1195.81
1145.66	1172.81
1146.24	1156.81
1146.82	1199.81
1147.4	1185.81
1147.98	1120.81
1148.56	1175.81
1149.15	1152.81
1149.73	1210.81
1150.31	1129.81
1150.89	1145.81
1151.47	1154.81
1152.05	1187.81
1152.63	1133.81
1153.21	1130.81
1153.8	1107.81
1154.38	1090.81
1154.96	1144.81
1155.54	1112.81
1156.12	1158.81
1156.7	1116.81
1157.28	1104.81
1157.86	1059.81
1158.44	1137.81
1159.02	1083.81
1159.6	1101.81
1160.18	1117.81
1160.76	1033.81
1161.34	1061.81
1161.92	1059.81
1162.5	1027.81
1163.08	1061.81
1163.66	1044.81
1164.24	1047.81
1164.82	1085.81
1165.4	1055.81
1165.98	1015.81
1166.56	1041.81
1167.14	1078.81
1167.72	1065.81
1168.3	1017.81
1168.88	1014.81
1169.46	1054.81
1170.04	1046.81
1170.62	1026.81
1171.2	1050.81
1171.78	1087.81
1172.36	959.815
1172.94	1039.81
1173.52	1027.81
1174.1	965.815
1174.67	1013.81
1175.25	953.815
1175.83	1006.81
1176.41	997.815
1176.99	975.815
1177.57	1009.81
1178.15	991.815
1178.73	950.815
1179.31	988.815
1179.88	979.815
1180.46	966.815
1181.04	969.815
1181.62	962.815
1182.2	965.815
1182.77	967.815
1183.35	956.815
1183.93	982.815
1184.51	920.815
1185.09	923.815
1185.67	955.815
1186.24	903.815
1186.82	950.815
1187.4	913.815
1187.98	904.815
1188.55	958.815
1189.13	941.815
1189.71	918.815
1190.29	963.815
1190.86	939.815
1191.44	882.815
1192.02	930.815
1192.6	907.815
1193.17	907.815
1193.75	900.815
1194.33	889.815
1194.91	877.815
1195.48	831.815
1196.06	899.815
1196.64	900.815
1197.21	883.815
1197.79	883.815
1198.37	853.815
1198.94	860.815
1199.52	826.815
1200.1	801.815
1200.67	811.815
1201.25	847.815
1201.83	827.815
1202.4	834.815
1202.98	786.815
1203.55	806.815
1204.13	828.815
1204.71	818.815
1205.28	826.815
1205.86	771.815
1206.44	768.815
1207.01	756.815
1207.59	827.815
1208.16	810.815
1208.74	783.815
1209.31	771.815
1209.89	808.815
1210.47	783.815
1211.04	765.815
1211.62	758.815
1212.19	790.815
1212.77	749.815
1213.34	756.815
1213.92	752.815
1214.49	777.815
1215.07	719.815
1215.64	789.815
1216.22	771.815
1216.79	764.815
1217.37	744.815
1217.94	735.815
1218.52	773.815
1219.09	783.815
1219.67	708.815
1220.24	737.815
1220.82	728.815
1221.39	755.815
1221.97	760.815
1222.54	732.815
1223.11	714.815
1223.69	749.815
1224.26	683.815
1224.84	739.815
1225.41	687.815
1225.98	746.815
1226.56	722.815
1227.13	679.815
1227.71	657.815
1228.28	725.815
1228.85	704.815
1229.43	722.815
1230	704.815
1230.57	702.815
1231.15	715.815
1231.72	707.815
1232.3	695.815
1232.87	696.815
1233.44	695.815
1234.01	709.815
1234.59	706.815
1235.16	652.815
1235.73	680.815
1236.31	708.815
1236.88	656.815
1237.45	692.815
1238.03	703.815
1238.6	721.815
1239.17	690.815
1239.74	691.815
1240.32	667.815
1240.89	707.815
1241.46	697.815
1242.03	717.815
1242.61	678.815
1243.18	691.815
1243.75	676.815
1244.32	640.815
1244.9	655.815
1245.47	660.815
1246.04	657.815
1246.61	632.815
1247.18	697.815
1247.76	664.815
1248.33	657.815
1248.9	643.815
1249.47	716.815
1250.04	680.815
1250.62	652.815
1251.19	668.815
1251.76	640.815
1252.33	640.815
1252.9	696.815
1253.47	685.815
1254.04	656.815
1254.61	662.815
1255.19	643.815
1255.76	679.815
1256.33	644.815
1256.9	652.815
1257.47	661.815
1258.04	652.815
1258.61	657.815
1259.18	659.815
1259.75	677.815
1260.32	684.815
1260.9	640.815
1261.47	668.815
1262.04	633.815
1262.61	649.815
1263.18	651.815
1263.75	639.815
1264.32	647.815
1264.89	651.815
1265.46	636.815
1266.03	647.815
1266.6	659.815
1267.17	669.815
1267.74	646.815
1268.31	622.815
1268.88	676.815
1269.45	632.815
1270.02	620.815
1270.59	625.815
1271.16	619.815
1271.73	669.815
1272.3	640.815
1272.87	649.815
1273.44	604.815
1274.01	674.815
1274.58	649.815
1275.15	646.815
1275.71	648.815
1276.28	576.815
1276.85	673.815
1277.42	649.815
1277.99	672.815
1278.56	646.815
1279.13	629.815
1279.7	654.815
1280.27	623.815
1280.83	672.815
1281.4	633.815
1281.97	656.815
1282.54	652.815
1283.11	669.815
1283.68	611.815
1284.25	649.815
1284.81	594.815
1285.38	606.815
1285.95	665.815
1286.52	661.815
1287.09	653.815
1287.65	655.815
1288.22	656.815
1288.79	672.815
1289.36	622.815
1289.93	619.815
1290.49	639.815
1291.06	633.815
1291.63	640.815
1292.2	655.815
1292.76	628.815
1293.33	621.815
1293.9	610.815
1294.47	640.815
1295.03	660.815
1295.6	616.815
1296.17	673.815
1296.74	662.815
1297.3	601.815
1297.87	633.815
1298.44	614.815
1299	590.815
1299.57	640.815
1300.14	633.815
1300.7	640.815
1301.27	647.815
1301.84	625.815
1302.4	629.815
1302.97	616.815
1303.54	638.815
1304.1	657.815
1304.67	579.815
1305.24	635.815
1305.8	651.815
1306.37	673.815
1306.94	643.815
1307.5	605.815
1308.07	656.815
1308.64	640.815
1309.2	628.815
1309.77	615.815
1310.33	624.815
1310.9	602.815
1311.46	627.815
1312.03	644.815
1312.6	583.815
1313.16	636.815
1313.73	638.815
1314.29	597.815
1314.86	636.815
1315.42	567.815
1315.99	597.815
1316.55	649.815
1317.12	615.815
1317.68	643.815
1318.25	636.815
1318.81	632.815
1319.38	637.815
1319.94	617.815
1320.51	642.815
1321.07	613.815
1321.64	596.815
1322.2	622.815
1322.77	624.815
1323.33	598.815
1323.9	643.815
1324.46	633.815
1325.02	657.815
1325.59	611.815
1326.15	659.815
1326.72	625.815
1327.28	644.815
1327.85	641.815
1328.41	609.815
1328.98	638.815
1329.54	641.815
1330.1	582.815
1330.67	636.815
1331.23	640.815
1331.79	565.815
1332.36	636.815
1332.92	590.815
1333.48	619.815
1334.05	596.815
1334.61	586.815
1335.18	615.815
1335.74	628.815
1336.3	608.815
1336.87	637.815
1337.43	641.815
1337.99	668.815
1338.56	612.815
1339.12	649.815
1339.68	629.815
1340.24	602.815
1340.81	631.815
1341.37	619.815
1341.93	594.815
1342.5	627.815
1343.06	633.815
1343.62	600.815
1344.18	604.815
1344.75	605.815
1345.31	600.815
1345.87	657.815
1346.43	603.815
1347	633.815
1347.56	617.815
1348.12	584.815
1348.68	618.815
1349.24	609.815
1349.81	617.815
1350.37	637.815
1350.93	612.815
1351.49	566.815
1352.05	635.815
1352.62	625.815
1353.18	620.815
1353.74	607.815
1354.3	615.815
1354.86	661.815
1355.42	633.815
1355.99	601.815
1356.55	629.815
1357.11	629.815
1357.67	618.815
1358.23	642.815
1358.79	616.815
1359.35	620.815
1359.91	584.815
1360.47	621.815
1361.04	622.815
1361.6	593.815
1362.16	652.815
1362.72	605.815
1363.28	645.815
1363.84	643.815
1364.4	578.815
1364.96	617.815
1365.52	597.815
1366.08	625.815
1366.64	628.815
1367.2	610.815
1367.76	624.815
1368.32	638.815
1368.88	584.815
1369.44	653.815
1370	614.815
1370.56	660.815
1371.12	653.815
1371.68	610.815
1372.24	645.815
1372.8	611.815
1373.36	614.815
1373.92	624.815
1374.48	623.815
1375.04	628.815
1375.6	646.815
1376.16	620.815
1376.72	606.815
1377.28	614.815
1377.84	633.815
1378.4	616.815
1378.96	646.815
1379.52	620.815
1380.07	607.815
1380.63	622.815
1381.19	599.815
1381.75	628.815
1382.31	613.815
1382.87	631.815
1383.43	614.815
1383.99	615.815
1384.54	624.815
1385.1	608.815
1385.66	626.815
1386.22	600.815
1386.78	607.815
1387.34	605.815
1387.9	635.815
1388.45	611.815
1389.01	651.815
1389.57	610.815
1390.13	578.815
1390.69	661.815
1391.24	601.815
1391.8	607.815
1392.36	602.815
1392.92	642.815
1393.48	620.815
1394.03	601.815
1394.59	636.815
1395.15	578.815
1395.71	613.815
1396.26	615.815
1396.82	580.815
1397.38	597.815
1397.94	592.815
1398.49	607.815
1399.05	642.815
1399.61	619.815
1400.17	602.815
2600.02	656.776
2600.5	707.776
2600.97	685.776
2601.44	669.776
2601.92	687.776
2602.39	652.776
2602.87	661.776
2603.34	696.776
2603.82	694.776
2604.29	654.776
2604.76	676.776
2605.24	688.776
2605.71	676.776
2606.19	665.776
2606.66	661.776
2607.13	694.776
2607.61	660.776
2608.08	705.776
2608.55	699.776
2609.03	702.776
2609.5	633.776
2609.97	687.776
2610.45	696.776
2610.92	643.776
2611.39	706.776
2611.87	694.776
2612.34	659.776
2612.81	683.776
2613.29	666.776
2613.76	674.776
2614.23	625.776
2614.7	659.776
2615.18	660.776
2615.65	718.776
2616.12	653.776
2616.6	694.776
2617.07	665.776
2617.54	657.776
2618.01	661.776
2618.49	696.776
2618.96	699.776
2619.43	712.776
2619.91	684.776
2620.38	705.776
2620.85	715.776
2621.32	664.776
2621.8	667.776
2622.27	697.776
2622.74	685.776
2623.21	674.776
2623.68	688.776
2624.16	677.776
2624.63	669.776
2625.1	697.776
2625.57	713.776
2626.04	652.776
2626.52	693.776
2626.99	675.776
2627.46	676.776
2627.93	670.776
2628.4	700.776
2628.88	672.776
2629.35	682.776
2629.82	689.776
2630.29	665.776
2630.76	645.776
2631.23	716.776
2631.71	650.776
2632.18	689.776
2632.65	678.776
2633.12	661.776
2633.59	702.776
2634.06	689.776
2634.53	699.776
2635	702.776
2635.48	729.776
2635.95	689.776
2636.42	683.776
2636.89	698.776
2637.36	664.776
2637.83	659.776
2638.3	707.776
2638.77	656.776
2639.24	697.776
2639.71	731.776
2640.18	686.776
2640.65	687.776
2641.13	670.776
2641.6	670.776
2642.07	691.776
2642.54	644.776
2643.01	680.776
2643.48	694.776
2643.95	715.776
2644.42	695.776
2644.89	681.776
2645.36	693.776
2645.83	685.776
2646.3	682.776
2646.77	681.776
2647.24	662.776
2647.71	654.776
2648.18	674.776
2648.65	663.776
2649.12	688.776
2649.59	669.776
2650.06	654.776
2650.53	702.776
2651	676.376
2651.47	655.776
2651.94	694.776
2652.41	675.867
2652.88	688.776
2653.35	741.776
2653.81	711.776
2654.28	710.776
2654.75	680.776
2655.22	679.776
2655.69	728.776
2656.16	675.776
2656.63	676.073
2657.1	676.849
2657.57	662.982
2658.04	663.357
2658.51	663.544
2658.97	673.403
2659.44	673.171
2659.91	663.607
2660.38	662.589
2660.85	676.805
2661.32	676.376
2661.79	634.776
2662.26	640.776
2662.73	697.776
2663.19	675.055
2663.66	693.776
2664.13	690.776
2664.6	679.776
2665.07	675.776
2665.54	679.776
2666	700.776
2666.47	679.776
2666.94	684.776
2667.41	658.776
2667.88	659.776
2668.35	655.776
2668.81	677.776
2669.28	683.776
2669.75	673.975
2670.22	678.776
2670.69	712.776
2671.15	694.776
2671.62	680.776
2672.09	663.776
2672.56	645.776
2673.02	670.776
2673.49	694.776
2673.96	690.776
2674.43	685.776
2674.89	645.776
2675.36	663.776
2675.83	698.776
2676.3	638.776
2676.76	693.776
2677.23	655.776
2677.7	677.776
2678.16	666.776
2678.63	678.776
2679.1	686.776
2679.57	718.776
2680.03	674.776
2680.5	713.776
2680.97	657.776
2681.43	639.776
2681.9	686.776
2682.37	681.776
2682.84	670.776
2683.3	681.776
2683.77	663.776
2684.23	686.776
2684.7	679.776
2685.17	676.776
2685.63	682.776
2686.1	678.776
2686.57	664.776
2687.03	732.776
2687.5	658.776
2687.97	700.776
2688.43	652.776
2688.9	688.776
2689.36	654.776
2689.83	645.776
2690.3	708.776
2690.76	715.776
2691.23	639.776
2691.69	711.776
2692.16	688.776
2692.63	672.776
2693.09	675.776
2693.56	667.776
2694.02	673.776
2694.49	649.776
2694.96	653.776
2695.42	644.776
2695.89	674.774
2696.35	658.776
2696.82	686.776
2697.28	629.776
2697.75	714.776
2698.21	684.776
2698.68	664.776
2699.14	649.776
2699.61	683.776
2700.07	706.776
2700.54	670.776
2701	692.776
2701.47	697.776
2701.93	665.776
2702.4	667.776
2702.86	689.776
2703.33	638.776
2703.79	639.776
2704.26	686.776
2704.72	667.785
2705.19	693.776
2705.65	698.776
2706.12	702.776
2706.58	718.776
2707.05	647.776
2707.51	687.776
2707.98	671.776
2708.44	691.776
2708.9	678.776
2709.37	685.776
2709.83	694.776
2710.3	709.776
2710.76	697.776
2711.23	644.776
2711.69	728.776
2712.15	655.776
2712.62	712.776
2713.08	702.776
2713.55	702.776
2714.01	686.776
2714.47	690.776
2714.94	737.776
2715.4	684.776
2715.86	669.302
2716.33	669.469
2716.79	670.969
2717.25	670.969
2717.72	679.977
2718.18	680.24
2718.65	669.881
2719.11	669.82
2719.57	669.531
2720.04	669.364
2720.5	668.513
2720.96	668.688
2721.42	656.776
2721.89	638.776
2722.35	659.776
2722.81	729.776
2723.28	680.776
2723.74	679.776
2724.2	696.776
2724.67	673.776
2725.13	708.776
2725.59	690.776
2726.06	672.776
2726.52	734.776
2726.98	671.776
2727.44	655.776
2727.91	671.776
2728.37	683.776
2728.83	653.776
2729.29	694.776
2729.76	698.776
2730.22	702.776
2730.68	686.776
2731.14	689.776
2731.6	694.776
2732.07	680.776
2732.53	670.776
2732.99	661.776
2733.45	705.776
2733.92	712.776
2734.38	672.881
2734.84	709.776
2735.3	668.776
2735.76	678.776
2736.22	670.776
2736.69	669.776
2737.15	740.776
2737.61	677.776
2738.07	672.776
2738.53	694.776
2739	660.776
2739.46	702.776
2739.92	700.776
2740.38	709.776
2740.84	694.776
2741.3	678.776
2741.76	685.776
2742.23	706.776
2742.69	698.776
2743.15	736.776
2743.61	661.776
2744.07	638.776
2744.53	678.776
2744.99	636.776
2745.45	647.776
2745.91	674.776
2746.37	715.776
2746.83	684.346
2747.3	712.776
2747.76	682.776
2748.22	703.776
2748.68	678.776
2749.14	721.776
2749.6	697.776
2750.06	680.776
2750.52	725.776
2750.98	651.776
2751.44	660.776
2751.9	643.776
2752.36	701.776
2752.82	684.776
2753.28	750.776
2753.74	702.776
2754.2	659.776
2754.66	693.776
2755.12	677.776
2755.58	687.776
2756.04	666.776
2756.5	670.776
2756.96	686.776
2757.42	688.776
2757.88	711.776
2758.34	736.776
2758.8	666.776
2759.26	663.776
2759.72	692.776
2760.18	691.776
2760.64	681.776
2761.1	654.776
2761.56	683.776
2762.02	672.776
2762.48	688.776
2762.94	694.776
2763.4	659.776
2763.86	708.776
2764.32	707.776
2764.78	668.776
2765.23	686.776
2765.69	675.776
2766.15	665.776
2766.61	717.776
2767.07	678.776
2767.53	663.776
2767.99	718.776
2768.45	686.776
2768.91	693.776
2769.36	721.776
2769.82	662.776
2770.28	696.776
2770.74	708.776
2771.2	675.776
2771.66	717.776
2772.12	686.776
2772.57	662.776
2773.03	649.776
2773.49	657.776
2773.95	691.776
2774.41	697.776
2774.87	662.776
2775.32	690.776
2775.78	718.776
2776.24	688.776
2776.7	691.776
2777.16	699.776
2777.62	709.776
2778.07	697.776
2778.53	674.776
2778.99	701.776
2779.45	692.776
2779.91	665.776
2780.36	661.776
2780.82	672.776
2781.28	691.776
2781.74	659.776
2782.19	705.776
2782.65	695.776
2783.11	694.776
2783.57	662.776
2784.02	667.776
2784.48	667.776
2784.94	670.776
2785.39	675.776
2785.85	709.776
2786.31	697.776
2786.77	681.776
2787.22	722.776
2787.68	668.776
2788.14	682.776
2788.6	700.776
2789.05	718.776
2789.51	692.776
2789.97	709.776
2790.42	711.776
2790.88	673.776
2791.34	678.776
2791.79	687.776
2792.25	702.776
2792.71	655.776
2793.16	649.776
2793.62	679.776
2794.07	704.776
2794.53	718.776
2794.99	665.776
2795.44	718.776
2795.9	669.776
2796.36	679.776
2796.81	678.776
2797.27	637.776
2797.73	648.776
2798.18	693.776
2798.64	626.776
2799.09	678.776
2799.55	705.776
2800.01	745.776
2800.46	698.776
2800.92	728.776
2801.37	698.776
2801.83	686.776
2802.29	691.776
2802.74	673.776
2803.2	692.776
2803.65	714.776
2804.11	696.776
2804.56	677.776
2805.02	683.776
2805.47	708.776
2805.93	713.776
2806.38	702.776
2806.84	726.776
2807.3	730.776
2807.75	697.776
2808.21	637.776
2808.66	702.776
2809.12	704.776
2809.57	680.776
2810.03	728.776
2810.48	702.776
2810.93	649.776
2811.39	718.776
2811.85	652.776
2812.3	703.776
2812.75	702.776
2813.21	714.776
2813.66	662.776
2814.12	710.776
2814.57	701.776
2815.03	693.776
2815.48	711.776
2815.94	684.776
2816.39	677.776
2816.84	665.776
2817.3	705.776
2817.75	668.776
2818.21	701.776
2818.66	678.776
2819.12	702.776
2819.57	701.776
2820.02	680.776
2820.48	651.776
2820.93	636.776
2821.39	685.776
2821.84	669.776
2822.29	683.776
2822.75	681.776
2823.2	697.776
2823.66	732.776
2824.11	673.776
2824.56	700.776
2825.02	695.776
2825.47	681.776
2825.92	667.776
2826.38	658.776
2826.83	673.776
2827.28	678.776
2827.74	704.776
2828.19	699.776
2828.64	692.776
2829.1	704.776
2829.55	665.776
2830	673.776
2830.46	667.776
2830.91	728.776
2831.36	704.776
2831.82	749.776
2832.27	686.776
2832.72	711.776
2833.17	689.776
2833.63	701.776
2834.08	693.776
2834.53	701.776
2834.99	702.776
2835.44	707.776
2835.89	672.776
2836.34	726.776
2836.8	731.776
2837.25	690.776
2837.7	718.776
2838.15	723.776
2838.61	704.776
2839.06	696.776
2839.51	706.776
2839.96	694.776
2840.41	677.776
2840.87	674.776
2841.32	682.776
2841.77	680.776
2842.22	670.776
2842.68	739.776
2843.13	710.776
2843.58	660.776
2844.03	718.776
2844.48	681.776
2844.93	686.776
2845.39	648.776
2845.84	713.776
2846.29	714.776
2846.74	694.776
2847.19	716.776
2847.64	717.776
2848.1	694.776
2848.55	652.776
2849	702.776
2849.45	667.776
2849.9	734.776
2850.35	669.776
2850.8	722.776
2851.25	733.776
2851.71	712.776
2852.16	714.776
2852.61	673.776
2853.06	662.776
2853.51	741.776
2853.96	682.776
2854.41	689.776
2854.86	739.776
2855.31	696.776
2855.76	724.776
2856.21	701.776
2856.66	729.776
2857.12	744.776
2857.57	674.776
2858.02	701.776
2858.47	685.776
2858.92	669.776
2859.37	698.776
2859.82	674.776
2860.27	694.776
2860.72	720.776
2861.17	726.776
2861.62	671.776
2862.07	708.776
2862.52	686.776
2862.97	644.776
2863.42	690.776
2863.87	683.776
2864.32	697.776
2864.77	718.776
2865.22	683.776
2865.67	722.776
2866.12	676.776
2866.57	672.776
2867.02	670.776
2867.47	701.776
2867.92	677.776
2868.37	699.776
2868.82	716.776
2869.27	698.776
2869.72	729.776
2870.17	703.776
2870.61	686.776
2871.06	745.776
2871.51	713.776
2871.96	686.776
2872.41	665.776
2872.86	726.776
2873.31	691.776
2873.76	676.776
2874.21	678.776
2874.66	718.776
2875.11	709.776
2875.55	646.776
2876	726.776
2876.45	698.776
2876.9	688.776
2877.35	684.776
2877.8	726.776
2878.25	708.776
2878.7	680.776
2879.14	699.776
2879.59	709.776
2880.04	708.776
2880.49	681.776
2880.94	709.776
2881.39	705.776
2881.84	685.776
2882.28	691.776
2882.73	676.776
2883.18	697.776
2883.63	724.776
2884.08	702.776
2884.52	653.776
2884.97	700.776
2885.42	705.776
2885.87	695.776
2886.32	652.776
2886.76	693.776
2887.21	692.776
2887.66	678.776
2888.11	728.776
2888.55	694.776
2889	733.776
2889.45	701.776
2889.9	675.776
2890.35	734.776
2890.79	696.776
2891.24	669.776
2891.69	709.776
2892.13	699.776
2892.58	730.776
2893.03	747.776
2893.48	689.776
2893.92	718.776
2894.37	716.776
2894.82	687.776
2895.26	694.776
2895.71	672.776
2896.16	726.776
2896.61	654.776
2897.05	709.776
2897.5	745.776
2897.95	705.776
2898.39	685.776
2898.84	686.776
2899.29	683.776
2899.73	745.776
2900.18	724.776
2900.63	652.776
2901.07	688.776
2901.52	711.776
2901.97	694.776
2902.41	716.776
2902.86	692.776
2903.31	682.776
2903.75	708.776
2904.2	718.776
2904.64	712.776
2905.09	716.776
2905.54	717.776
2905.98	678.776
2906.43	714.776
2906.87	708.776
2907.32	721.776
2907.77	696.776
2908.21	737.776
2908.66	682.776
2909.1	715.776
2909.55	708.776
2909.99	686.776
2910.44	708.776
2910.89	696.776
2911.33	703.776
2911.78	737.776
2912.22	697.776
2912.67	717.776
2913.11	706.776
2913.56	699.776
2914	702.776
2914.45	669.776
2914.9	711.776
2915.34	736.776
2915.78	661.776
2916.23	718.776
2916.68	699.776
2917.12	696.776
2917.57	704.776
2918.01	696.776
2918.45	692.776
2918.9	734.776
2919.35	679.776
2919.79	667.776
2920.23	703.776
2920.68	706.776
2921.12	654.776
2921.57	716.776
2922.01	713.776
2922.46	717.776
2922.9	712.776
2923.35	708.776
2923.79	752.776
2924.24	692.776
2924.68	699.776
2925.12	713.776
2925.57	720.776
2926.01	708.776
2926.46	716.776
2926.9	710.776
2927.34	734.776
2927.79	741.776
2928.23	723.776
2928.68	675.776
2929.12	737.776
2929.56	702.776
2930.01	688.776
2930.45	697.776
2930.89	714.776
2931.34	694.776
2931.78	720.776
2932.23	718.776
2932.67	710.776
2933.11	712.776
2933.56	696.776
2934	692.776
2934.44	690.776
2934.89	676.776
2935.33	748.776
2935.77	702.776
2936.22	744.776
2936.66	722.776
2937.1	731.776
2937.55	704.776
2937.99	722.776
2938.43	687.776
2938.88	694.776
2939.32	697.776
2939.76	709.776
2940.2	731.776
2940.65	691.776
2941.09	698.776
2941.53	701.776
2941.97	684.776
2942.42	708.776
2942.86	715.776
2943.3	715.776
2943.75	717.776
2944.19	705.776
2944.63	717.776
2945.07	644.776
2945.52	699.776
2945.96	699.776
2946.4	674.776
2946.84	709.776
2947.28	691.776
2947.73	708.776
2948.17	718.776
2948.61	669.776
2949.05	750.776
2949.49	734.776
2949.94	760.776
2950.38	701.776
2950.82	694.776
2951.26	667.776
2951.7	699.776
2952.15	712.776
2952.59	694.776
2953.03	650.776
2953.47	711.776
2953.91	708.776
2954.35	708.776
2954.8	721.776
2955.24	678.776
2955.68	672.776
2956.12	702.776
2956.56	685.776
2957	650.776
2957.44	718.776
2957.88	676.776
2958.33	718.776
2958.77	721.776
2959.21	723.776
2959.65	701.776
2960.09	718.776
2960.53	702.776
2960.97	734.776
2961.41	718.776
2961.85	717.776
2962.29	686.776
2962.74	711.776
2963.18	681.776
2963.62	718.776
2964.06	707.776
2964.5	750.776
2964.94	721.776
2965.38	718.776
2965.82	693.776
2966.26	722.776
2966.7	744.776
2967.14	714.776
2967.58	651.776
2968.02	718.776
2968.46	731.599
2968.9	756.553
2969.34	682.073
2969.78	706.195
2970.22	696.445
2970.66	727.38
2971.1	695.887
2971.54	711.364
2971.98	684.952
2972.42	684.513
2972.86	697.624
2973.3	707.84
2973.74	696.534
2974.18	691.191
2974.62	673.773
2975.06	686.911
2975.5	672.361
2975.94	679.502
2976.38	685.937
2976.82	665.18
2977.26	704.261
2977.7	713.672
2978.14	700.81
2978.57	692.545
2979.01	694.286
2979.45	719.683
2979.89	696.941
2980.33	720.961
2980.77	718.682
2981.21	710.198
2981.65	688.285
2982.09	685.131
2982.53	708.936
2982.97	671.89
2983.4	754.545
2983.84	713.202
2984.28	734.367
2984.72	702.418
2985.16	738.105
2985.6	690.981
2986.04	700.372
2986.47	723.602
2986.91	742.917
2987.35	734.938
2987.79	723.412
2988.23	714.532
2988.67	727.955
2989.1	729.474
2989.54	710.798
2989.98	728.288
2990.42	732.846
2990.86	698.419
2991.3	724.593
2991.73	703.914
2992.17	711.505
2992.61	713.592
2993.05	684.448
2993.49	703.643
2993.92	745.961
2994.36	711.438
2994.8	708.026
2995.24	694.703
2995.67	696.102
2996.11	697.648
2996.55	707.032
2996.99	709.582
2997.42	732.008
2997.86	718.554
2998.3	767.509
2998.74	720.304
2999.17	692.454
2999.61	709.85
3000.05	707.754
3000.49	711.303
3000.92	735.42
3001.36	733.599
3001.8	724.875
3002.23	711.109
3002.67	740.337
3003.11	723.871
3003.55	711.015
3003.98	705.589
3004.42	694.24
3004.86	709.498
3005.29	715.371
3005.73	698.584
3006.17	690.269
3006.6	721.857
3007.04	751.625
3007.47	700.394
3007.91	711.153
3008.35	744.66
3008.78	735.813
3009.22	691.783
3009.66	724.527
3010.09	741.35
3010.53	731.178
3010.97	733.385
3011.4	713.262
3011.84	730.259
3012.27	704.039
3012.71	725.195
3013.15	721.429
3013.58	720.705
3014.02	695.425
3014.45	722.378
3014.89	737.968
3015.33	727.208
3015.76	759.796
3016.2	732.054
3016.63	753.498
3017.07	748.408
3017.5	743.843
3017.94	695.263
3018.38	694.157
3018.81	691.516
3019.25	734.925
3019.68	743.684
3020.12	732.146
3020.55	736.491
3020.99	742.815
3021.42	716.746
3021.86	719.187
3022.29	719.55
3022.73	719.135
3023.16	732.417
3023.6	722.882
3024.03	721.272
3024.47	738.678
3024.9	744.383
3025.34	720.216
3025.77	732.776
3026.21	759.697
3026.64	724.09
3027.08	729.369
3027.51	743.099
3027.95	736.161
3028.38	720.026
3028.82	715.798
3029.25	717.095
3029.68	738.935
3030.12	763.532
3030.55	729.46
3030.99	710.448
3031.42	748.991
3031.86	759.618
3032.29	726.33
3032.72	727.011
3033.16	740.737
3033.59	730.311
3034.03	730.382
3034.46	730.43
3034.9	749.12
3035.33	743.363
3035.76	688.204
3036.2	713.399
3036.63	720.41
3037.06	729.077
3037.5	698.47
3037.93	760.394
3038.36	701.34
3038.8	718.388
3039.23	736.37
3039.67	736.357
3040.1	715.783
3040.53	745.801
3040.97	734.687
3041.4	754.224
3041.83	725.854
3042.28	726.524
3042.72	723.609
3043.16	710.573
3043.6	710.214
3044.04	710.242
3044.48	710.533
3044.92	710.484
3045.37	723.906
3045.81	727.217
3046.25	726.888
3046.69	689.224
3047.13	697.224
3047.57	738.224
3048.01	732.224
3048.45	753.224
3048.89	717.224
3049.33	723.224
3049.77	729.224
3050.22	748.224
3050.66	716.224
3051.1	733.224
3051.54	758.224
3051.98	690.224
3052.42	734.224
3052.86	750.224
3053.3	748.224
3053.74	748.224
3054.18	695.224
3054.62	742.224
3055.06	757.224
3055.5	724.224
3055.94	692.224
3056.38	703.224
3056.82	746.224
3057.26	746.224
3057.7	724.224
3058.14	736.224
3058.58	708.224
3059.02	775.224
3059.46	693.224
3059.9	753.224
3060.34	749.224
3060.78	762.224
3061.22	718.224
3061.66	737.224
3062.1	718.224
3062.54	714.224
3062.98	749.224
3063.42	722.224
3063.86	719.224
3064.3	721.224
3064.74	743.224
3065.18	732.224
3065.62	794.224
3066.06	731.224
3066.5	750.224
3066.94	713.224
3067.38	770.224
3067.81	736.224
3068.25	749.224
3068.69	758.224
3069.13	735.224
3069.57	717.224
3070.01	719.224
3070.45	715.224
3070.89	739.224
3071.33	733.224
3071.77	784.224
3072.21	721.224
3072.64	764.224
3073.08	764.224
3073.52	763.224
3073.96	734.224
3074.4	719.224
3074.84	754.224
3075.28	767.224
3075.71	742.224
3076.15	759.224
3076.59	747.224
3077.03	736.224
3077.47	703.224
3077.9	735.835
3078.34	701.224
3078.78	691.224
3079.22	736.376
3079.66	709.224
3080.1	707.224
3080.53	703.224
3080.97	754.224
3081.41	730.224
3081.85	764.224
3082.29	766.224
3082.72	762.224
3083.16	748.224
3083.6	741.224
3084.04	758.224
3084.48	774.224
3084.91	719.224
3085.35	733.224
3085.79	684.224
3086.22	740.224
3086.66	734.224
3087.1	740.224
3087.54	761.224
3087.97	764.224
3088.41	688.224
3088.85	786.224
3089.29	722.224
3089.72	750.224
3090.16	780.224
3090.6	740.224
3091.04	723.224
3091.47	756.224
3091.91	783.224
3092.35	753.224
3092.78	809.224
3093.22	744.224
3093.66	751.224
3094.09	762.224
3094.53	740.224
3094.97	794.224
3095.4	807.224
3095.84	777.224
3096.28	735.224
3096.71	735.224
3097.15	758.224
3097.59	695.224
3098.02	695.224
3098.46	744.268
3098.9	735.516
3099.33	735.858
3099.77	736.183
3100.2	735.633
3100.64	735.866
3101.08	735.566
3101.51	744.918
3101.95	744.827
3102.39	684.224
3102.82	708.224
3103.26	728.224
3103.69	740.224
3104.13	752.224
3104.56	775.224
3105	756.224
3105.44	729.224
3105.87	737.224
3106.31	772.224
3106.74	750.224
3107.18	754.224
3107.61	746.224
3108.05	759.224
3108.49	734.224
3108.92	777.224
3109.36	737.224
3109.79	798.224
3110.23	763.224
3110.66	760.224
3111.1	747.224
3111.53	758.224
3111.97	740.224
3112.4	803.224
3112.84	735.224
3113.27	761.224
3113.71	735.224
3114.14	760.224
3114.58	778.224
3115.01	759.224
3115.45	732.224
3115.88	730.224
3116.32	732.224
3116.75	768.224
3117.19	723.224
3117.62	756.224
3118.06	740.224
3118.49	758.224
3118.93	791.224
3119.36	778.224
3119.79	798.224
3120.23	723.224
3120.66	775.224
3121.1	734.224
3121.53	764.224
3121.96	747.224
3122.4	796.224
3122.83	725.224
3123.27	761.224
3123.7	740.224
3124.14	784.224
3124.57	735.224
3125	780.224
3125.44	776.224
3125.87	823.224
3126.31	701.224
3126.74	771.224
3127.17	720.224
3127.61	744.224
3128.04	791.224
3128.47	802.224
3128.91	783.224
3129.34	781.224
3129.78	731.224
3130.21	770.224
3130.64	809.224
3131.07	792.224
3131.51	805.224
3131.94	765.224
3132.38	781.224
3132.81	778.224
3133.24	773.224
3133.68	749.224
3134.11	775.224
3134.54	782.224
3134.97	774.224
3135.41	762.224
3135.84	765.224
3136.27	783.224
3136.71	775.224
3137.14	796.224
3137.57	795.224
3138	725.224
3138.44	809.224
3138.87	794.224
3139.3	776.224
3139.74	798.224
3140.17	752.224
3140.6	781.224
3141.03	813.224
3141.47	773.224
3141.9	798.224
3142.33	774.224
3142.76	774.224
3143.2	750.224
3143.63	763.224
3144.06	758.224
3144.49	772.224
3144.92	750.224
3145.36	764.224
3145.79	809.224
3146.22	818.224
3146.65	798.224
3147.08	811.224
3147.51	783.224
3147.95	759.224
3148.38	778.224
3148.81	830.224
3149.24	753.224
3149.67	775.224
3150.11	765.224
3150.54	770.224
3150.97	780.224
3151.4	825.224
3151.83	810.224
3152.26	764.224
3152.69	807.224
3153.13	779.224
3153.56	786.224
3153.99	796.224
3154.42	826.224
3154.85	766.224
3155.28	788.224
3155.71	767.224
3156.15	786.224
3156.58	823.224
3157.01	751.224
3157.44	762.224
3157.87	788.224
3158.3	750.224
3158.73	782.224
3159.16	780.224
3159.59	800.224
3160.02	803.224
3160.45	761.224
3160.89	827.224
3161.32	812.224
3161.75	817.224
3162.18	798.224
3162.61	759.224
3163.04	802.224
3163.47	742.224
3163.9	826.224
3164.33	793.224
3164.76	782.224
3165.19	782.224
3165.62	788.224
3166.05	783.224
3166.48	804.224
3166.91	742.224
3167.34	789.224
3167.77	775.224
3168.2	816.224
3168.63	818.224
3169.06	808.224
3169.49	796.224
3169.92	788.224
3170.35	818.224
3170.78	807.224
3171.21	813.224
3171.64	782.224
3172.07	791.224
3172.5	778.224
3172.93	756.224
3173.36	798.224
3173.79	738.224
3174.22	775.224
3174.65	801.224
3175.08	781.224
3175.5	791.224
3175.93	767.224
3176.36	799.224
3176.79	807.224
3177.22	805.224
3177.65	778.224
3178.08	779.224
3178.51	825.224
3178.94	776.224
3179.37	807.224
3179.8	805.224
3180.22	789.224
3180.65	791.224
3181.08	795.224
3181.51	791.224
3181.94	807.224
3182.37	805.224
3182.8	815.224
3183.23	793.224
3183.65	779.224
3184.08	803.224
3184.51	829.224
3184.94	801.224
3185.37	825.224
3185.8	823.224
3186.22	835.224
3186.65	816.224
3187.08	806.224
3187.51	828.224
3187.94	769.224
3188.37	831.224
3188.79	820.224
3189.22	827.224
3189.65	819.224
3190.08	795.224
3190.51	820.224
3190.93	802.224
3191.36	819.224
3191.79	804.224
3192.22	822.224
3192.65	831.224
3193.07	776.224
3193.5	825.224
3193.93	823.224
3194.36	801.224
3194.78	818.224
3195.21	810.224
3195.64	786.224
3196.07	783.224
3196.49	782.224
3196.92	828.224
3197.35	840.224
3197.78	809.224
3198.2	842.224
3198.63	814.224
3199.06	843.224
3199.48	823.224
3199.91	818.224
3200.34	826.224
3200.77	799.224
3201.19	847.224
3201.62	825.224
3202.05	819.224
3202.47	802.224
3202.9	799.224
3203.33	772.224
3203.75	796.224
3204.18	828.224
3204.61	822.224
3205.03	799.224
3205.46	796.224
3205.89	818.224
3206.31	783.224
3206.74	853.224
3207.17	814.224
3207.59	791.224
3208.02	799.224
3208.45	810.224
3208.87	799.224
3209.3	836.224
3209.72	838.224
3210.15	820.224
3210.58	835.224
3211	829.224
3211.43	825.224
3211.85	823.224
3212.28	812.224
3212.71	823.224
3213.13	830.224
3213.56	838.224
3213.98	807.224
3214.41	799.224
3214.83	794.224
3215.26	830.224
3215.69	839.224
3216.11	839.224
3216.54	815.224
3216.96	806.224
3217.39	864.224
3217.81	868.224
3218.24	853.224
3218.67	836.224
3219.09	877.224
3219.52	821.224
3219.94	822.224
3220.37	839.224
3220.79	798.224
3221.22	850.224
3221.64	839.224
3222.07	836.224
3222.49	785.224
3222.92	802.224
3223.34	858.224
3223.77	840.224
3224.19	854.224
3224.62	834.224
3225.04	806.224
3225.46	838.224
3225.89	871.224
3226.31	838.224
3226.74	799.224
3227.16	858.224
3227.59	863.224
3228.01	817.224
3228.44	864.224
3228.86	901.224
3229.29	839.224
3229.71	855.224
3230.14	902.224
3230.56	825.224
3230.98	831.224
3231.41	808.224
3231.83	825.224
3232.26	836.224
3232.68	844.224
3233.1	838.224
3233.53	880.224
3233.95	837.224
3234.38	856.224
3234.8	823.224
3235.22	816.224
3235.65	823.224
3236.07	817.224
3236.49	830.224
3236.92	843.224
3237.34	836.224
3237.77	865.224
3238.19	850.224
3238.61	862.224
3239.04	834.224
3239.46	865.224
3239.88	823.224
3240.31	790.224
3240.73	832.224
3241.15	851.224
3241.58	844.224
3242	839.224
3242.42	898.224
3242.84	843.224
3243.27	820.224
3243.69	855.224
3244.12	870.224
3244.54	821.224
3244.96	831.224
3245.38	831.224
3245.81	820.224
3246.23	869.224
3246.65	877.224
3247.07	889.224
3247.5	911.224
3247.92	831.224
3248.34	823.224
3248.77	887.224
3249.19	844.224
3249.61	853.224
3250.03	845.224
3250.46	861.224
3250.88	811.224
3251.3	834.224
3251.72	882.224
3252.15	814.224
3252.57	831.224
3252.99	907.224
3253.41	856.224
3253.83	850.224
3254.25	871.224
3254.68	874.224
3255.1	846.224
3255.52	858.224
3255.94	841.224
3256.37	874.224
3256.79	900.224
3257.21	955.224
3257.63	856.224
3258.05	850.224
3258.47	890.224
3258.9	853.224
3259.32	840.224
3259.74	844.224
3260.16	837.224
3260.58	874.224
3261	851.224
3261.43	851.224
3261.85	897.224
3262.27	859.224
3262.69	831.224
3263.11	786.224
3263.53	870.224
3263.95	837.224
3264.37	907.224
3264.79	855.224
3265.22	878.224
3265.64	887.224
3266.06	868.224
3266.48	843.224
3266.9	834.224
3267.32	872.224
3267.74	818.224
3268.16	866.224
3268.58	872.224
3269	900.224
3269.42	871.224
3269.84	878.224
3270.27	915.224
3270.69	871.224
3271.11	884.224
3271.53	844.224
3271.95	888.224
3272.37	858.224
3272.79	870.224
3273.21	830.224
3273.63	855.224
3274.05	859.224
3274.47	872.224
3274.89	868.224
3275.31	907.224
3275.73	897.224
3276.15	840.224
3276.57	840.224
3276.99	841.224
3277.41	867.224
3277.83	902.224
3278.25	859.224
3278.67	906.224
3279.09	874.224
3279.51	907.224
3279.93	864.224
3280.35	911.224
3280.77	890.224
3281.19	898.224
3281.61	852.224
3282.03	877.224
3282.45	878.224
3282.86	835.224
3283.29	899.224
3283.7	891.224
3284.12	913.224
3284.54	865.224
3284.96	903.224
3285.38	904.224
3285.8	882.224
3286.22	866.224
3286.64	922.224
3287.06	828.224
3287.48	861.224
3287.9	868.224
3288.31	887.224
3288.73	868.224
3289.15	822.224
3289.57	858.224
3289.99	896.224
3290.41	830.224
3290.83	906.224
3291.25	881.224
3291.66	850.224
3292.08	872.224
3292.5	876.224
3292.92	910.017
3293.34	880.512
3293.76	879.917
3294.18	883.009
3294.59	926.966
3295.01	889.595
3295.43	895.508
3295.85	887.525
3296.27	867.419
3296.68	897.611
3297.1	876.341
3297.52	910.339
3297.94	854.793
3298.36	869.157
3298.77	919.2
3299.19	892.497
3299.61	888.403
3300.03	872.084
3300.45	889.037
3300.86	849.984
3301.28	852.676
3301.7	901.339
3302.12	904.188
3302.53	884.604
3302.95	878.745
3303.37	921.31
3303.79	878.282
3304.2	876.583
3304.62	887.287
3305.04	871.931
3305.46	891.183
3305.87	892.741
3306.29	896.413
3306.71	871.047
3307.12	940.476
3307.54	878.612
3307.96	928.49
3308.38	916.745
3308.79	887.347
3309.21	852.132
3309.63	911.739
3310.04	931.862
3310.46	922.426
3310.88	877.994
3311.29	893.811
3311.71	929.287
3312.13	896.48
3312.54	906.264
3312.96	919.262
3313.38	868.981
3313.79	858.843
3314.21	838.481
3314.63	866.433
3315.04	845.724
3315.46	886.712
3315.88	880.551
3316.29	926.822
3316.71	850.222
3317.13	867.366
3317.54	916.907
3317.96	924.004
3318.37	932.046
3318.79	899.593
3319.21	899.393
3319.62	944.228
3320.04	906.566
3320.45	914.504
3320.87	891.111
3321.29	932.97
3321.7	919.933
3322.12	924.748
3322.53	931.312
3322.95	898.226
3323.37	882.256
3323.78	912.66
3324.2	914.106
3324.61	922.815
3325.03	917.862
3325.44	901.747
3325.86	898.161
3326.27	903.094
3326.69	925.47
3327.1	908.481
3327.52	924.48
3327.94	898.965
3328.35	924.163
3328.76	893.089
3329.18	942.393
3329.6	936.905
3330.01	912.127
3330.43	895.394
3330.84	936.812
3331.26	954.699
3331.67	943.033
3332.08	934.355
3332.5	920.706
3332.92	936.223
3333.33	949.349
3333.74	912.937
3334.16	926.256
3334.57	919.381
3334.99	969.525
3335.4	932.99
3335.82	926.224
3336.23	940.703
3336.65	948.09
3337.06	938.193
3337.48	959.016
3337.89	959.399
3338.3	932.087
3338.72	919.366
3339.13	924.942
3339.55	942.885
3339.96	966.831
3340.37	960.382
3340.79	932.216
3341.2	975.013
3341.62	936.321
3342.03	959.219
3342.44	926.225
3342.86	940.634
3343.27	951.319
3343.69	944.048
3344.1	912.371
3344.51	927.284
3344.93	966.372
3345.34	995.9
3345.75	955.914
3346.17	969.785
3346.58	960.653
3346.99	955.297
3347.41	918.281
3347.82	929.481
3348.23	966.319
3348.65	946.015
3349.06	942.83
3349.47	967.638
3349.89	926.879
3350.3	969.397
3350.71	951.75
3351.13	957.184
3351.54	985.937
3351.95	959.025
3352.37	981.549
3352.78	984.313
3353.19	950.572
3353.6	937.384
3354.02	923.446
3354.43	941.306
3354.84	973.23
3355.26	978.303
3355.67	996.399
3356.08	986.912
3356.49	953.437
3356.91	940.01
3357.32	963.666
3357.73	923.278
3358.14	941.273
3358.56	957.575
3358.97	930.322
3359.38	971.214
3359.79	945.957
3360.21	944.675
3360.62	989.881
3361.03	975.806
3361.44	951.913
3361.85	964.786
3362.27	938.875
3362.68	919.837
3363.09	972.412
3363.5	970
3363.91	966.62
3364.33	960.062
3364.74	960.431
3365.15	960.998
3365.56	969.103
3365.97	973.69
3366.38	976.992
3366.8	977.511
3367.21	953.6
3367.62	960.483
3368.03	966.778
3368.44	957.888
3368.85	941.797
3369.26	946.109
3369.68	989.675
3370.09	971.408
3370.5	968.716
3370.91	1020.31
3371.32	973.379
3371.73	985.363
3372.14	999.962
3372.55	1004.22
3372.97	989.175
3373.38	1005.42
3373.79	1052.76
3374.2	1017.78
3374.61	1023.72
3375.02	1023.81
3375.43	991.246
3375.84	1009.5
3376.25	1013.08
3376.66	1025.22
3377.07	1004.82
3377.48	966.479
3377.89	1001.3
3378.31	1003.27
3378.72	1038.89
3379.13	1028.93
3379.54	1051.91
3379.95	1003.24
3380.36	1013.95
3380.77	1000.4
3381.18	1024.53
3381.59	1028.01
3382	1001.11
3382.41	1006.1
3382.82	1032.11
3383.23	1002.64
3383.64	970.585
3384.05	1015.98
3384.46	974.313
3384.87	1019.73
3385.28	1029.33
3385.69	999.036
3386.1	1002.1
3386.51	996.205
3386.92	989.058
3387.33	1012.79
3387.74	996.719
3388.15	1023.83
3388.56	1015.41
3388.97	999.688
3389.38	1059
3389.78	1013.42
3390.19	1024.1
3390.6	1040.69
3391.01	992.632
3391.42	1018.66
3391.83	1024.56
3392.24	1019.69
3392.65	1011.72
3393.06	1049.74
3393.47	1053.78
3393.88	1029.82
3394.29	1014.34
3394.7	1053.01
3395.11	1048.3
3395.51	1002.86
3395.92	1001.85
3396.33	959.35
3396.74	965.796
3397.15	935.224
3397.56	978.174
3397.97	989.732
3398.38	962.066
3398.78	1005
3399.19	1009.02
3399.6	1041.08
3400.01	1048.78
3400.42	1045.71
3400.83	1074.06
3401.23	1012.05
3401.64	1005.83
3402.05	1033.81
3402.46	1039.14
3402.87	1024.22
3403.28	1101.53
3403.68	1044.12
3404.09	1003.81
3404.49	997.806
3404.91	987.806
3405.32	997.806
3405.74	1054.81
3406.15	1080.81
3406.57	1057.81
3406.98	1082.81
3407.4	1129.81
3407.81	1065.81
3408.23	1082.81
3408.64	1098.81
3409.06	1059.81
3409.47	1019.81
3409.89	1124.81
3410.3	1106.81
3410.72	1060.81
3411.13	1041.81
3411.55	1032.81
3411.96	1057.81
3412.37	1054.81
3412.79	1073.81
3413.2	1125.81
3413.62	1080.81
3414.03	1021.81
3414.45	1076.81
3414.86	1035.81
3415.28	1050.81
3415.69	1058.16
3416.1	1059.32
3416.52	1060.68
3416.93	1050.24
3417.35	1050.93
3417.76	1052.24
3418.17	1053.17
3418.59	1064.82
3419	1065.53
3419.42	1075.46
3419.83	997.806
3420.24	984.806
3420.66	1052.81
3421.07	1060.81
3421.49	1094.81
3421.9	1104.81
3422.31	1126.81
3422.73	1005.81
3423.14	1084.81
3423.55	1035.81
3423.97	1070.81
3424.38	1080.81
3424.79	1116.81
3425.21	1054.81
3425.62	1090.81
3426.03	1057.81
3426.45	1140.81
3426.86	1146.81
3427.27	1073.81
3427.69	1133.81
3428.1	1124.81
3428.51	1106.81
3428.93	1057.81
3429.34	1091.81
3429.75	1094.81
3430.16	1135.81
3430.58	1093.81
3430.99	1128.81
3431.4	1112.81
3431.82	1081.81
3432.23	1060.81
3432.64	1120.81
3433.05	1075.81
3433.47	1079.81
3433.88	1127.81
3434.29	1109.81
3434.7	1087.81
3435.12	1130.81
3435.53	1148.81
3435.94	1152.81
3436.35	1157.81
3436.77	1114.81
3437.18	1107.81
3437.59	1197.81
3438	1102.81
3438.42	1128.81
3438.83	1084.81
3439.24	1111.81
3439.65	1172.81
3440.06	1134.81
3440.48	1143.81
3440.89	1158.81
3441.3	1143.81
3441.71	1161.81
3442.12	1104.81
3442.53	1116.81
3442.95	1121.81
3443.36	1115.81
3443.77	1115.81
3444.18	1140.81
3444.59	1185.81
3445	1154.81
3445.42	1163.81
3445.83	1166.81
3446.24	1136.81
3446.65	1145.81
3447.06	1133.81
3447.47	1143.81
3447.88	1183.81
3448.3	1153.81
3448.71	1147.81
3449.12	1193.81
3449.53	1240.81
3449.94	1136.81
3450.35	1155.81
3450.76	1173.81
3451.17	1155.81
3451.58	1171.81
3452	1162.81
3452.41	1147.81
3452.82	1135.81
3453.23	1145.81
3453.64	1160.81
3454.05	1206.81
3454.46	1136.81
3454.87	1136.81
3455.28	1148.81
3455.69	1173.81
3456.1	1213.81
3456.51	1193.81
3456.92	1199.81
3457.33	1174.81
3457.74	1145.81
3458.15	1185.81
3458.57	1193.81
3458.98	1157.81
3459.39	1222.81
3459.8	1209.81
3460.21	1156.81
3460.62	1204.81
3461.03	1187.81
3461.44	1162.81
3461.85	1193.81
3462.26	1217.81
3462.67	1181.81
3463.08	1166.81
3463.49	1217.81
3463.9	1153.81
3464.31	1150.81
3464.72	1180.81
3465.13	1252.81
3465.53	1153.81
3465.95	1229.81
3466.35	1214.81
3466.76	1254.81
3467.17	1231.81
3467.58	1126.81
3467.99	1240.81
3468.4	1238.81
3468.81	1205.81
3469.22	1266.81
3469.63	1183.81
3470.04	1223.81
3470.45	1219.81
3470.86	1180.81
3471.27	1238.81
3471.68	1220.81
3472.09	1244.81
3472.49	1235.81
3472.9	1242.81
3473.31	1257.81
3473.72	1207.81
3474.13	1208.81
3474.54	1271.81
3474.95	1239.81
3475.36	1165.81
3475.77	1288.81
3476.17	1173.81
3476.58	1251.81
3476.99	1232.81
3477.4	1232.81
3477.81	1217.81
3478.22	1229.81
3478.63	1274.81
3479.03	1282.81
3479.44	1214.81
3479.85	1258.81
3480.26	1212.81
3480.67	1201.81
3481.08	1247.81
3481.48	1251.81
3481.89	1274.81
3482.3	1216.81
3482.71	1252.81
3483.12	1242.81
3483.53	1303.81
3483.93	1243.81
3484.34	1281.81
3484.75	1291.81
3485.16	1212.81
3485.56	1251.81
3485.97	1256.81
3486.38	1308.81
3486.79	1269.81
3487.2	1308.81
3487.6	1313.81
3488.01	1297.81
3488.42	1311.81
3488.83	1275.81
3489.23	1294.81
3489.64	1290.81
3490.05	1256.81
3490.46	1238.81
3490.86	1265.81
3491.27	1252.81
3491.68	1259.81
3492.09	1358.81
3492.49	1293.81
3492.9	1340.81
3493.31	1334.81
3493.71	1355.81
3494.12	1305.81
3494.53	1242.81
3494.94	1247.81
3495.34	1286.81
3495.75	1294.81
3496.16	1250.81
3496.56	1261.81
3496.97	1346.81
3497.38	1299.81
3497.78	1313.81
3498.19	1374.81
3498.6	1310.81
3499	1309.81
3499.41	1284.81
3499.82	1325.81
3500.22	1306.81
3500.63	1310.81
3501.04	1291.81
3501.44	1286.81
3501.85	1382.81
3502.26	1321.81
3502.66	1318.81
3503.07	1306.81
3503.47	1359.81
3503.88	1316.81
3504.29	1299.81
3504.69	1319.81
3505.1	1322.81
3505.51	1339.81
3505.91	1366.81
3506.32	1342.81
3506.72	1376.81
3507.13	1321.81
3507.54	1370.81
3507.94	1333.81
3508.35	1332.81
3508.75	1324.81
3509.16	1340.81
3509.56	1306.81
3509.97	1370.81
3510.37	1358.81
3510.78	1305.81
3511.19	1346.81
3511.59	1312.81
3512	1388.81
3512.4	1327.81
3512.81	1337.81
3513.21	1379.81
3513.62	1346.81
3514.02	1370.81
3514.43	1313.81
3514.83	1299.81
3515.24	1350.81
3515.64	1410.81
3516.05	1399.81
3516.46	1465.81
3516.86	1399.81
3517.26	1354.81
3517.67	1421.81
3518.07	1365.81
3518.48	1333.81
3518.88	1364.81
3519.29	1370.81
3519.69	1425.81
3520.1	1428.81
3520.5	1408.81
3520.91	1402.81
3521.31	1368.81
3521.72	1412.81
3522.12	1354.81
3522.53	1437.81
3522.93	1405.81
3523.33	1367.81
3523.74	1399.81
3524.14	1370.81
3524.55	1407.81
3524.95	1385.81
3525.36	1453.81
3525.76	1420.81
3526.17	1424.81
3526.57	1424.81
3526.97	1399.81
3527.38	1340.81
3527.78	1418.81
3528.19	1375.81
3528.59	1360.81
3528.99	1362.81
3529.4	1437.81
3529.8	1422.81
3530.2	1409.81
3530.61	1451.81
3531.01	1421.81
3531.42	1451.81
3531.82	1386.81
3532.22	1390.81
3532.63	1390.81
3533.03	1409.81
3533.43	1398.81
3533.84	1449.81
3534.24	1465.81
3534.64	1387.81
3535.05	1499.81
3535.45	1442.81
3535.85	1483.81
3536.26	1383.81
3536.66	1419.81
3537.06	1432.81
3537.47	1395.81
3537.87	1435.81
3538.27	1395.81
3538.68	1441.81
3539.08	1432.81
3539.48	1428.81
3539.89	1439.81
3540.29	1489.81
3540.69	1457.81
3541.09	1409.81
3541.5	1418.81
3541.9	1414.81
3542.3	1396.81
3542.7	1435.81
3543.11	1388.81
3543.51	1454.81
3543.91	1396.81
3544.31	1438.81
3544.72	1479.81
3545.12	1513.81
3545.52	1472.81
3545.92	1456.81
3546.33	1461.81
3546.73	1403.81
3547.13	1411.81
3547.53	1478.81
3547.94	1460.81
3548.34	1403.81
3548.74	1434.81
3549.14	1404.81
3549.54	1420.81
3549.95	1425.81
3550.35	1449.81
3550.75	1532.81
3551.15	1402.81
3551.55	1473.81
3551.96	1443.81
3552.36	1449.81
3552.76	1478.81
3553.16	1460.81
3553.56	1506.81
3553.96	1441.81
3554.36	1477.81
3554.77	1438.81
3555.17	1490.81
3555.57	1515.81
3555.97	1477.81
3556.37	1473.81
3556.77	1457.81
3557.17	1419.81
3557.58	1446.81
3557.98	1487.81
3558.38	1453.81
3558.78	1476.81
3559.18	1472.81
3559.58	1364.81
3559.98	1417.81
3560.38	1487.81
3560.79	1413.81
3561.19	1444.81
3561.59	1517.81
3561.99	1416.81
3562.39	1453.81
3562.79	1495.81
3563.19	1487.81
3563.59	1443.81
3563.99	1510.81
3564.39	1499.81
3564.79	1425.81
3565.19	1456.81
3565.59	1419.81
3565.99	1484.81
3566.39	1432.81
3566.8	1462.81
3567.2	1440.81
3567.6	1479.81
3568	1454.81
3568.4	1522.81
3568.8	1464.81
3569.2	1447.81
3569.6	1465.81
3570	1464.81
3570.4	1451.81
3570.8	1460.81
3571.2	1424.81
3571.6	1429.81
3572	1455.81
3572.4	1423.81
3572.8	1465.81
3573.2	1503.81
3573.6	1472.81
3574	1451.81
3574.4	1453.81
3574.8	1385.81
3575.2	1435.81
3575.6	1482.81
3576	1420.81
3576.4	1418.81
3576.79	1470.81
3577.19	1481.81
3577.59	1459.81
3577.99	1451.81
3578.39	1471.81
3578.79	1500.81
3579.19	1480.81
3579.59	1437.81
3579.99	1431.81
3580.39	1415.81
3580.79	1378.81
3581.19	1441.81
3581.59	1406.81
3581.99	1440.81
3582.38	1444.81
3582.78	1431.81
3583.18	1352.81
3583.58	1384.81
3583.98	1372.81
3584.38	1364.81
3584.78	1418.81
3585.18	1423.81
3585.57	1427.81
3585.97	1460.81
3586.37	1387.81
3586.77	1432.81
3587.17	1446.81
3587.57	1389.81
3587.97	1426.81
3588.36	1389.81
3588.76	1366.81
3589.16	1381.81
3589.56	1333.81
3589.96	1411.81
3590.36	1370.81
3590.75	1398.81
3591.15	1424.81
3591.55	1401.81
3591.95	1456.81
3592.35	1381.81
3592.74	1346.81
3593.14	1360.81
3593.54	1417.81
3593.94	1402.81
3594.34	1315.81
3594.73	1396.81
3595.13	1356.81
3595.53	1389.81
3595.93	1340.81
3596.33	1352.81
3596.72	1348.81
3597.12	1309.81
3597.52	1335.81
3597.92	1368.81
3598.31	1310.81
3598.71	1347.81
3599.11	1312.81
3599.51	1321.81
3599.9	1374.81
3600.3	1398.81
3600.7	1374.81
3601.1	1356.81
3601.49	1378.81
3601.89	1326.81
3602.29	1346.81
3602.69	1384.81
3603.08	1345.81
3603.48	1300.81
3603.88	1354.81
3604.27	1348.81
3604.67	1332.81
3605.07	1356.81
3605.46	1332.81
3605.86	1370.81
3606.26	1338.81
3606.65	1312.81
3607.05	1317.81
3607.45	1287.81
3607.84	1363.81
3608.24	1327.81
3608.64	1323.81
3609.03	1294.92
3609.43	1290.69
3609.83	1229.59
3610.22	1268.43
3610.62	1256.62
3611.02	1275.18
3611.41	1283.69
3611.81	1210.35
3612.2	1280.9
3612.6	1249.21
3613	1315.08
3613.39	1271.68
3613.79	1272.88
3614.19	1272.36
3614.58	1336.61
3614.98	1295.58
3615.37	1344.06
3615.77	1313.25
3616.16	1282.3
3616.56	1266.22
3616.96	1229.16
3617.35	1262.89
3617.75	1209.06
3618.14	1236.02
3618.54	1246.87
3618.93	1258.38
3619.33	1269.93
3619.73	1230.22
3620.12	1147.89
3620.52	1105.42
3620.91	1169.18
3621.31	1177.84
3621.7	1133.35
3622.1	1187.19
3622.49	1187.21
3622.89	1205.97
3623.28	1230.51
3623.68	1219.41
3624.08	1223.24
3624.47	1200.49
3624.87	1203.28
3625.26	1199.19
3625.66	1182.66
3626.05	1171.57
3626.45	1207.45
3626.84	1164.17
3627.23	1179.74
3627.63	1174.65
3628.02	1187.01
3628.42	1203.89
3628.81	1182.21
3629.21	1185.97
3629.6	1136.65
3630	1211.09
3630.39	1149.97
3630.79	1103.03
3631.18	1144.26
3631.58	1133.39
3631.97	1103.61
3632.37	1135.31
3632.76	1144.35
3633.15	1129.17
3633.55	1102.45
3633.94	1129.2
3634.34	1109.26
3634.73	1135.57
3635.13	1144.8
3635.52	1136.19
3635.91	1096.28
3636.31	1109.58
3636.7	1116.63
3637.1	1083.45
3637.49	1106.71
3637.88	1095.52
3638.28	1088.33
3638.67	1110.57
3639.06	1087.28
3639.46	1100.21
3639.85	1082.92
3640.25	1088.76
3640.64	1035.74
3641.03	1062.58
3641.43	1054.93
3641.82	1047.4
3642.21	1024.84
3642.61	1053.72
3643	1013.25
3643.39	1065.93
3643.79	1020.54
3644.18	1046.8
3644.57	1039.07
3644.97	1064.22
3645.36	1052.71
3645.75	1005.38
3646.15	1040.6
3646.54	1006.82
3646.93	1018.81
3647.33	1019.44
3647.72	1018.98
3648.11	1011.17
3648.5	1012.57
3648.9	984.53
3649.29	984.236
3649.68	989.469
3650.08	946.402
3650.47	955.363
3650.86	975.324
3651.25	984.986
3651.65	963.105
3652.04	969.309
3652.43	990.614
3652.82	967.114
3653.22	964.901
3653.61	952.733
3654	997.921
3654.39	960.861
3654.79	970.24
3655.18	932.213
3655.57	930.004
3655.96	930.597
3656.36	954.643
3656.75	913.029
3657.14	900.962
3657.53	915.434
3657.92	923.541
3658.32	889.753
3658.71	899.447
3659.1	919.044
3659.49	868.284
3659.88	911.5
3660.27	904.603
3660.67	881.265
3661.06	897.513
3661.45	871.337
3661.84	884.893
3662.23	838.195
3662.62	893.743
3663.02	869.902
3663.41	864.005
3663.8	882.246
3664.19	853.75
3664.58	872.743
3664.97	819.368
3665.36	833.204
3665.76	853.291
3666.15	846.183
3666.54	861.242
3666.93	864.551
3667.32	832.459
3667.71	867.789
3668.1	890.957
3668.49	790.501
3668.88	823.292
3669.28	772.144
3669.67	789.125
3670.06	776.899
3670.45	793.146
3670.84	809.091
3671.23	803.913
3671.62	790.597
3672.01	832.321
3672.4	822.13
3672.79	785.654
3673.18	815.026
3673.57	814.757
3673.96	780.746
3674.36	796.865
3674.75	748.426
3675.14	727.286
3675.53	800.156
3675.92	795.054
3676.31	782.769
3676.7	781.124
3677.09	778.688
3677.48	776.383
3677.87	773.839
3678.26	782.3
3678.65	682.764
3679.04	710.276
3679.43	727.93
3679.82	707.027
3680.21	756.34
3680.6	758.647
3680.99	737.609
3681.38	731.827
3681.77	763.827
3682.16	735.354
3682.55	718.346
3682.94	732.208
3683.33	722.728
3683.72	738.124
3684.11	727.551
3684.5	780.691
3684.89	752.378
3685.27	733.698
3685.66	764.109
3686.05	745.385
3686.44	717.865
3686.83	700.541
3687.22	750.747
3687.61	716.026
3688	690.072
3688.39	746.46
3688.78	728.723
3689.17	722.079
3689.56	715.267
3689.95	683.848
3690.33	716.22
3690.72	730.434
3691.11	732.298
3691.5	715.603
3691.89	705.369
3692.28	701.476
3692.67	712.713
3693.06	691.512
3693.45	714.429
3693.83	659.406
3694.22	703.311
3694.61	714.863
3695	705.12
3695.39	730.68
3695.78	695.799
3696.17	673.862
3696.55	704.305
3696.94	680.861
3697.33	710.438
3697.72	695.957
3698.11	673.081
3698.5	693.702
3698.88	713.266
3699.27	662.616
3699.66	689.189
3700.05	716.538
3700.44	669.625
3700.82	680.275
3701.21	680.041
3701.6	663.075
3701.99	680.668
3702.38	699.666
3702.76	674.789
3703.15	646.532
3703.54	669.606
3703.93	687.729
3704.32	677.152
3704.7	670.409
3705.09	686.463
3705.48	680.432
3705.87	664.81
3706.25	717.221
3706.52	655.221
3706.92	625.221
3707.31	595.221
3707.71	573.221
3708.1	600.221
3708.5	583.221
3708.89	573.221
3709.29	646.221
3709.68	633.221
3710.07	668.221
3710.47	661.221
3710.86	651.221
3711.26	629.221
3711.65	592.221
3712.05	595.221
3712.44	633.221
3712.83	627.221
3713.23	627.221
3713.62	660.221
3714.02	619.221
3714.41	607.221
3714.8	620.221
3715.2	603.221
3715.59	617.221
3715.99	615.221
3716.38	615.221
3716.77	671.221
3717.17	634.221
3717.56	619.221
3717.95	622.221
3718.35	631.221
3718.74	645.221
3719.14	637.221
3719.53	623.221
3719.92	639.221
3720.32	636.221
3720.71	622.221
3721.1	621.221
3721.5	611.221
3721.89	630.221
3722.28	631.221
3722.68	594.221
3723.07	639.221
3723.46	632.221
3723.85	689.221
3724.25	612.221
3724.64	616.221
3725.03	573.221
3725.43	619.534
3725.82	619.285
3726.21	610.552
3726.61	610.281
3727	609.598
3727.39	608.77
3727.78	608.181
3728.18	615.573
3728.57	614.756
3728.96	613.864
3729.35	598.221
3729.75	572.221
3730.14	585.221
3730.53	622.221
3730.92	612.221
3731.32	617.221
3731.71	596.221
3732.1	608.221
3732.49	605.221
3732.89	588.221
3733.28	657.221
3733.67	617.221
3734.06	583.221
3734.46	590.221
3734.85	590.221
3735.24	600.221
3735.63	586.221
3736.02	613.221
3736.42	620.221
3736.81	589.221
3737.2	607.221
3737.59	617.221
3737.98	620.221
3738.38	615.221
3738.77	649.221
3739.16	627.221
3739.55	614.221
3739.94	621.221
3740.33	592.221
3740.73	573.221
3741.12	600.221
3741.51	594.221
3741.9	619.221
3742.29	600.221
3742.68	601.221
3743.07	616.221
3743.47	643.221
3743.86	601.221
3744.25	614.221
3744.64	560.221
3745.03	597.221
3745.42	597.221
3745.81	604.221
3746.2	633.221
3746.6	589.221
3746.99	606.221
3747.38	586.221
3747.77	606.221
3748.16	615.221
3748.55	585.221
3748.94	638.221
3749.33	595.221
3749.72	572.221
3750.11	625.221
3750.5	582.221
3750.9	625.221
3751.29	629.221
3751.68	593.221
3752.07	592.221
3752.46	595.221
3752.85	622.221
3753.24	600.221
3753.63	596.221
3754.02	599.221
3754.41	578.221
3754.8	600.221
3755.19	604.221
3755.58	601.221
3755.97	549.221
3756.36	606.221
3756.75	620.221
3757.14	622.221
3757.53	570.221
3757.92	601.221
3758.31	565.221
3758.7	579.221
3759.09	572.221
3759.48	607.221
3759.87	585.221
3760.26	581.221
3760.65	577.221
3761.04	587.221
3761.43	581.221
3761.82	601.221
3762.21	579.221
3762.6	552.221
3762.99	568.221
3763.38	617.221
3763.77	601.221
3764.16	559.221
3764.55	615.221
3764.94	589.221
3765.33	586.221
3765.72	583.221
3766.1	585.221
3766.49	593.221
3766.88	591.221
3767.27	558.221
3767.66	614.221
3768.05	579.221
3768.44	601.221
3768.83	616.221
3769.22	572.221
3769.61	628.221
3770	606.221
3770.39	571.221
3770.77	597.221
3771.16	590.221
3771.55	578.221
3771.94	580.221
3772.33	603.221
3772.72	584.221
3773.11	575.221
3773.5	573.221
3773.88	581.221
3774.27	578.221
3774.66	592.221
3775.05	556.221
3775.44	590.221
3775.83	593.221
3776.21	616.221
3776.6	591.221
3776.99	553.221
3777.38	567.221
3777.77	601.221
3778.16	566.221
3778.54	565.221
3778.93	612.221
3779.32	613.221
3779.71	587.221
3780.1	554.221
3780.48	607.221
3780.87	576.221
3781.26	563.221
3781.65	550.221
3782.04	607.221
3782.42	641.221
3782.81	559.221
3783.2	584.221
3783.59	544.221
3783.98	583.221
3784.36	610.221
3784.75	570.221
3785.14	603.221
3785.53	607.221
3785.91	546.221
3786.3	586.221
3786.69	574.221
3787.08	606.221
3787.46	610.221
3787.85	558.221
3788.24	596.221
3788.62	558.221
3789.01	572.221
3789.4	560.221
3789.79	547.221
3790.17	592.221
3790.56	565.221
3790.95	588.221
3791.33	574.221
3791.72	570.221
3792.11	600.221
3792.49	579.221
3792.88	585.221
3793.27	571.221
3793.66	563.221
3794.04	547.221
3794.43	530.221
3794.82	595.221
3795.2	622.221
3795.59	609.221
3795.98	614.221
3796.36	543.221
3796.75	582.221
3797.13	582.221
3797.52	577.221
3797.91	531.221
3798.29	529.221
3798.68	585.221
3799.07	557.221
3799.45	589.221
3799.84	623.221
3800.23	601.221
3800.61	613.221
3801	581.221
3801.38	553.221
3801.77	593.221
3802.16	566.221
3802.54	548.221
3802.93	580.221
3803.31	564.221
3803.7	601.221
3804.09	583.221
3804.47	625.221
3804.86	607.221
3805.24	577.221
3805.63	580.221
3806.02	564.221
3806.4	560.221
3806.79	565.221
3807.17	555.221
3807.56	582.221
3807.94	567.221
3808.33	593.221
3808.71	583.221
3809.1	543.221
3809.49	543.221
3809.87	597.221
3810.26	554.221
3810.64	610.221
3811.03	588.221
3811.41	583.221
3811.8	550.221
3812.18	555.221
3812.57	582.221
3812.95	573.221
3813.34	614.221
3813.72	597.221
3814.11	561.221
3814.49	589.221
3814.88	598.221
3815.26	552.221
3815.65	576.221
3816.03	586.221
3816.42	594.221
3816.8	598.221
3817.18	563.221
3817.57	569.221
3817.95	580.221
3818.34	592.221
3818.72	533.221
3819.11	553.221
3819.49	561.221
3819.88	587.221
3820.26	563.221
3820.65	575.221
3821.03	553.221
3821.41	608.221
3821.8	568.221
3822.18	556.221
3822.57	583.221
3822.95	583.221
3823.33	584.221
3823.72	582.221
3824.1	585.221
3824.49	587.221
3824.87	568.221
3825.26	569.221
3825.64	566.221
3826.02	552.221
3826.41	585.221
3826.79	592.221
3827.18	560.221
3827.56	561.221
3827.94	593.221
3828.33	585.221
3828.71	569.221
3829.09	610.221
3829.48	577.221
3829.86	559.221
3830.24	616.221
3830.63	559.221
3831.01	557.221
3831.39	590.221
3831.78	572.221
3832.16	582.221
3832.54	567.221
3832.93	550.221
3833.31	635.221
3833.69	574.221
3834.08	566.221
3834.46	577.221
3834.84	554.221
3835.23	599.221
3835.61	586.221
3835.99	542.221
3836.38	578.221
3836.76	580.221
3837.14	606.221
3837.52	599.221
3837.91	539.221
3838.29	589.221
3838.67	579.221
3839.05	561.221
3839.44	593.221
3839.82	587.221
3840.2	585.221
3840.58	598.221
3840.97	593.221
3841.35	553.221
3841.73	593.221
3842.11	588.221
3842.5	562.221
3842.88	587.221
3843.26	577.221
3843.64	578.221
3844.03	551.221
3844.41	590.221
3844.79	537.221
3845.17	540.221
3845.55	540.221
3845.94	554.221
3846.32	566.221
3846.7	584.221
3847.08	576.221
3847.46	588.221
3847.85	582.221
3848.23	584.221
3848.61	552.221
3848.99	588.221
3849.37	587.221
3849.75	570.221
3850.14	590.221
3850.52	570.221
3850.9	526.221
3851.28	569.221
3851.66	573.221
3852.04	544.221
3852.43	633.221
3852.81	582.221
3853.19	550.221
3853.57	558.221
3853.95	575.221
3854.33	543.221
3854.71	541.221
3855.1	589.221
3855.48	566.221
3855.86	578.221
3856.24	568.221
3856.62	596.221
3857	531.221
3857.38	591.221
3857.76	584.221
3858.14	556.221
3858.53	536.221
3858.91	547.221
3859.29	598.221
3859.67	592.221
3860.05	562.221
3860.43	567.221
3860.81	571.221
3861.19	558.221
3861.57	584.221
3861.95	550.221
3862.33	587.221
3862.71	579.221
3863.09	547.221
3863.47	559.221
3863.85	536.221
3864.23	567.221
3864.62	562.221
3865	578.221
3865.38	580.221
3865.76	562.221
3866.14	573.221
3866.52	573.221
3866.9	557.221
3867.28	584.221
3867.66	543.221
3868.04	533.221
3868.42	534.221
3868.8	560.221
3869.18	583.221
3869.56	546.221
3869.94	552.221
3870.32	542.221
3870.7	576.221
3871.08	588.221
3871.46	561.221
3871.83	555.221
3872.21	548.221
3872.59	577.221
3872.97	593.221
3873.35	541.221
3873.73	541.221
3874.11	521.221
3874.49	568.221
3874.87	569.221
3875.25	566.221
3875.63	547.221
3876.01	551.221
3876.39	594.221
3876.77	556.221
3877.15	560.221
3877.53	564.221
3877.91	536.221
3878.28	560.221
3878.66	552.221
3879.04	585.221
3879.42	593.221
3879.8	576.221
3880.18	587.221
3880.56	580.221
3880.94	568.221
3881.32	520.221
3881.69	604.221
3882.07	547.221
3882.45	568.221
3882.83	580.221
3883.21	566.221
3883.59	536.221
3883.97	542.221
3884.35	561.221
3884.72	572.221
3885.1	566.221
3885.48	582.221
3885.86	549.221
3886.24	524.221
3886.62	600.221
3886.99	562.221
3887.37	593.221
3887.75	535.221
3888.13	539.221
3888.51	537.221
3888.89	575.221
3889.26	559.221
3889.64	553.221
3890.02	549.221
3890.4	578.221
3890.78	525.221
3891.15	565.221
3891.53	527.221
3891.91	577.221
3892.29	554.221
3892.66	592.221
3893.04	518.221
3893.42	590.221
3893.8	583.221
3894.18	588.221
3894.55	583.221
3894.93	575.221
3895.31	569.221
3895.69	567.221
3896.06	517.221
3896.44	566.221
3896.82	550.221
3897.2	614.221
3897.57	552.221
3897.95	532.221
3898.33	505.221
3898.7	553.221
3899.08	574.221
3899.46	590.221
3899.84	550.221
3900.21	593.221
3900.59	572.221
3900.97	575.221
3901.34	524.221
3901.72	550.221
3902.1	563.221
3902.48	588.221
3902.85	531.221
3903.23	552.221
3903.61	596.221
3903.98	537.221
3904.36	521.221
3904.74	603.221
3905.11	559.221
3905.49	560.221
3905.87	542.221
3906.24	544.221
3906.62	585.221
3906.99	582.221
3907.37	549.221
3907.75	566.221
3908.12	569.221
3908.5	561.221
3908.88	593.221
3909.25	560.221
3909.63	566.221
3910.01	508.221
3910.38	532.221
3910.76	571.221
3911.13	535.221
3911.51	600.221
3911.89	593.221
3912.26	532.221
3912.64	590.221
3913.01	572.221
3913.39	551.221
3913.77	566.221
3914.14	576.221
3914.52	562.221
3914.89	557.221
3915.27	556.221
3915.65	585.221
3916.02	542.221
3916.4	577.221
3916.77	521.221
3917.15	538.221
3917.52	560.221
3917.9	567.221
3918.27	537.221
3918.65	560.221
3919.02	512.221
3919.4	523.221
3919.77	514.221
3920.15	514.221
3920.53	504.221
3920.9	519.221
3921.28	559.221
3921.65	557.221
3922.03	558.221
3922.4	550.221
3922.78	555.221
3923.15	561.221
3923.53	528.221
3923.9	553.221
3924.28	550.221
3924.65	521.221
3925.03	556.221
3925.4	547.221
3925.77	555.221
3926.15	603.221
3926.52	541.221
3926.9	596.221
3927.27	559.221
3927.65	594.221
3928.02	559.221
3928.4	576.221
3928.77	567.221
3929.15	523.221
3929.52	555.221
3929.89	563.221
3930.27	547.221
3930.64	566.221
3931.02	538.221
3931.39	523.221
3931.77	530.221
3932.14	554.221
3932.51	550.221
3932.89	557.221
3933.26	553.221
3933.64	583.221
3934.01	573.221
3934.38	534.221
3934.76	583.221
3935.13	533.221
3935.51	552.221
3935.88	556.221
3936.25	546.221
3936.63	553.221
3937	580.221
3937.38	582.221
3937.75	563.221
3938.12	541.221
3938.5	564.221
3938.87	578.221
3939.24	560.221
3939.62	566.221
3939.99	576.221
3940.36	572.221
3940.74	573.221
3941.11	564.221
3941.48	526.221
3941.86	584.221
3942.23	564.221
3942.6	569.221
3942.98	508.221
3943.35	547.221
3943.72	530.221
3944.1	542.221
3944.47	532.221
3944.84	581.221
3945.21	542.221
3945.59	546.221
3945.96	606.221
3946.33	565.221
3946.71	559.221
3947.08	550.221
3947.45	567.221
3947.82	534.221
3948.2	539.221
3948.57	559.221
3948.94	542.221
3949.32	555.221
3949.69	551.221
3950.06	525.221
3950.43	546.221
3950.81	542.221
3951.18	510.221
3951.55	566.221
3951.92	543.221
3952.29	583.221
3952.67	547.221
3953.04	532.221
3953.41	564.221
3953.78	570.221
3954.16	546.221
3954.53	550.221
3954.9	569.221
3955.27	553.221
3955.64	573.221
3956.02	562.221
3956.39	559.221
3956.76	560.221
3957.13	566.221
3957.5	577.221
3957.87	555.221
3958.25	540.221
3958.62	577.221
3958.99	517.221
3959.36	546.221
3959.73	572.221
3960.11	558.221
3960.48	524.221
3960.85	537.221
3961.22	546.221
3961.59	528.221
3961.96	540.221
3962.33	516.221
3962.71	547.221
3963.08	522.221
3963.45	556.221
3963.82	554.221
3964.19	566.221
3964.56	542.221
3964.93	569.221
3965.3	556.221
3965.68	549.221
3966.05	540.221
3966.42	548.221
3966.79	553.221
3967.16	531.221
3967.53	562.221
3967.9	559.221
3968.27	571.221
3968.64	542.221
3969.01	535.221
3969.38	590.221
3969.75	530.221
3970.12	569.221
3970.5	562.221
3970.87	569.221
3971.24	566.221
3971.61	531.221
3971.98	545.221
3972.35	577.221
3972.72	524.221
3973.09	556.221
3973.46	573.221
3973.83	493.221
3974.2	562.221
3974.57	572.221
3974.94	560.221
3975.31	582.221
3975.68	555.221
3976.05	595.221
3976.42	583.221
3976.79	546.221
3977.16	524.221
3977.53	560.221
3977.9	531.221
3978.27	578.221
3978.64	537.221
3979.01	548.221
3979.38	586.221
3979.75	535.221
3980.12	559.221
3980.49	578.221
3980.86	569.221
3981.23	570.221
3981.6	573.221
3981.97	547.221
3982.34	522.221
3982.71	607.221
3983.08	554.221
3983.45	538.221
3983.82	549.221
3984.19	528.221
3984.55	532.221
3984.92	592.221
3985.29	583.221
3985.66	499.221
3986.03	534.221
3986.4	543.221
3986.77	549.221
3987.14	574.221
3987.51	559.221
3987.88	560.221
3988.25	537.221
3988.61	553.221
3988.98	564.221
3989.35	536.221
3989.72	535.221
3990.09	532.221
3990.46	530.221
3990.83	583.221
3991.2	560.221
3991.56	575.221
3991.93	532.221
3992.3	532.221
3992.67	543.221
3993.04	596.221
3993.41	557.221
3993.78	546.221
3994.15	553.221
3994.51	505.221
3994.88	527.221
3995.25	497.221
3995.62	561.221
3995.99	561.221
3996.36	533.221
3996.72	558.221
3997.09	543.221
3997.46	531.221
3997.83	528.221
3998.2	562.221
3998.56	548.221
3998.93	540.221
3999.3	519.221
3999.67	527.221
4000.04	489.221
