19.7123	1456.3
20.3887	1491.3
21.0651	1486.3
21.7414	1448.3
22.4176	1505.3
23.0939	1588.3
23.77	1615.3
24.4462	1604.3
25.1222	1649.3
25.7983	1657.3
26.4742	1723.3
27.1502	1774.3
27.8261	1753.3
28.5019	1823.3
29.1777	1764.3
29.8534	1825.3
30.5291	1895.3
31.2048	1873.3
31.8804	1978.3
32.5559	2011.3
33.2314	2012.3
33.9069	2114.3
34.5823	2075.3
35.2577	2182.3
35.933	2296.3
36.6083	2323.3
37.2835	2243.3
37.9587	2239.3
38.6338	2263.3
39.3066	2308.3
39.9817	2369.3
40.6566	2323.3
41.3316	2362.3
42.0065	2432.3
42.6813	2527.3
43.3539	2511.3
44.0286	2627.3
44.7033	2548.3
45.378	2587.3
46.0526	2614.3
46.7249	2537.3
47.3994	2662.3
48.0739	2641.3
48.7483	2690.3
49.4204	2660.3
50.0947	2670.3
50.769	2650.3
51.4433	2660.3
52.1152	2745.3
52.7893	2650.3
53.4634	2731.3
54.1352	2724.3
54.8092	2778.3
55.4831	2717.3
56.1548	2768.3
56.8286	2836.3
57.5024	2805.3
58.1739	2890.3
58.8477	2846.3
59.5213	2898.3
60.1927	2865.3
60.8663	2797.3
61.5375	2719.3
62.211	2749.3
62.8845	2816.3
63.5556	2930.3
64.2289	2826.3
64.8999	2914.3
65.5732	2834.3
66.2441	2790.3
66.9173	2789.3
67.5881	2802.3
68.2612	2762.3
68.9319	2719.3
69.6049	2721.3
70.2755	2790.3
70.9484	2774.3
71.619	2918.3
72.2918	2813.3
72.9622	2762.3
73.6349	2734.3
74.3053	2816.3
74.9756	2801.3
75.6482	2808.3
76.3184	2759.3
76.9909	2806.3
77.661	2795.3
78.3311	2786.3
79.0034	2784.3
79.6734	2842.3
80.3433	2860.3
81.0155	2889.3
81.6854	2860.3
82.3552	2852.3
83.0272	2848.3
83.6969	2772.3
84.3666	2712.3
85.0385	2742.3
85.7081	2729.3
86.3776	2724.3
87.0471	2818.3
87.7188	2808.3
88.3882	2777.3
89.0575	2769.3
89.7268	2771.3
90.3961	2787.3
91.0676	2816.3
91.7367	2828.3
92.4059	2804.3
93.0749	2770.3
93.7439	2826.3
94.4152	2805.3
95.0841	2801.3
95.753	2619.3
96.4218	2702.3
97.0906	2727.3
97.7594	2765.3
98.4281	2753.3
99.0967	2766.3
99.7676	2805.3
100.436	2720.3
101.105	2698.3
101.773	2700.3
102.442	2573.3
103.11	2641.3
103.778	2718.3
104.447	2730.3
105.115	2735.3
105.783	2730.3
106.451	2665.3
107.119	2739.3
107.787	2730.3
108.455	2724.3
109.123	2733.3
109.791	2603.3
110.459	2712.3
111.127	2660.3
111.795	2600.3
112.462	2680.3
113.13	2700.3
113.795	2696.3
114.463	2649.3
115.13	2636.3
115.798	2710.3
116.465	2637.3
117.133	2610.3
117.8	2645.3
118.467	2642.3
119.132	2578.3
119.8	2583.3
120.467	2499.3
121.134	2545.3
121.801	2544.3
122.466	2514.3
123.133	2509.3
123.8	2608.3
124.467	2602.3
125.133	2568.3
125.798	2635.3
126.465	2619.3
127.131	2543.3
127.796	2542.3
128.462	2547.3
129.129	2465.3
129.796	2374.3
130.46	2542.3
131.126	2525.56
131.793	2503.6
132.457	2462.74
133.123	2459.51
133.789	2455.25
134.453	2486.94
135.119	2502.19
135.783	2510.12
136.449	2515.45
137.115	2510.52
137.779	2393.3
138.445	2478.3
139.108	2439.3
139.774	2508.3
140.438	2497.3
141.104	2496.3
141.769	2498.3
142.433	2466.3
143.098	2554.3
143.762	2499.3
144.427	2539.3
145.09	2501.3
145.756	2537.3
146.419	2533.3
147.084	2483.3
147.747	2554.3
148.41	2407.3
149.075	2449.3
149.738	2492.3
150.403	2488.3
151.066	2502.3
151.731	2486.3
152.394	2354.3
153.056	2508.3
153.721	2483.3
154.384	2400.3
155.046	2457.3
155.711	2471.3
156.374	2427.3
157.036	2421.3
157.701	2494.3
158.363	2380.3
159.025	2420.3
159.69	2406.3
160.352	2369.3
161.014	2405.3
161.676	2384.3
162.34	2388.3
163.002	2383.3
163.664	2378.3
164.326	2402.3
164.99	2383.3
165.652	2414.3
166.314	2382.3
166.975	2404.3
167.637	2338.3
168.301	2386.3
168.962	2358.3
169.624	2302.3
170.285	2366.3
170.947	2302.3
171.608	2381.3
172.272	2402.3
172.933	2364.3
173.594	2410.3
174.255	2339.3
174.917	2290.3
175.578	2357.3
176.239	2332.3
176.9	2356.3
177.561	2325.3
178.222	2344.3
178.882	2354.3
179.543	2355.3
180.204	2344.3
180.865	2324.3
181.526	2332.3
182.186	2302.3
182.847	2336.3
183.507	2208.3
184.168	2224.3
184.828	2192.3
185.489	2228.3
186.149	2220.3
186.809	2218.3
187.47	2282.3
188.13	2282.3
188.79	2251.3
189.45	2232.3
190.11	2257.3
190.768	2250.3
191.428	2346.3
192.088	2229.3
192.748	2286.3
193.408	2243.3
194.068	2340.3
194.728	2326.3
195.385	2313.3
196.045	2293.3
196.705	2251.3
197.364	2220.3
198.021	2245.3
198.681	2306.3
199.34	2279.3
200	2276.3
200.657	2331.3
201.316	2267.3
201.976	2286.3
202.635	2283.3
203.292	2339.3
203.951	2241.3
204.61	2262.3
205.267	2322.3
205.926	2297.3
206.585	2297.3
207.242	2321.3
207.9	2298.3
208.559	2286.3
209.216	2337.3
209.875	2301.3
210.533	2268.3
211.19	2251.3
211.848	2230.3
212.505	2204.3
213.163	2219.3
213.819	2206.3
214.478	2282.29
215.134	2282.54
215.792	2285.15
216.451	2257.7
217.107	2264.04
217.765	2266.91
218.421	2266.99
219.079	2281.45
219.735	2281.74
220.391	2280.26
221.049	2235.3
221.704	2223.3
222.362	2262.3
223.018	2279.3
223.675	2262.3
224.331	2274.3
224.989	2289.3
225.644	2314.3
226.3	2334.3
226.957	2273.3
227.612	2270.3
228.268	2356.3
228.925	2330.3
229.58	2350.3
230.235	2329.3
230.893	2321.3
231.548	2336.3
232.203	2314.3
232.86	2337.3
233.515	2383.3
234.17	2340.3
234.827	2363.3
235.481	2274.3
236.136	2403.3
236.791	2286.3
237.448	2318.3
238.102	2366.3
238.757	2340.3
239.411	2311.3
240.066	2316.3
240.722	2287.3
241.377	2326.3
242.031	2355.3
242.685	2337.3
243.339	2382.3
243.993	2442.3
244.648	2344.3
245.304	2347.3
245.958	2268.3
246.612	2362.3
247.266	2294.3
247.92	2358.3
248.574	2348.3
249.227	2346.3
249.881	2393.3
250.535	2316.3
251.189	2400.3
251.842	2453.3
252.496	2406.3
253.149	2378.3
253.803	2383.3
254.456	2365.3
255.11	2372.3
255.763	2330.3
256.416	2412.3
257.07	2368.3
257.723	2473.3
258.376	2307.3
259.029	2385.3
259.682	2427.3
260.335	2353.3
260.988	2444.3
261.641	2372.3
262.294	2388.3
262.947	2390.3
263.598	2492.3
264.251	2431.3
264.903	2488.3
265.556	2438.3
266.209	2412.3
266.861	2343.3
267.512	2421.3
268.164	2483.3
268.817	2453.3
269.469	2442.3
270.121	2440.3
270.772	2434.3
271.424	2439.3
272.076	2410.3
272.728	2494.3
273.378	2481.3
274.03	2451.3
274.682	2525.3
275.332	2549.3
275.984	2413.3
276.636	2516.3
277.288	2486.3
277.938	2457.3
278.59	2507.3
279.239	2524.3
279.891	2503.3
280.542	2549.3
281.192	2459.3
281.843	2454.3
282.495	2530.3
283.144	2521.3
283.796	2507.3
284.445	2489.3
285.096	2553.3
285.745	2494.3
286.397	2499.3
287.048	2498.3
287.697	2538.3
288.348	2513.3
288.997	2549.3
289.648	2568.3
290.297	2582.3
290.948	2602.3
291.596	2483.3
292.247	2590.3
292.896	2555.3
293.544	2592.3
294.195	2525.3
294.844	2604.3
295.494	2537.3
296.143	2567.3
296.793	2548.3
297.441	2550.3
298.09	2634.3
298.74	2552.3
299.388	2639.3
300.036	2602.3
300.687	2592.3
301.335	2673.3
301.983	2555.3
302.633	2655.3
303.281	2626.3
303.929	2642.3
304.579	2632.3
305.227	2562.3
305.874	2666.3
306.522	2666.3
307.172	2618.3
307.819	2622.3
308.467	2650.3
309.114	2676.3
309.764	2617.3
310.412	2541.3
311.059	2645.3
311.706	2650.3
312.354	2618.3
313.003	2678.3
313.65	2677.3
314.297	2629.3
314.944	2686.3
315.592	2657.3
316.239	2707.3
316.886	2669.3
317.535	2717.3
318.182	2677.3
318.828	2734.3
319.475	2744.3
320.122	2702.3
320.769	2742.3
321.415	2684.3
322.062	2706.3
322.709	2739.3
323.355	2690.3
324.002	2772.3
324.648	2815.3
325.294	2739.3
325.941	2711.3
326.587	2712.3
327.233	2748.3
327.88	2749.3
328.526	2764.3
329.172	2764.3
329.818	2794.3
330.464	2733.3
331.11	2744.3
331.754	2826.3
332.4	2864.3
333.046	2799.3
333.692	2772.3
334.337	2857.3
334.983	2892.3
335.629	2819.3
336.275	2798.3
336.918	2892.3
337.564	2832.3
338.209	2840.3
338.855	2806.3
339.5	2769.3
340.143	2906.3
340.789	2890.3
341.434	2942.3
342.079	2954.3
342.722	2871.3
343.367	2850.3
344.012	2937.3
344.658	2771.3
345.3	2864.3
345.945	2949.3
346.59	2899.3
347.233	2867.3
347.878	2890.3
348.523	2855.3
349.165	2883.3
349.81	2936.3
350.455	2879.3
351.097	2949.3
351.742	2944.3
352.384	2832.3
353.029	2952.3
353.673	2931.3
354.315	2930.3
354.96	2996.3
355.602	2929.3
356.246	3012.3
356.888	2976.3
357.533	2929.3
358.175	2927.3
358.819	3001.3
359.461	2996.3
360.105	2913.3
360.746	2986.3
361.39	2970.3
362.032	3016.3
362.676	3051.3
363.318	2986.3
363.961	3011.3
364.603	3064.3
365.247	3049.3
365.888	3064.3
366.529	2930.3
367.173	3003.3
367.814	3079.3
368.456	3062.3
369.099	3099.3
369.74	3071.3
370.381	3083.3
371.025	3120.3
371.666	3000.3
372.307	3038.3
372.95	3036.3
373.591	3061.3
374.232	3058.3
374.875	3104.3
375.516	3038.3
376.156	3079.3
376.797	3096.3
377.44	3133.3
378.081	3063.3
378.721	3070.3
379.362	3095.3
380.002	3116.3
380.645	3020.3
381.285	3086.3
381.926	3094.3
382.566	3253.3
383.206	3120.3
383.847	3158.3
384.489	3190.3
385.129	3166.3
385.769	3138.3
386.409	3156.3
387.049	3156.3
387.689	3221.3
388.329	3309.3
388.969	3104.3
389.609	3230.3
390.249	3161.3
390.889	3150.3
391.528	3220.3
392.168	3194.3
392.81	3287.3
393.449	3278.3
394.089	3192.3
394.726	3299.3
395.366	3262.3
396.005	3261.3
396.645	3243.3
397.284	3352.3
397.923	3271.3
398.562	3350.3
399.202	3194.3
399.841	3280.3
400.48	3306.3
401.119	3287.3
401.758	3330.3
402.397	3295.3
403.034	3289.3
403.673	3362.3
404.311	3343.3
404.95	3335.3
405.589	3418.3
406.228	3431.3
406.864	3338.3
407.503	3434.3
408.142	3400.3
408.78	3393.3
409.419	3532.3
410.055	3402.3
410.693	3428.3
411.332	3407.3
411.968	3481.3
412.606	3454.3
413.244	3433.3
413.883	3402.3
414.519	3498.3
415.157	3512.3
415.795	3536.3
416.431	3517.3
417.069	3605.3
417.707	3493.3
418.342	3545.3
418.98	3531.3
419.616	3573.3
420.254	3621.3
420.891	3545.3
421.527	3500.3
422.165	3569.3
422.8	3644.3
423.438	3515.3
424.075	3580.3
424.71	3638.3
425.348	3596.3
425.983	3624.3
426.62	3684.3
427.256	3595.3
427.893	3621.3
428.528	3604.3
429.165	3720.3
429.8	3713.3
430.435	3690.3
431.072	3690.3
431.707	3797.3
432.344	3766.3
432.979	3749.3
433.615	3818.3
434.25	3780.3
434.885	3869.3
435.521	3864.3
436.156	3800.3
436.79	3790.3
437.427	3903.3
438.061	3793.3
438.696	3756.3
439.332	3910.3
439.967	3926.3
440.601	3955.3
441.237	3911.3
441.871	3914.3
442.505	3859.3
443.142	4000.3
443.776	3966.3
444.41	4025.3
445.044	3992.3
445.678	4010.3
446.314	3999.3
446.947	3998.3
447.581	4035.3
448.215	4033.3
448.849	4106.3
449.484	4049.3
450.118	4056.3
450.752	4011.3
451.385	4074.3
452.018	4004.3
452.652	4143.3
453.285	4118.3
453.921	4117.3
454.554	4138.3
455.187	4100.3
455.821	3994.3
456.454	4149.3
457.087	4196.3
457.72	4184.3
458.353	4174.3
458.986	4178.3
459.619	4207.3
460.252	4153.3
460.885	4146.3
461.518	4221.3
462.15	4196.3
462.783	4234.3
463.416	4218.3
464.048	4184.3
464.681	4292.3
465.314	4172.3
465.946	4191.3
466.579	4144.3
467.209	4232.3
467.841	4218.3
468.474	4197.3
469.106	4127.3
469.738	4253.3
470.371	4192.3
471.003	4246.3
471.633	4167.3
472.265	4254.3
472.897	4307.3
473.529	4292.3
474.161	4249.3
474.791	4229.3
475.423	4161.3
476.054	4249.3
476.686	4360.3
477.318	4257.3
477.948	4322.3
478.579	4204.3
479.211	4179.3
479.84	4132.3
480.472	4204.3
481.103	4200.3
481.733	4232.3
482.364	4189.3
482.996	4189.3
483.625	4224.3
484.256	4278.3
484.887	4311.3
485.516	4286.3
486.148	4191.3
486.779	4142.3
487.408	4174.3
488.039	4164.3
488.668	4191.3
489.298	4268.3
489.927	4171.3
490.558	4102.3
491.187	4215.3
491.818	4042.3
492.446	4164.3
493.077	4114.3
493.705	4064.3
494.336	4156.3
494.964	4242.3
495.595	4100.3
496.223	4094.3
496.854	4125.3
497.482	3952.3
498.112	4040.3
498.741	3985.3
499.371	4056.3
499.999	4027.3
500.627	3879.3
501.257	3927.3
501.885	3766.3
502.513	3854.3
503.143	3822.3
503.771	3755.3
504.399	3876.3
505.029	3784.3
505.656	3774.3
506.284	3722.3
506.914	3693.3
507.541	3598.3
508.169	3566.3
508.796	3686.3
509.426	3652.3
510.054	3544.3
510.681	3466.3
511.308	3447.3
511.938	3432.3
512.565	3478.3
513.192	3405.3
513.819	3373.3
514.446	3319.3
515.076	3158.3
515.703	3219.3
516.33	3142.3
516.957	3210.3
517.584	3143.3
518.21	3102.3
518.837	3080.3
519.464	3105.3
520.093	3110.3
520.72	3069.3
521.346	3008.3
521.973	2950.3
522.6	2894.3
523.226	2900.3
523.853	2796.3
524.479	2836.3
525.105	2783.3
525.732	2807.3
526.358	2731.3
526.984	2706.3
527.611	2716.3
528.237	2691.3
528.863	2721.3
529.489	2675.3
530.115	2595.3
530.741	2578.3
531.365	2634.3
531.991	2634.3
532.617	2506.3
533.243	2463.3
533.869	2460.3
534.495	2482.3
535.12	2467.3
535.746	2396.3
536.369	2395.3
536.995	2466.3
537.621	2412.3
538.246	2288.3
538.872	2225.3
539.495	2232.3
540.12	2230.3
540.746	2223.3
541.371	2148.3
541.994	2211.3
542.62	2199.3
543.245	2286.3
543.87	2212.3
544.493	2233.3
545.118	2236.3
545.743	2125.3
546.366	2173.3
546.991	2178.3
547.616	2168.3
548.238	2087.3
548.863	2087.3
549.488	2052.3
550.111	2084.3
550.735	2019.3
551.36	2046.3
551.982	2062.3
552.607	2038.3
553.229	2074.3
553.854	2039.3
554.476	1988.3
555.101	1925.3
555.723	1954.3
556.347	1919.3
556.969	1860.3
557.594	1951.3
558.216	1966.3
558.84	1944.3
559.462	1926.3
560.086	1949.11
560.708	1937.28
561.332	1908.37
561.954	1957.8
562.578	1901.84
563.199	1848.98
563.821	1862.76
564.445	1893.73
565.066	1909.96
565.69	1861.32
566.312	1816.44
566.933	1849.37
567.557	1797.47
568.178	1836.49
568.799	1811.58
569.423	1771.16
570.044	1865.65
570.665	1827.38
571.289	1770.71
571.91	1750.63
572.531	1770.18
573.152	1784.09
573.775	1842.75
574.396	1776.53
575.017	1785.2
575.638	1761.69
576.261	1775.52
576.882	1783.22
577.503	1730.25
578.123	1754.41
578.744	1730.05
579.365	1713.17
579.987	1728.82
580.608	1723.37
581.229	1707.93
581.849	1686.54
582.47	1677.7
583.09	1677.6
583.71	1737.81
584.331	1649.91
584.951	1656.49
585.571	1636.23
586.194	1688.41
586.814	1622.68
587.434	1611.83
588.054	1625.89
588.674	1644.79
589.294	1615.57
589.914	1556.83
590.534	1590.9
591.154	1587.46
591.774	1541.11
592.391	1595.2
593.011	1579.67
593.631	1513.21
594.25	1537.71
594.87	1510.79
595.49	1539.56
596.109	1579.02
596.729	1543.98
597.348	1496.49
597.967	1495.39
598.585	1500.88
599.204	1503.29
599.823	1471.92
600.443	1424.46
601.062	1448.69
601.681	1475.41
602.298	1483.94
602.917	1431.13
603.536	1396.77
604.155	1377.75
604.772	1401.33
605.391	1416.94
606.01	1312.6
606.629	1369
607.245	1336.64
607.864	1296.07
608.483	1315.3
609.099	1322.99
609.718	1323.91
610.337	1288.38
610.953	1280.56
611.572	1284.12
612.19	1281.17
612.806	1245.33
613.425	1302.13
614.043	1221.17
614.659	1307.29
615.278	1260.28
615.894	1190.81
616.512	1256.36
617.128	1213.94
617.746	1251.97
618.364	1229.42
618.98	1193.47
619.598	1211.1
620.214	1191.69
620.832	1173.25
621.448	1164.79
622.065	1117.28
622.681	1166.3
623.297	1140.91
623.914	1183.1
624.53	1183.24
625.148	1179.5
625.763	1102.23
626.381	1125.69
626.996	1132.05
627.611	1123.24
628.229	1110.57
628.844	1091.21
629.459	1125.31
630.076	1092.86
630.692	1101.94
631.307	1078.54
631.924	1121.32
632.539	1067.47
633.154	1079.14
633.771	1096.65
634.386	1097.98
635.001	1079.23
635.615	1045.14
636.232	1051.15
636.847	1056.02
637.462	1075.81
638.076	1030.25
638.693	1077.59
639.308	1040.6
639.922	1054.33
640.537	1038.45
641.151	1057.28
641.768	1027.17
642.382	982.459
642.996	1016.69
643.611	1083.24
644.225	1014.74
644.839	990.648
645.453	981.883
646.067	1014.43
646.681	967.875
647.295	1014.26
647.912	961.999
648.526	968.796
649.139	993.514
649.753	1010.41
650.367	1016.22
650.981	971.661
651.595	972.286
652.208	983.971
652.822	995.855
653.436	966.698
653.707	951.698
654.329	935.698
654.953	938.698
655.576	950.698
656.198	985.698
656.822	964.698
657.444	944.698
658.066	960.698
658.688	929.698
659.312	948.698
659.933	947.698
660.555	992.698
661.177	928.698
661.801	929.698
662.422	912.698
663.044	843.698
663.666	944.564
664.287	937.937
664.911	921.45
665.532	919.614
666.154	918.417
666.775	916.77
667.396	929.571
668.018	933.055
668.639	931.403
669.262	929.57
669.883	864.698
670.504	864.698
671.126	914.698
671.747	919.698
672.368	898.698
672.989	915.698
673.609	944.698
674.23	948.698
674.851	911.698
675.472	894.698
676.093	881.698
676.713	884.698
677.334	946.698
677.955	894.698
678.575	938.698
679.196	931.698
679.816	909.698
680.437	934.698
681.057	905.698
681.677	904.698
682.298	916.698
682.918	915.698
683.538	877.698
684.159	897.698
684.779	947.698
685.397	932.698
686.017	929.698
686.637	890.698
687.257	933.698
687.877	959.698
688.497	922.698
689.115	912.698
689.734	911.698
690.354	921.698
690.974	884.698
691.594	914.698
692.211	889.698
692.831	886.698
693.45	945.698
694.07	861.698
694.687	912.698
695.307	893.698
695.926	907.698
696.546	911.698
697.163	885.698
697.782	896.698
698.401	859.698
699.019	862.698
699.638	898.698
700.257	913.698
700.874	869.698
701.493	882.698
702.112	892.698
702.729	869.698
703.348	872.698
703.967	939.698
704.583	911.698
705.202	893.698
705.819	867.698
706.438	905.698
707.054	879.698
707.673	883.698
708.291	924.698
708.908	900.698
709.526	911.698
710.143	915.698
710.761	865.698
711.377	897.698
711.996	880.698
712.612	864.698
713.23	833.698
713.846	833.698
714.462	824.698
715.081	830.698
715.697	842.698
716.315	848.698
716.931	892.698
717.549	836.698
718.164	863.698
718.78	854.698
719.398	907.698
720.014	871.698
720.629	867.698
721.247	867.698
721.863	884.698
722.478	869.698
723.096	903.698
723.711	860.698
724.327	880.698
724.944	874.698
725.56	852.698
726.175	873.698
726.792	869.698
727.408	882.698
728.023	889.698
728.638	865.582
729.255	851.698
729.87	917.698
730.485	871.698
731.1	852.698
731.715	877.698
732.332	865.698
732.947	899.698
733.562	866.442
734.177	866.698
734.791	877.698
735.406	866.221
736.021	850.698
736.637	875.698
737.252	897.698
737.867	854.698
738.481	885.698
739.096	845.698
739.71	887.698
740.324	869.919
740.939	870.128
741.553	871.419
742.167	872.651
742.781	873.803
743.396	868.629
744.01	868.536
744.624	869.885
745.238	876.477
745.852	877.489
746.466	876.779
747.08	877.349
747.694	876.675
748.307	877.756
748.921	869.698
749.535	907.698
750.149	878.71
750.762	869.698
751.376	889.698
751.99	871.698
752.603	891.698
753.215	874.698
753.828	879.698
754.441	962.698
755.055	922.698
755.668	916.698
756.282	912.698
756.893	907.698
757.506	944.698
758.119	877.698
758.732	918.698
759.345	863.698
759.956	866.698
760.569	919.698
761.182	851.698
761.795	916.698
762.406	916.698
763.019	933.698
763.632	908.698
764.243	915.698
764.855	946.698
765.468	934.698
766.081	908.698
766.691	894.698
767.304	931.698
767.916	890.698
768.527	887.698
769.139	909.698
769.75	889.698
770.362	910.698
770.974	932.698
771.584	922.698
772.197	908.698
772.807	905.698
773.419	924.698
774.031	889.698
774.641	948.698
775.253	936.698
775.863	892.698
776.475	913.698
777.085	914.698
777.697	937.698
778.307	910.698
778.919	931.698
779.528	955.698
780.14	944.698
780.75	908.698
781.359	914.698
781.971	937.698
782.58	948.698
783.192	980.698
783.801	969.698
784.413	956.698
785.022	999.698
785.631	970.698
786.243	993.698
786.852	967.698
787.461	939.698
788.072	967.698
788.681	951.698
789.29	931.698
789.901	929.698
790.51	975.698
791.119	941.698
791.73	996.698
792.339	918.698
792.948	926.698
793.557	894.698
794.167	938.698
794.776	953.698
795.385	970.698
795.993	911.698
796.604	970.698
797.213	973.698
797.821	924.698
798.429	890.698
799.038	917.698
799.646	972.698
800.257	959.698
800.865	972.698
801.473	972.698
802.081	877.698
802.69	959.698
803.298	890.698
803.906	900.698
804.514	936.698
805.124	918.698
805.732	921.698
806.34	943.698
806.948	884.698
807.555	913.698
808.163	923.698
808.771	892.698
809.379	879.698
809.986	879.698
810.594	914.698
811.202	890.698
811.809	869.698
812.417	878.698
813.024	891.698
813.632	910.698
814.239	903.698
814.846	879.698
815.454	946.698
816.059	879.698
816.666	880.698
817.273	844.698
817.881	848.698
818.488	831.698
819.095	820.698
819.702	846.698
820.309	868.698
820.914	867.698
821.521	855.698
822.128	851.698
822.734	850.698
823.341	820.698
823.946	841.698
824.553	846.698
825.159	829.698
825.766	787.698
826.37	813.698
826.977	850.698
827.583	792.698
828.19	789.698
828.794	826.698
829.401	788.698
830.007	796.698
830.611	757.698
831.218	776.698
831.824	775.698
832.428	713.698
833.034	734.698
833.64	758.698
834.244	741.698
834.85	752.698
835.456	746.698
836.06	731.698
836.666	761.698
837.27	727.698
837.876	715.698
838.482	666.698
839.085	695.698
839.691	724.698
840.295	665.698
840.9	700.698
841.504	711.698
842.109	696.698
842.713	738.698
843.318	739.698
843.922	715.698
844.527	676.698
845.13	693.698
845.736	711.698
846.339	720.698
846.942	685.698
847.547	707.698
848.15	682.698
848.756	679.698
849.359	691.698
849.962	681.698
850.567	707.698
851.17	685.698
851.774	681.698
852.377	720.698
852.98	662.698
853.585	674.698
854.188	708.698
854.79	680.698
855.395	707.698
855.998	666.698
856.6	664.698
857.203	652.698
857.807	679.698
858.41	659.698
859.012	715.698
859.614	661.698
860.219	698.698
860.821	682.698
861.423	686.698
862.025	711.698
862.628	702.698
863.232	638.698
863.834	692.698
864.436	686.698
865.038	711.698
865.64	712.698
866.242	686.698
866.844	681.698
867.447	679.698
868.049	724.698
868.651	708.698
869.253	691.698
869.854	672.698
870.456	660.698
871.058	691.698
871.659	655.698
872.261	685.698
872.862	650.698
873.464	682.698
874.065	659.698
874.666	680.698
875.268	676.698
875.869	668.698
876.47	694.698
877.071	665.698
877.673	685.698
878.274	700.698
878.875	693.698
879.476	709.698
880.077	669.698
880.676	696.698
881.277	710.698
881.878	694.698
882.479	709.698
883.079	735.698
883.68	723.698
884.281	714.698
884.882	737.698
885.48	716.698
886.081	692.698
886.681	655.698
887.282	656.698
887.882	696.698
888.481	699.698
889.081	653.698
889.682	728.698
890.282	751.698
890.88	703.698
891.48	702.698
892.081	734.698
892.679	678.698
893.279	704.698
893.879	730.698
894.479	693.698
895.077	685.698
895.677	752.698
896.277	701.698
896.875	713.698
897.475	717.698
898.073	678.698
898.672	700.698
899.272	687.698
899.87	703.698
900.469	707.698
901.067	699.698
901.667	711.698
902.266	757.698
902.864	727.698
903.463	697.698
904.06	714.698
904.66	731.698
905.257	755.698
905.857	711.698
906.454	767.698
907.053	749.698
907.65	719.698
908.249	772.698
908.846	741.698
909.443	718.698
910.043	742.698
910.639	753.698
911.238	750.698
911.835	741.698
912.432	789.698
913.031	772.698
913.628	728.698
914.227	772.698
914.823	764.698
915.42	732.698
916.019	755.698
916.615	761.698
917.212	755.698
917.81	786.698
918.407	721.698
919.003	755.698
919.599	741.698
920.198	727.698
920.794	777.698
921.39	785.698
921.987	774.698
922.585	773.698
923.181	756.698
923.777	750.698
924.373	824.698
924.969	806.698
925.567	823.698
926.163	785.698
926.759	799.698
927.355	802.698
927.951	799.698
928.547	785.698
929.144	799.698
929.74	788.698
930.336	799.698
930.931	786.698
931.527	794.698
932.123	788.698
932.718	802.698
933.314	831.698
933.909	809.698
934.504	826.698
935.1	820.698
935.695	804.698
936.29	845.698
936.886	857.698
937.481	815.698
938.076	807.698
938.671	850.698
939.266	861.698
939.861	854.698
940.456	766.698
941.051	836.698
941.646	810.698
942.241	837.698
942.836	853.698
943.431	838.698
944.024	836.698
944.618	849.698
945.213	841.698
945.808	819.698
946.402	869.698
946.997	869.698
947.592	849.698
948.184	850.698
948.778	846.698
949.373	877.698
949.967	846.698
950.562	851.698
951.154	839.698
951.748	873.698
952.342	863.698
952.937	895.698
953.529	871.698
954.123	870.698
954.717	844.698
955.309	848.698
955.903	854.698
956.497	866.698
957.089	847.698
957.683	852.698
958.277	873.698
958.868	885.698
959.462	892.698
960.056	869.698
960.648	925.698
961.241	882.698
961.833	863.698
962.427	871.698
963.02	887.698
963.612	909.698
964.205	930.698
964.796	944.698
965.39	885.698
965.981	892.698
966.574	932.698
967.166	877.698
967.759	885.698
968.35	943.698
968.943	895.698
969.534	913.698
970.128	879.698
970.718	880.698
971.309	922.698
971.902	883.698
972.493	919.698
973.086	872.698
973.677	891.698
974.268	940.698
974.861	956.698
975.451	951.698
976.044	924.698
976.635	924.698
977.225	936.698
977.818	959.698
978.408	897.698
978.999	936.698
979.591	921.698
980.182	914.698
980.772	887.698
981.362	914.698
981.955	926.698
982.545	983.698
983.135	937.698
983.725	935.698
984.318	981.698
984.908	931.698
985.498	967.698
986.088	946.698
986.678	968.698
987.268	887.698
987.86	979.698
988.449	964.698
989.039	948.698
989.629	942.698
990.219	939.698
990.808	961.698
991.398	956.698
991.988	948.698
992.579	955.698
993.169	998.698
993.759	964.698
994.348	947.698
994.938	908.698
995.527	958.698
996.116	944.698
996.706	953.698
997.295	979.698
997.884	982.698
998.473	971.698
999.063	936.698
999.652	977.698
1000.24	964.698
1000.83	985.698
1001.42	1000.7
1002.01	987.698
1002.59	974.698
1003.18	1005.7
1003.77	1002.7
1004.36	985.698
1004.95	963.698
1005.54	971.698
1006.13	987.698
1006.72	995.698
1007.3	995.698
1007.89	1011.7
1008.48	969.698
1009.07	1000.7
1009.66	997.698
1010.24	1021.7
1010.83	939.698
1011.42	974.698
1012.01	978.698
1012.6	1046.7
1013.18	991.698
1013.77	1022.7
1014.36	942.698
1014.95	978.698
1015.53	1016.7
1016.12	981.698
1016.71	975.698
1017.3	1037.7
1017.88	964.698
1018.47	1062.7
1019.06	964.698
1019.65	976.698
1020.23	1025.7
1020.82	985.698
1021.4	1044.7
1021.99	977.698
1022.58	993.698
1023.17	950.698
1023.75	977.698
1024.34	1010.7
1024.93	981.698
1025.51	998.687
1026.1	1048.26
1026.68	1000.86
1027.27	973.908
1027.86	992.424
1028.44	983.56
1029.03	1017.95
1029.62	979.927
1030.2	992.67
1030.79	974.095
1031.37	959.588
1031.96	973.803
1032.55	1011.68
1033.13	999.709
1033.72	982.377
1034.3	1038.98
1034.89	1006.9
1035.47	1007.5
1036.06	962.693
1036.65	990.651
1037.23	980.298
1037.82	1022.76
1038.4	967.272
1038.99	1014.1
1039.57	965.885
1040.16	995.028
1040.74	1007.15
1041.33	973.015
1041.91	1011.17
1042.5	990.166
1043.08	1003.6
1043.67	1002.72
1044.25	975.98
1044.83	1001.4
1045.42	946.981
1046.01	971.867
1046.59	929.197
1047.17	1018.61
1047.76	980.034
1048.34	1009.69
1048.93	1007.27
1049.51	983.12
1050.1	958.682
1050.68	966.393
1051.26	1020.02
1051.85	951.331
1052.43	1018.21
1053.01	981.464
1053.6	982.431
1054.18	966.826
1054.76	987.526
1055.35	1002.16
1055.93	985.906
1056.52	986.399
1057.1	1003.44
1057.68	1005.21
1058.27	1015.6
1058.85	1018.9
1059.43	952.369
1060.02	964.675
1060.6	966.821
1061.18	982.723
1061.76	990.467
1062.35	969.433
1062.93	966.66
1063.51	986.291
1064.09	966.5
1064.68	964.608
1065.26	1022.98
1065.84	1012.72
1066.43	969.718
1067.01	1000.38
1067.59	994.932
1068.17	998.714
1068.76	922.965
1069.34	981.98
1069.92	958.24
1070.5	949.684
1071.08	962.875
1071.67	963.808
1072.25	963.15
1072.83	971.179
1073.41	953.763
1073.99	1003.21
1074.58	963.633
1075.16	978.783
1075.74	976.246
1076.32	992.197
1076.9	1004.23
1077.48	943.189
1078.06	974.057
1078.64	978.597
1079.23	943.1
1079.81	949.799
1080.39	977.522
1080.97	975.456
1081.55	947.899
1082.13	981.584
1082.71	950.456
1083.29	955.094
1083.87	983.524
1084.45	963.257
1085.03	981.278
1085.62	957.735
1086.2	983.145
1086.78	966.781
1087.36	950.408
1087.94	978.139
1088.52	948.497
1089.1	960.026
1089.68	992.983
1090.26	973.654
1090.84	938.786
1091.42	961.612
1092	936.597
1092.58	940.713
1093.16	957.122
1093.74	983.933
1094.32	997.227
1094.9	964.653
1095.48	999.459
1096.06	913.88
1096.64	978.008
1097.22	968.08
1097.79	961.081
1098.37	969.237
1098.95	967.797
1099.53	935.099
1100.11	945.719
1100.69	959.68
1101.27	968.53
1101.85	953.198
1102.43	964.135
1103.01	919.414
1103.58	963.819
1104.16	931.197
1104.74	956.154
1105.32	933.893
1105.9	937.783
1106.48	949.287
1107.06	965.363
1107.64	955.225
1108.21	944.73
1108.79	935.398
1109.37	955.954
1109.95	948.598
1110.53	949.995
1111.1	920.48
1111.68	916.497
1112.26	938.335
1112.84	924.816
1113.42	913.221
1113.99	911.532
1114.57	915.532
1115.15	902.986
1115.73	922.978
1116.3	935.439
1116.88	938.428
1117.46	957.933
1118.04	918.085
1118.61	933.966
1119.19	930.908
1119.77	951.897
1120.35	955.584
1120.92	902.874
1121.5	894.197
1122.08	894.789
1122.65	853.948
1123.23	895.816
1123.81	894.943
1124.39	879.733
1124.96	877.825
1125.54	876.657
1126.11	875.357
1126.69	873.524
1127.27	872.102
1127.85	884.241
1128.42	882.229
1129	806.861
1129.57	828.046
1130.15	890.222
1130.72	859.816
1131.3	875.12
1131.88	879.946
1132.45	852.792
1133.03	865.432
1133.61	870.163
1134.18	910.826
1134.76	902.28
1135.33	871.058
1135.91	860.902
1136.48	883.163
1137.06	868.368
1137.63	948.641
1138.21	843.635
1138.78	863.166
1139.36	895.641
1139.93	877.739
1140.51	883.093
1141.09	881.931
1141.66	853.021
1142.23	871.068
1142.81	889.626
1143.38	858.768
1143.96	858.352
1144.53	763.487
1145.11	816.722
1145.68	842.943
1146.26	820.271
1146.83	855.29
1147.41	852.827
1147.98	846.252
1148.56	812.596
1149.13	790.498
1149.71	843.907
1150.28	818.402
1150.85	811.792
1151.43	814.431
1152	788.47
1152.58	823.933
1153.15	832.39
1153.72	821.496
1154.3	823.489
1154.87	810.892
1155.45	802.004
1156.02	810.182
1156.59	803.51
1157.17	794.03
1157.74	791.46
1158.31	779.089
1158.89	784.842
1159.46	788.268
1160.03	804.893
1160.61	838.993
1161.18	782.734
1161.75	782.41
1162.32	798.311
1162.9	789.977
1163.47	794.569
1164.04	796.944
1164.62	795.77
1165.19	796.219
1165.76	768.581
1166.33	762.054
1166.91	790.996
1167.48	793.842
1168.05	754.64
1168.62	741.248
1169.2	747.07
1169.77	718.003
1170.34	745.417
1170.91	752.084
1171.48	762.371
1172.06	716.896
1172.18	706.896
1172.76	750.896
1173.34	741.896
1173.92	699.896
1174.5	742.896
1175.08	724.896
1175.66	731.896
1176.24	709.896
1176.82	746.896
1177.4	754.896
1177.98	716.896
1178.56	756.896
1179.14	727.896
1179.72	737.896
1180.3	739.896
1180.88	685.896
1181.46	733.896
1182.04	718.896
1182.62	701.896
1183.2	694.896
1183.78	668.896
1184.36	658.896
1184.94	711.896
1185.52	707.896
1186.09	679.896
1186.67	703.896
1187.25	695.896
1187.83	667.896
1188.41	697.896
1188.99	644.896
1189.57	720.896
1190.15	711.896
1190.73	690.896
1191.3	725.896
1191.88	682.896
1192.46	653.896
1193.04	684.896
1193.62	660.896
1194.2	688.896
1194.78	625.896
1195.35	601.896
1195.93	596.896
1196.51	572.896
1197.09	574.896
1197.67	637.998
1198.24	635.743
1198.82	634.287
1199.4	632.569
1199.98	630.178
1200.56	628.026
1201.13	626.297
1201.71	623.374
1202.29	622.026
1202.87	605.896
1203.45	620.896
1204.02	643.896
1204.6	640.896
1205.18	620.896
1205.75	636.896
1206.33	598.896
1206.91	620.896
1207.49	628.896
1208.06	637.896
1208.64	586.896
1209.22	625.896
1209.79	625.896
1210.37	592.896
1210.95	617.896
1211.52	622.896
1212.1	596.896
1212.68	614.896
1213.25	578.896
1213.83	616.896
1214.41	566.896
1214.98	587.896
1215.56	557.896
1216.14	578.896
1216.71	580.896
1217.29	575.896
1217.86	516.896
1218.44	626.896
1219.02	564.896
1219.59	544.896
1220.17	568.896
1220.74	570.896
1221.32	553.896
1221.9	549.896
1222.47	563.896
1223.05	536.896
1223.62	529.896
1224.2	513.896
1224.77	564.896
1225.35	531.896
1225.92	548.896
1226.5	512.896
1227.08	564.896
1227.65	534.896
1228.23	559.896
1228.8	547.896
1229.38	528.896
1229.95	521.896
1230.53	521.896
1231.1	508.896
1231.67	533.896
1232.25	555.896
1232.83	521.896
1233.4	495.896
1233.97	502.896
1234.55	501.896
1235.12	494.896
1235.7	521.896
1236.27	506.896
1236.85	485.896
1237.42	474.896
1237.99	480.896
1238.57	491.896
1239.14	450.896
1239.72	458.896
1240.29	526.896
1240.86	458.896
1241.44	487.896
1242.01	497.896
1242.59	479.896
1243.16	476.896
1243.73	457.896
1244.31	478.896
1244.88	489.896
1245.45	443.896
1246.03	490.896
1246.6	454.896
1247.17	452.896
1247.75	465.896
1248.32	440.896
1248.89	485.896
1249.47	479.896
1250.04	452.896
1250.61	456.896
1251.18	452.896
1251.76	470.896
1252.33	461.896
1252.9	409.896
1253.48	420.896
1254.05	435.896
1254.62	413.896
1255.19	439.896
1255.77	452.896
1256.34	454.896
1256.91	488.896
1257.48	432.896
1258.06	445.896
1258.63	477.896
1259.2	460.896
1259.77	476.896
1260.34	438.896
1260.92	448.896
1261.49	464.896
1262.06	410.896
1262.63	455.896
1263.2	432.896
1263.78	442.896
1264.35	467.896
1264.92	433.896
1265.49	436.896
1266.06	434.896
1266.63	416.896
1267.2	434.896
1267.78	432.896
1268.35	450.896
1268.92	470.896
1269.49	442.896
1270.06	433.896
1270.63	398.896
1271.2	426.896
1271.77	412.896
1272.34	419.896
1272.92	451.896
1273.49	469.896
1274.06	449.896
1274.63	443.896
1275.2	457.896
1275.77	439.896
1276.34	438.896
1276.91	454.896
1277.48	448.896
1278.05	454.896
1278.62	425.896
1279.19	412.896
1279.76	441.896
1280.33	409.896
1280.9	428.896
1281.47	428.896
1282.04	415.896
1282.61	442.896
1283.18	437.896
1283.75	419.896
1284.32	428.896
1284.89	388.896
1285.46	427.896
1286.03	413.896
1286.6	421.896
1287.17	420.896
1287.74	416.896
1288.31	436.896
1288.88	460.896
1289.45	420.896
1290.01	436.896
1290.58	411.896
1291.15	438.896
1291.72	408.896
1292.29	402.896
1292.86	441.896
1293.43	435.896
1294	423.896
1294.57	398.896
1295.13	434.896
1295.7	430.896
1296.27	458.896
1296.84	414.896
1297.41	424.896
1297.98	384.896
1298.55	416.896
1299.11	420.896
1299.68	441.896
1300.25	424.896
1300.82	446.896
1301.39	454.896
1301.95	449.896
1302.52	450.896
1303.09	410.896
1303.66	426.896
1304.23	405.896
1304.79	420.896
1305.36	425.896
1305.93	448.896
1306.5	418.896
1307.06	458.896
1307.63	422.896
1308.2	444.896
1308.77	408.896
1309.33	434.896
1309.9	441.896
1310.47	451.896
1311.04	421.896
1311.6	438.896
1312.17	400.896
1312.74	425.896
1313.3	404.896
1313.87	454.896
1314.44	444.896
1315	384.896
1315.57	404.896
1316.14	412.896
1316.7	423.896
1317.27	419.896
1317.84	417.896
1318.4	447.896
1318.97	445.896
1319.54	430.896
1320.1	424.896
1320.67	441.896
1321.23	430.896
1321.8	444.896
1322.37	414.896
1322.93	429.896
1323.5	452.896
1324.06	423.896
1324.63	438.896
1325.2	427.896
1325.76	431.896
1326.33	429.896
1326.89	406.896
1327.46	401.896
1328.02	427.896
1328.59	423.896
1329.15	379.896
1329.72	377.896
1330.29	416.896
1330.85	439.896
1331.42	394.896
1331.98	389.896
1332.55	418.896
1333.11	386.896
1333.68	413.896
1334.24	431.896
1334.81	388.896
1335.37	433.896
1335.93	382.896
1336.5	403.896
1337.06	431.896
1337.63	441.896
1338.19	407.896
1338.76	427.896
1339.32	438.896
1339.89	431.896
1340.45	417.896
1341.02	434.896
1341.58	421.896
1342.14	422.896
1342.71	420.896
1343.27	447.896
1343.84	431.896
1344.4	457.896
1344.96	430.896
1345.53	419.896
1346.09	398.896
1346.65	414.896
1347.22	429.896
1347.78	443.896
1348.35	414.896
1348.91	448.896
1349.47	466.896
1350.04	462.896
1350.6	418.896
1351.16	425.896
1351.73	425.896
1352.29	426.896
1352.85	433.896
1353.41	433.896
1353.98	422.896
1354.54	461.896
1355.1	443.896
1355.67	410.896
1356.23	431.896
1356.79	409.896
1357.35	452.896
1357.92	457.896
1358.48	454.896
1359.04	434.896
1359.6	449.896
1360.17	421.896
1360.73	453.896
1361.29	423.896
1361.85	446.896
1362.42	426.896
1362.98	414.896
1363.54	414.896
1364.1	444.896
1364.66	442.896
1365.23	448.896
1365.79	433.896
1366.35	433.896
1366.91	418.896
1367.47	427.896
1368.03	404.896
1368.6	444.896
1369.16	441.896
1369.72	447.896
1370.28	419.896
1370.84	423.896
1371.4	436.896
1371.96	453.896
1372.53	464.896
1373.09	434.896
1373.65	446.896
1374.21	464.896
1374.77	434.896
1375.33	463.896
1375.89	453.896
1376.45	454.896
1377.01	469.896
1377.57	469.896
1378.13	491.896
1378.69	498.896
1379.26	446.896
1379.82	450.896
1380.38	457.896
1380.94	462.896
1381.5	456.896
1382.06	436.896
1382.62	431.896
1383.18	441.896
1383.74	422.896
1384.3	454.896
1384.86	455.896
1385.42	441.896
1385.98	444.896
1386.54	438.896
1387.1	463.896
1387.66	437.896
1388.22	426.896
1388.78	406.896
1389.34	410.896
1389.89	424.896
1390.45	429.896
1391.01	439.896
1391.57	430.896
1392.13	437.896
1392.69	447.896
1393.25	427.896
1393.81	441.896
1394.37	428.896
1394.93	468.896
1395.49	472.896
1396.05	419.896
1396.6	450.896
1397.16	409.896
1397.72	427.896
1398.28	426.896
1398.84	448.896
1399.4	424.896
1399.96	423.896
1400.52	392.896
1401.07	416.896
1401.63	435.896
1402.19	425.896
1402.75	408.896
1403.31	431.896
1403.86	462.896
1404.42	412.896
1404.98	429.896
1405.54	410.896
1406.1	430.896
1406.66	460.896
1407.21	458.896
1407.77	414.896
1408.33	433.896
1408.88	394.896
1409.44	419.896
1410	441.896
1410.56	412.896
1411.12	419.896
1411.67	419.896
1412.23	401.896
1412.79	459.896
1413.34	446.896
1413.9	433.896
1414.46	449.896
1415.02	433.896
1415.57	442.896
1416.13	428.896
1416.69	432.896
1417.24	464.896
1417.8	431.896
1418.36	432.896
1418.91	458.896
1419.47	442.896
1420.03	444.896
1420.58	429.896
1421.14	424.896
1421.7	459.896
1422.25	426.896
1422.81	434.896
1423.37	461.896
1423.92	452.896
1424.48	401.896
1425.03	434.896
1425.59	432.896
1426.15	464.896
1426.7	408.896
1427.26	457.896
1427.81	460.896
1428.37	453.896
1428.93	422.896
1429.48	439.896
1430.04	423.896
1430.59	423.896
1431.15	422.896
1431.7	453.896
1432.26	442.896
1432.81	429.896
1433.37	436.896
1433.92	406.896
1434.48	434.896
1435.03	430.896
1435.59	415.896
1436.14	452.896
1436.7	414.896
1437.25	412.896
1437.81	477.896
1438.36	423.896
1438.92	426.896
1439.47	433.896
1440.03	404.896
1440.58	446.896
1441.14	434.896
1441.69	425.896
1442.25	480.896
1442.8	461.896
1443.35	422.896
1443.91	417.896
1444.46	446.896
1445.02	442.896
1445.57	410.896
1446.13	410.896
1446.68	444.896
1447.23	454.896
1447.79	443.896
1448.34	467.896
1448.89	461.896
1449.45	457.896
1450	436.896
1450.55	421.896
1451.11	450.896
1451.66	439.896
1452.22	468.896
1452.77	464.896
1453.32	423.896
1453.88	425.896
1454.43	472.896
1454.98	445.896
1455.54	444.896
1456.09	400.896
1456.64	446.896
1457.19	429.896
1457.75	453.896
1458.3	460.896
1458.85	433.896
1459.41	444.896
1459.96	432.896
1460.51	446.896
1461.06	434.896
1461.62	426.896
1462.17	430.896
1462.72	460.896
1463.27	437.896
1463.83	399.896
1464.38	444.896
1464.93	436.896
1465.48	432.896
1466.03	474.896
1466.59	439.896
1467.14	472.896
1467.69	397.896
1468.24	430.896
1468.79	430.896
1469.34	433.896
1469.9	468.896
1470.45	410.896
1471	446.896
1471.55	480.896
1472.1	446.896
1472.66	468.896
1473.21	447.896
1473.76	417.896
1474.31	462.896
1474.86	466.896
1475.41	407.896
1475.96	443.896
1476.52	436.896
1477.07	456.896
1477.62	443.896
1478.17	446.896
1478.72	434.896
1479.27	419.896
1479.82	470.896
1480.37	459.896
1480.92	434.896
1481.47	445.896
1482.02	440.896
1482.57	396.896
1483.12	430.896
1483.67	406.896
1484.22	418.896
1484.77	424.896
1485.32	414.896
1485.87	461.896
1486.42	460.896
1486.98	443.896
1487.52	443.896
1488.07	452.896
1488.62	433.896
1489.18	472.896
1489.72	449.896
1490.27	469.896
1490.82	405.896
1491.37	428.896
1491.92	472.896
1492.47	454.896
1493.02	430.896
1493.57	460.896
1494.12	462.896
1494.67	455.896
1495.22	444.896
1495.77	471.896
1496.32	449.896
1496.87	438.896
1497.42	423.896
1497.97	480.896
1498.51	411.896
1499.06	451.896
1499.61	425.896
1500.16	468.896
2600.02	678.138
2600.5	706.138
2600.97	632.138
2601.44	667.138
2601.92	693.138
2602.39	691.138
2602.87	664.138
2603.34	692.138
2603.82	652.138
2604.29	670.138
2604.76	668.138
2605.24	694.138
2605.71	694.138
2606.19	693.138
2606.66	696.138
2607.13	684.138
2607.61	680.138
2608.08	660.138
2608.55	706.138
2609.03	693.138
2609.5	711.138
2609.97	694.138
2610.45	686.138
2610.92	644.138
2611.39	675.138
2611.87	680.138
2612.34	654.138
2612.81	685.138
2613.29	696.138
2613.76	706.138
2614.23	624.138
2614.7	701.138
2615.18	687.138
2615.65	686.138
2616.12	636.138
2616.6	659.138
2617.07	666.138
2617.54	683.138
2618.01	646.138
2618.49	666.138
2618.96	687.138
2619.43	653.138
2619.91	661.138
2620.38	682.138
2620.85	676.138
2621.32	647.138
2621.8	655.138
2622.27	698.138
2622.74	641.138
2623.21	686.138
2623.68	692.138
2624.16	675.138
2624.63	627.138
2625.1	636.138
2625.57	688.138
2626.04	687.138
2626.52	655.138
2626.99	657.138
2627.46	646.138
2627.93	709.138
2628.4	714.138
2628.88	684.138
2629.35	693.138
2629.82	695.138
2630.29	693.138
2630.76	671.138
2631.23	685.138
2631.71	726.138
2632.18	691.138
2632.65	689.138
2633.12	685.138
2633.59	690.138
2634.06	669.138
2634.53	677.138
2635	662.138
2635.48	702.138
2635.95	682.138
2636.42	696.138
2636.89	705.138
2637.36	701.138
2637.83	643.138
2638.3	688.138
2638.77	667.138
2639.24	655.138
2639.71	711.138
2640.18	640.138
2640.65	704.138
2641.13	651.138
2641.6	669.138
2642.07	684.138
2642.54	683.138
2643.01	687.138
2643.48	729.138
2643.95	657.138
2644.42	672.138
2644.89	680.138
2645.36	675.138
2645.83	698.138
2646.3	682.138
2646.77	704.138
2647.24	657.138
2647.71	675.138
2648.18	702.138
2648.65	658.138
2649.12	668.138
2649.59	680.138
2650.06	708.138
2650.53	654.138
2651	623.138
2651.47	664.138
2651.94	680.138
2652.41	653.138
2652.88	649.138
2653.35	631.138
2653.81	707.138
2654.28	699.138
2654.75	706.138
2655.22	663.138
2655.69	689.138
2656.16	665.138
2656.63	619.138
2657.1	669.324
2657.57	655.941
2658.04	656.406
2658.51	656.084
2658.97	656.156
2659.44	655.727
2659.91	655.334
2660.38	668.654
2660.85	667.913
2661.32	668.109
2661.79	640.138
2662.26	633.138
2662.73	671.138
2663.19	736.138
2663.66	686.138
2664.13	673.138
2664.6	684.138
2665.07	656.138
2665.54	633.138
2666	676.138
2666.47	661.138
2666.94	690.138
2667.41	681.138
2667.88	679.138
2668.35	665.138
2668.81	698.138
2669.28	668.138
2669.75	676.138
2670.22	709.138
2670.69	691.138
2671.15	649.138
2671.62	674.138
2672.09	652.138
2672.56	694.138
2673.02	610.138
2673.49	664.138
2673.96	667.138
2674.43	669.138
2674.89	697.138
2675.36	661.138
2675.83	657.138
2676.3	687.138
2676.76	667.138
2677.23	649.138
2677.7	621.138
2678.16	675.138
2678.63	659.138
2679.1	673.138
2679.57	635.138
2680.03	693.138
2680.5	664.138
2680.97	639.138
2681.43	679.138
2681.9	664.138
2682.37	681.138
2682.84	666.138
2683.3	678.138
2683.77	664.138
2684.23	681.138
2684.7	666.138
2685.17	687.138
2685.63	639.138
2686.1	668.138
2686.57	711.138
2687.03	658.138
2687.5	706.138
2687.97	631.138
2688.43	691.138
2688.9	698.138
2689.36	706.138
2689.83	698.138
2690.3	679.138
2690.76	680.138
2691.23	686.138
2691.69	644.138
2692.16	677.138
2692.63	712.138
2693.09	673.138
2693.56	663.138
2694.02	677.138
2694.49	644.138
2694.96	603.138
2695.42	619.138
2695.89	595.138
2696.35	638.138
2696.82	658.138
2697.28	685.138
2697.75	648.138
2698.21	674.138
2698.68	666.138
2699.14	692.138
2699.61	686.138
2700.07	666.138
2700.54	703.138
2701	734.138
2701.47	687.138
2701.93	671.138
2702.4	711.138
2702.86	691.138
2703.33	615.138
2703.79	653.138
2704.26	648.138
2704.72	624.138
2705.19	666.138
2705.65	653.138
2706.12	682.138
2706.58	690.138
2707.05	689.138
2707.51	706.138
2707.98	678.138
2708.44	716.138
2708.9	674.138
2709.37	682.138
2709.83	651.138
2710.3	661.138
2710.76	655.138
2711.23	696.138
2711.69	706.138
2712.15	731.138
2712.62	644.138
2713.08	683.138
2713.55	694.138
2714.01	642.138
2714.47	653.138
2714.94	645.138
2715.4	645.138
2715.86	688.138
2716.33	604.138
2716.79	579.138
2717.25	665.576
2717.72	666.112
2718.18	665.813
2718.65	665.866
2719.11	665.936
2719.57	665.094
2720.04	665.41
2720.5	594.138
2720.96	665.138
2721.42	652.138
2721.89	697.138
2722.35	651.138
2722.81	670.138
2723.28	674.138
2723.74	663.138
2724.2	701.138
2724.67	660.138
2725.13	675.138
2725.59	672.138
2726.06	674.138
2726.52	637.138
2726.98	706.138
2727.44	736.138
2727.91	645.138
2728.37	683.138
2728.83	640.138
2729.29	709.138
2729.76	699.138
2730.22	711.138
2730.68	689.138
2731.14	688.138
2731.6	676.138
2732.07	691.138
2732.53	711.138
2732.99	692.138
2733.45	688.138
2733.92	647.138
2734.38	701.138
2734.84	675.138
2735.3	681.138
2735.76	676.138
2736.22	678.138
2736.69	711.138
2737.15	697.138
2737.61	665.138
2738.07	670.138
2738.53	662.138
2739	669.138
2739.46	671.138
2739.92	702.138
2740.38	730.138
2740.84	683.138
2741.3	685.138
2741.76	674.138
2742.23	668.138
2742.69	717.138
2743.15	690.138
2743.61	653.138
2744.07	672.138
2744.53	669.138
2744.99	669.138
2745.45	705.138
2745.91	663.138
2746.37	696.138
2746.83	722.138
2747.3	660.138
2747.76	643.138
2748.22	726.138
2748.68	720.138
2749.14	711.138
2749.6	690.138
2750.06	701.138
2750.52	711.138
2750.98	734.138
2751.44	694.138
2751.9	680.138
2752.36	687.138
2752.82	641.138
2753.28	679.138
2753.74	706.138
2754.2	681.138
2754.66	700.138
2755.12	664.138
2755.58	684.138
2756.04	680.138
2756.5	703.138
2756.96	698.138
2757.42	667.138
2757.88	702.138
2758.34	746.138
2758.8	649.138
2759.26	666.138
2759.72	717.138
2760.18	684.138
2760.64	693.138
2761.1	727.138
2761.56	708.138
2762.02	697.138
2762.48	696.138
2762.94	726.138
2763.4	684.138
2763.86	732.138
2764.32	747.138
2764.78	687.138
2765.23	703.138
2765.69	679.138
2766.15	683.138
2766.61	704.138
2767.07	706.138
2767.53	707.138
2767.99	701.138
2768.45	695.138
2768.91	701.138
2769.36	709.138
2769.82	677.138
2770.28	710.138
2770.74	727.138
2771.2	670.138
2771.66	677.138
2772.12	696.138
2772.57	738.138
2773.03	669.138
2773.49	689.138
2773.95	703.138
2774.41	690.138
2774.87	677.138
2775.32	702.138
2775.78	717.138
2776.24	681.138
2776.7	691.138
2777.16	719.138
2777.62	697.138
2778.07	711.138
2778.53	709.138
2778.99	658.138
2779.45	673.138
2779.91	711.138
2780.36	686.138
2780.82	655.138
2781.28	674.138
2781.74	730.138
2782.19	664.138
2782.65	674.138
2783.11	697.138
2783.57	678.138
2784.02	691.138
2784.48	683.138
2784.94	674.138
2785.39	715.138
2785.85	702.138
2786.31	711.138
2786.77	686.138
2787.22	691.138
2787.68	701.138
2788.14	708.138
2788.6	686.138
2789.05	708.138
2789.51	702.138
2789.97	665.138
2790.42	715.138
2790.88	688.138
2791.34	688.138
2791.79	702.138
2792.25	674.138
2792.71	671.138
2793.16	689.138
2793.62	681.138
2794.07	656.138
2794.53	711.138
2794.99	677.138
2795.44	680.138
2795.9	711.138
2796.36	653.138
2796.81	706.138
2797.27	706.138
2797.73	688.138
2798.18	708.138
2798.64	677.138
2799.09	718.138
2799.55	687.138
2800.01	711.138
2800.46	705.138
2800.92	737.138
2801.37	727.138
2801.83	671.138
2802.29	739.138
2802.74	709.138
2803.2	682.138
2803.65	682.138
2804.11	685.138
2804.56	687.138
2805.02	654.138
2805.47	700.138
2805.93	679.138
2806.38	668.138
2806.84	679.138
2807.3	674.138
2807.75	698.138
2808.21	668.138
2808.66	719.138
2809.12	663.138
2809.57	714.138
2810.03	718.138
2810.48	711.138
2810.93	703.138
2811.39	686.138
2811.85	685.138
2812.3	691.138
2812.75	707.138
2813.21	705.138
2813.66	696.138
2814.12	655.138
2814.57	701.138
2815.03	674.138
2815.48	715.138
2815.94	744.138
2816.39	720.138
2816.84	717.138
2817.3	688.138
2817.75	644.138
2818.21	682.138
2818.66	667.138
2819.12	688.138
2819.57	670.138
2820.02	706.138
2820.48	715.138
2820.93	711.138
2821.39	711.138
2821.84	696.138
2822.29	715.138
2822.75	728.138
2823.2	725.138
2823.66	669.138
2824.11	686.138
2824.56	730.138
2825.02	699.138
2825.47	730.138
2825.92	691.138
2826.38	659.138
2826.83	754.138
2827.28	681.138
2827.74	674.138
2828.19	694.138
2828.64	683.138
2829.1	737.138
2829.55	701.138
2830	696.138
2830.46	694.138
2830.91	698.138
2831.36	693.138
2831.82	689.138
2832.27	675.138
2832.72	739.138
2833.17	719.138
2833.63	734.138
2834.08	715.138
2834.53	677.138
2834.99	704.138
2835.44	691.138
2835.89	691.138
2836.34	723.138
2836.8	742.138
2837.25	686.138
2837.7	711.138
2838.15	723.138
2838.61	736.138
2839.06	765.138
2839.51	721.138
2839.96	709.138
2840.41	730.138
2840.87	642.138
2841.32	671.138
2841.77	700.138
2842.22	717.138
2842.68	661.138
2843.13	707.138
2843.58	715.138
2844.03	704.138
2844.48	676.138
2844.93	700.138
2845.39	711.138
2845.84	669.138
2846.29	694.138
2846.74	660.138
2847.19	747.138
2847.64	685.138
2848.1	712.138
2848.55	700.138
2849	730.138
2849.45	691.138
2849.9	701.138
2850.35	696.138
2850.8	699.138
2851.25	700.138
2851.71	701.138
2852.16	689.138
2852.61	711.138
2853.06	755.138
2853.51	728.138
2853.96	706.138
2854.41	702.138
2854.86	738.138
2855.31	656.138
2855.76	720.138
2856.21	633.138
2856.66	718.138
2857.12	687.138
2857.57	715.138
2858.02	718.138
2858.47	661.138
2858.92	695.138
2859.37	724.138
2859.82	708.138
2860.27	690.138
2860.72	700.138
2861.17	709.138
2861.62	709.138
2862.07	728.138
2862.52	687.138
2862.97	718.138
2863.42	676.138
2863.87	738.138
2864.32	685.138
2864.77	670.138
2865.22	717.138
2865.67	715.138
2866.12	693.138
2866.57	718.138
2867.02	684.138
2867.47	672.138
2867.92	671.138
2868.37	685.138
2868.82	680.138
2869.27	723.138
2869.72	730.138
2870.17	697.138
2870.61	713.138
2871.06	716.138
2871.51	709.138
2871.96	747.138
2872.41	694.138
2872.86	735.138
2873.31	697.138
2873.76	718.138
2874.21	713.138
2874.66	742.138
2875.11	721.138
2875.55	700.138
2876	725.138
2876.45	704.138
2876.9	726.138
2877.35	671.138
2877.8	666.138
2878.25	702.138
2878.7	723.138
2879.14	703.138
2879.59	728.138
2880.04	669.138
2880.49	734.138
2880.94	713.138
2881.39	746.138
2881.84	711.138
2882.28	709.138
2882.73	719.138
2883.18	733.138
2883.63	724.138
2884.08	721.138
2884.52	689.138
2884.97	685.138
2885.42	704.138
2885.87	753.138
2886.32	706.138
2886.76	752.138
2887.21	663.138
2887.66	701.138
2888.11	742.138
2888.55	731.138
2889	736.138
2889.45	744.138
2889.9	717.138
2890.35	701.138
2890.79	656.138
2891.24	676.138
2891.69	675.138
2892.13	702.138
2892.58	715.138
2893.03	676.138
2893.48	713.138
2893.92	702.138
2894.37	702.138
2894.82	757.138
2895.26	663.138
2895.71	709.138
2896.16	701.138
2896.61	683.138
2897.05	693.138
2897.5	711.138
2897.95	717.138
2898.39	732.138
2898.84	720.138
2899.29	739.138
2899.73	732.138
2900.18	733.138
2900.63	728.138
2901.07	722.138
2901.52	706.138
2901.97	652.138
2902.41	676.138
2902.86	666.138
2903.31	709.138
2903.75	714.138
2904.2	716.138
2904.64	704.138
2905.09	685.138
2905.54	711.138
2905.98	719.138
2906.43	733.138
2906.87	720.138
2907.32	711.138
2907.77	718.138
2908.21	708.138
2908.66	729.138
2909.1	726.138
2909.55	724.138
2909.99	714.138
2910.44	734.138
2910.89	687.138
2911.33	671.138
2911.78	705.138
2912.22	738.138
2912.67	714.138
2913.11	713.138
2913.56	731.138
2914	699.138
2914.45	669.138
2914.9	752.138
2915.34	707.138
2915.78	719.138
2916.23	731.138
2916.68	736.138
2917.12	714.138
2917.57	692.138
2918.01	705.138
2918.45	733.138
2918.9	709.138
2919.35	706.138
2919.79	696.138
2920.23	722.138
2920.68	715.138
2921.12	712.138
2921.57	703.138
2922.01	722.138
2922.46	713.138
2922.9	750.138
2923.35	713.138
2923.79	723.138
2924.24	678.138
2924.68	730.138
2925.12	713.138
2925.57	665.138
2926.01	697.138
2926.46	683.138
2926.9	675.138
2927.34	740.138
2927.79	699.138
2928.23	743.138
2928.68	690.138
2929.12	742.138
2929.56	724.138
2930.01	715.138
2930.45	711.138
2930.89	697.138
2931.34	734.138
2931.78	707.138
2932.23	708.138
2932.67	666.138
2933.11	734.138
2933.56	744.138
2934	719.138
2934.44	703.138
2934.89	699.138
2935.33	698.138
2935.77	698.138
2936.22	709.138
2936.66	708.138
2937.1	720.138
2937.55	739.138
2937.99	714.138
2938.43	739.138
2938.88	721.138
2939.32	673.138
2939.76	711.138
2940.2	706.138
2940.65	716.138
2941.09	729.138
2941.53	741.138
2941.97	737.138
2942.42	729.138
2942.86	722.138
2943.3	681.138
2943.75	726.138
2944.19	714.138
2944.63	688.138
2945.07	671.138
2945.52	656.138
2945.96	703.138
2946.4	697.138
2946.84	679.138
2947.28	675.138
2947.73	696.138
2948.17	684.138
2948.61	722.138
2949.05	726.138
2949.49	712.138
2949.94	747.138
2950.38	731.138
2950.82	713.138
2951.26	717.138
2951.7	712.138
2952.15	708.138
2952.59	726.138
2953.03	709.138
2953.47	699.138
2953.91	738.138
2954.35	729.138
2954.8	736.138
2955.24	701.138
2955.68	749.138
2956.12	708.138
2956.56	708.138
2957	728.138
2957.44	721.138
2957.88	711.138
2958.33	708.138
2958.77	711.138
2959.21	689.138
2959.65	701.138
2960.09	733.138
2960.53	740.138
2960.97	730.138
2961.41	700.138
2961.85	718.138
2962.29	688.138
2962.74	722.138
2963.18	714.138
2963.62	738.138
2964.06	695.138
2964.5	687.138
2964.94	779.138
2965.38	726.138
2965.82	743.138
2966.26	711.138
2966.7	674.138
2967.14	705.138
2967.58	753.138
2968.02	726.138
2968.46	717.292
2968.9	702.447
2969.34	717.574
2969.78	685.78
2970.22	711.505
2970.66	753.081
2971.1	690.869
2971.54	723.071
2971.98	697.205
2972.42	715.122
2972.86	727.985
2973.3	709.29
2973.74	731.414
2974.18	725.44
2974.62	708.246
2975.06	750.409
2975.5	735.543
2975.94	726.905
2976.38	695.441
2976.82	722.313
2977.26	708.32
2977.7	696.039
2978.14	696.182
2978.57	732.441
2979.01	710.067
2979.45	702.402
2979.89	703.866
2980.33	694.579
2980.77	713.712
2981.21	686.732
2981.65	710.721
2982.09	719.302
2982.53	698.207
2982.97	704.473
2983.4	729.45
2983.84	729.578
2984.28	711.008
2984.72	724.445
2985.16	703.098
2985.6	705.868
2986.04	723.53
2986.47	715.306
2986.91	713.92
2987.35	719.805
2987.79	673.16
2988.23	736.894
2988.67	696.782
2989.1	724.062
2989.54	727.049
2989.98	696.326
2990.42	722.373
2990.86	753.743
2991.3	702.736
2991.73	687.761
2992.17	732.048
2992.61	717.713
2993.05	729.113
2993.49	722.64
2993.92	697.446
2994.36	718.472
2994.8	682.217
2995.24	670.8
2995.67	688.302
2996.11	692.817
2996.55	728.101
2996.99	720.255
2997.42	702.975
2997.86	693.943
2998.3	719.797
2998.74	731.339
2999.17	737.773
2999.61	742.519
3000.05	717.019
3000.49	720.717
3000.92	723.793
3001.36	726.374
3001.8	675.186
3002.23	706.034
3002.67	722.144
3003.11	723.007
3003.55	733.759
3003.98	708.896
3004.42	713.077
3004.86	693.559
3005.29	710.395
3005.73	700.787
3006.17	729.5
3006.6	695.282
3007.04	708.163
3007.47	722.75
3007.91	722.746
3008.35	737.72
3008.78	712.697
3009.22	741.84
3009.66	751.403
3010.09	737.593
3010.53	700.015
3010.97	722.335
3011.4	709.804
3011.84	725.947
3012.27	702.96
3012.71	715.887
3013.15	719.969
3013.58	711.036
3014.02	709.743
3014.45	712.225
3014.89	726.413
3015.33	724.817
3015.76	707.743
3016.2	715.498
3016.63	756.562
3017.07	724.621
3017.5	720.334
3017.94	741.704
3018.38	738.164
3018.81	740.945
3019.25	730.487
3019.68	740.552
3020.12	744.772
3020.55	719.131
3020.99	713.183
3021.42	682.491
3021.86	729.396
3022.29	741.328
3022.73	706.318
3023.16	723.688
3023.6	723.005
3024.03	741.208
3024.47	745.711
3024.9	723.348
3025.34	683.59
3025.77	711.057
3026.21	669.22
3026.64	726.27
3027.08	726.854
3027.51	735.843
3027.95	704.892
3028.38	726.876
3028.82	702.91
3029.25	719.245
3029.68	753.285
3030.12	723.124
3030.55	753.699
3030.99	749.578
3031.42	684.918
3031.86	700.163
3032.29	737.6
3032.72	751.454
3033.16	745.269
3033.59	759.838
3034.03	721.482
3034.46	709.928
3034.9	715.968
3035.33	728.231
3035.76	696.649
3036.2	712.323
3036.63	724.229
3037.06	685.783
3037.5	683.012
3037.93	717.077
3038.36	724.757
3038.8	733.088
3039.23	745.159
3039.67	760.716
3040.1	703.687
3040.53	720.313
3040.97	758.963
3041.4	730.862
3041.83	677.862
3042.28	720.179
3042.72	715.544
3043.16	716.038
3043.6	705.415
3044.04	705.978
3044.48	705.654
3044.92	705.352
3045.37	715.601
3045.81	721.125
3046.25	646.862
3046.69	665.862
3047.13	698.862
3047.57	681.862
3048.01	696.862
3048.45	716.862
3048.89	688.862
3049.33	695.862
3049.77	708.862
3050.22	685.862
3050.66	748.862
3051.1	735.862
3051.54	709.862
3051.98	748.862
3052.42	741.862
3052.86	705.862
3053.3	705.862
3053.74	732.862
3054.18	735.862
3054.62	719.862
3055.06	722.862
3055.5	730.862
3055.94	733.862
3056.38	727.862
3056.82	745.862
3057.26	737.862
3057.7	739.862
3058.14	773.862
3058.58	745.862
3059.02	752.862
3059.46	755.862
3059.9	752.862
3060.34	688.862
3060.78	700.862
3061.22	757.862
3061.66	747.862
3062.1	696.862
3062.54	749.862
3062.98	699.862
3063.42	692.862
3063.86	736.862
3064.3	705.862
3064.74	720.862
3065.18	692.862
3065.62	709.862
3066.06	726.862
3066.5	714.862
3066.94	732.862
3067.38	725.862
3067.81	708.862
3068.25	733.862
3068.69	703.862
3069.13	754.862
3069.57	737.862
3070.01	744.862
3070.45	745.862
3070.89	731.862
3071.33	740.862
3071.77	730.862
3072.21	762.862
3072.64	727.862
3073.08	752.862
3073.52	750.862
3073.96	722.862
3074.4	698.862
3074.84	711.862
3075.28	704.862
3075.71	733.862
3076.15	740.862
3076.59	706.862
3077.03	715.862
3077.47	663.862
3077.9	713.712
3078.34	652.862
3078.78	678.862
3079.22	702.862
3079.66	702.862
3080.1	717.862
3080.53	708.862
3080.97	752.862
3081.41	715.862
3081.85	692.862
3082.29	746.862
3082.72	753.862
3083.16	739.862
3083.6	739.862
3084.04	755.862
3084.48	711.862
3084.91	676.862
3085.35	741.862
3085.79	684.862
3086.22	690.862
3086.66	686.862
3087.1	682.862
3087.54	688.862
3087.97	729.862
3088.41	727.862
3088.85	704.862
3089.29	709.862
3089.72	744.862
3090.16	730.862
3090.6	718.862
3091.04	716.862
3091.47	691.862
3091.91	764.862
3092.35	723.862
3092.78	759.862
3093.22	739.862
3093.66	766.862
3094.09	756.862
3094.53	748.862
3094.97	730.862
3095.4	754.862
3095.84	754.862
3096.28	770.862
3096.71	755.862
3097.15	692.862
3097.59	683.862
3098.02	656.862
3098.46	728.865
3098.9	720.811
3099.33	721.252
3099.77	721.386
3100.2	721.261
3100.64	721.119
3101.08	729.111
3101.51	728.897
3101.95	686.862
3102.39	668.862
3102.82	757.862
3103.26	768.862
3103.69	770.862
3104.13	718.862
3104.56	720.862
3105	724.862
3105.44	736.862
3105.87	744.862
3106.31	764.862
3106.74	728.862
3107.18	726.862
3107.61	747.862
3108.05	742.862
3108.49	732.862
3108.92	711.862
3109.36	733.862
3109.79	738.862
3110.23	787.862
3110.66	729.862
3111.1	717.862
3111.53	737.862
3111.97	769.862
3112.4	762.862
3112.84	740.862
3113.27	756.862
3113.71	735.862
3114.14	749.862
3114.58	715.862
3115.01	741.862
3115.45	692.862
3115.88	745.862
3116.32	718.862
3116.75	705.862
3117.19	771.862
3117.62	754.862
3118.06	751.862
3118.49	769.862
3118.93	776.862
3119.36	720.862
3119.79	790.862
3120.23	773.862
3120.66	738.862
3121.1	762.862
3121.53	703.862
3121.96	730.862
3122.4	736.862
3122.83	790.862
3123.27	747.862
3123.7	770.862
3124.14	732.862
3124.57	759.862
3125	763.862
3125.44	752.862
3125.87	739.862
3126.31	749.862
3126.74	719.862
3127.17	752.862
3127.61	763.862
3128.04	707.862
3128.47	789.862
3128.91	765.862
3129.34	784.862
3129.78	811.862
3130.21	743.862
3130.64	784.862
3131.07	723.862
3131.51	765.862
3131.94	742.862
3132.38	767.862
3132.81	725.862
3133.24	777.862
3133.68	740.862
3134.11	759.862
3134.54	717.862
3134.97	760.862
3135.41	754.862
3135.84	752.862
3136.27	775.862
3136.71	778.862
3137.14	734.862
3137.57	752.862
3138	773.862
3138.44	730.862
3138.87	734.862
3139.3	759.862
3139.74	760.862
3140.17	778.862
3140.6	743.862
3141.03	755.862
3141.47	752.862
3141.9	763.862
3142.33	765.862
3142.76	773.862
3143.2	733.862
3143.63	739.862
3144.06	723.862
3144.49	797.862
3144.92	752.862
3145.36	737.862
3145.79	778.862
3146.22	752.862
3146.65	764.862
3147.08	746.862
3147.51	783.862
3147.95	764.862
3148.38	770.862
3148.81	741.862
3149.24	744.862
3149.67	760.862
3150.11	746.862
3150.54	754.862
3150.97	715.862
3151.4	745.862
3151.83	733.862
3152.26	759.862
3152.69	761.862
3153.13	766.862
3153.56	783.862
3153.99	771.862
3154.42	794.862
3154.85	765.862
3155.28	724.862
3155.71	709.862
3156.15	756.862
3156.58	764.862
3157.01	755.862
3157.44	766.862
3157.87	775.862
3158.3	779.862
3158.73	734.862
3159.16	745.862
3159.59	765.862
3160.02	731.862
3160.45	796.862
3160.89	760.862
3161.32	799.862
3161.75	787.862
3162.18	754.862
3162.61	741.862
3163.04	810.862
3163.47	777.862
3163.9	781.862
3164.33	746.862
3164.76	752.862
3165.19	750.862
3165.62	756.862
3166.05	814.862
3166.48	799.862
3166.91	781.862
3167.34	766.862
3167.77	738.862
3168.2	767.862
3168.63	774.862
3169.06	744.862
3169.49	765.862
3169.92	730.862
3170.35	725.862
3170.78	765.862
3171.21	801.862
3171.64	778.862
3172.07	783.862
3172.5	774.862
3172.93	775.862
3173.36	771.862
3173.79	809.862
3174.22	764.862
3174.65	774.862
3175.08	717.862
3175.5	769.862
3175.93	792.862
3176.36	772.862
3176.79	798.862
3177.22	809.862
3177.65	770.862
3178.08	778.862
3178.51	764.862
3178.94	783.862
3179.37	761.862
3179.8	775.862
3180.22	752.862
3180.65	741.862
3181.08	783.862
3181.51	811.862
3181.94	800.862
3182.37	789.862
3182.8	787.862
3183.23	804.862
3183.65	774.862
3184.08	765.862
3184.51	794.862
3184.94	800.862
3185.37	792.862
3185.8	764.862
3186.22	737.862
3186.65	815.862
3187.08	761.862
3187.51	779.862
3187.94	775.862
3188.37	775.862
3188.79	781.862
3189.22	797.862
3189.65	717.862
3190.08	799.862
3190.51	783.862
3190.93	775.862
3191.36	774.862
3191.79	763.862
3192.22	775.862
3192.65	792.862
3193.07	826.862
3193.5	795.862
3193.93	740.862
3194.36	730.862
3194.78	745.862
3195.21	864.862
3195.64	764.862
3196.07	778.862
3196.49	764.862
3196.92	795.862
3197.35	822.862
3197.78	795.862
3198.2	767.862
3198.63	764.862
3199.06	769.862
3199.48	769.862
3199.91	805.862
3200.34	813.862
3200.77	801.862
3201.19	762.862
3201.62	795.862
3202.05	811.862
3202.47	762.862
3202.9	779.862
3203.33	778.862
3203.75	746.862
3204.18	767.862
3204.61	771.862
3205.03	769.862
3205.46	737.862
3205.89	788.862
3206.31	759.862
3206.74	816.862
3207.17	842.862
3207.59	776.862
3208.02	749.862
3208.45	800.862
3208.87	815.862
3209.3	823.862
3209.72	799.862
3210.15	784.862
3210.58	759.862
3211	793.862
3211.43	796.862
3211.85	785.862
3212.28	788.862
3212.71	743.862
3213.13	790.862
3213.56	789.862
3213.98	739.862
3214.41	818.862
3214.83	816.862
3215.26	799.862
3215.69	756.862
3216.11	810.862
3216.54	796.862
3216.96	769.862
3217.39	829.862
3217.81	742.862
3218.24	778.862
3218.67	833.862
3219.09	796.862
3219.52	785.862
3219.94	799.862
3220.37	758.862
3220.79	778.862
3221.22	800.862
3221.64	787.862
3222.07	778.862
3222.49	766.862
3222.92	786.862
3223.34	786.862
3223.77	783.862
3224.19	755.862
3224.62	811.862
3225.04	807.862
3225.46	795.862
3225.89	798.862
3226.31	804.862
3226.74	789.862
3227.16	753.862
3227.59	778.862
3228.01	767.862
3228.44	848.862
3228.86	756.862
3229.29	801.862
3229.71	800.862
3230.14	794.862
3230.56	798.862
3230.98	831.862
3231.41	773.862
3231.83	790.862
3232.26	793.862
3232.68	794.862
3233.1	782.862
3233.53	788.862
3233.95	792.862
3234.38	824.862
3234.8	812.862
3235.22	829.862
3235.65	798.862
3236.07	767.862
3236.49	779.862
3236.92	773.862
3237.34	834.862
3237.77	810.862
3238.19	781.862
3238.61	809.862
3239.04	830.862
3239.46	790.862
3239.88	814.862
3240.31	830.862
3240.73	833.862
3241.15	778.862
3241.58	760.862
3242	816.862
3242.42	816.862
3242.84	810.862
3243.27	802.862
3243.69	804.862
3244.12	825.862
3244.54	819.862
3244.96	783.862
3245.38	799.862
3245.81	805.862
3246.23	801.862
3246.65	787.862
3247.07	779.862
3247.5	805.862
3247.92	817.862
3248.34	816.862
3248.77	791.862
3249.19	783.862
3249.61	799.862
3250.03	835.862
3250.46	780.862
3250.88	805.862
3251.3	799.862
3251.72	785.862
3252.15	765.862
3252.57	803.862
3252.99	775.862
3253.41	811.862
3253.83	839.862
3254.25	822.862
3254.68	755.862
3255.1	777.862
3255.52	830.862
3255.94	787.862
3256.37	787.862
3256.79	833.862
3257.21	785.862
3257.63	818.862
3258.05	823.862
3258.47	804.862
3258.9	777.862
3259.32	798.862
3259.74	786.862
3260.16	810.862
3260.58	791.862
3261	756.862
3261.43	841.862
3261.85	788.862
3262.27	789.862
3262.69	742.862
3263.11	820.862
3263.53	806.862
3263.95	768.862
3264.37	803.862
3264.79	777.862
3265.22	843.862
3265.64	807.862
3266.06	750.862
3266.48	781.862
3266.9	827.862
3267.32	770.862
3267.74	804.862
3268.16	756.862
3268.58	822.862
3269	826.862
3269.42	790.862
3269.84	803.862
3270.27	838.862
3270.69	799.862
3271.11	838.862
3271.53	816.862
3271.95	780.862
3272.37	803.862
3272.79	827.862
3273.21	789.862
3273.63	794.862
3274.05	794.862
3274.47	788.862
3274.89	796.862
3275.31	831.862
3275.73	777.862
3276.15	830.862
3276.57	796.862
3276.99	828.862
3277.41	812.862
3277.83	841.862
3278.25	840.862
3278.67	807.862
3279.09	826.862
3279.51	786.862
3279.93	775.862
3280.35	800.862
3280.77	794.862
3281.19	786.862
3281.61	856.862
3282.03	782.862
3282.45	798.862
3282.86	791.862
3283.29	830.862
3283.7	823.862
3284.12	765.862
3284.54	779.862
3284.96	791.862
3285.38	827.862
3285.8	827.862
3286.22	793.862
3286.64	809.862
3287.06	775.862
3287.48	800.862
3287.9	766.862
3288.31	811.862
3288.73	831.862
3289.15	784.862
3289.57	812.862
3289.99	843.862
3290.41	798.862
3290.83	813.862
3291.25	791.862
3291.66	816.862
3292.08	847.862
3292.5	799.862
3292.92	791.943
3293.34	809.897
3293.76	819.926
3294.18	848.231
3294.59	830.502
3295.01	859.251
3295.43	837.116
3295.85	775.928
3296.27	785.867
3296.68	843.15
3297.1	833.287
3297.52	819.79
3297.94	822.072
3298.36	837.28
3298.77	833.917
3299.19	802.517
3299.61	809.669
3300.03	853.88
3300.45	852.935
3300.86	803.333
3301.28	819.586
3301.7	824.055
3302.12	839.438
3302.53	789.866
3302.95	752.272
3303.37	824.185
3303.79	812.568
3304.2	816.429
3304.62	801.1
3305.04	787.994
3305.46	831.531
3305.87	839.724
3306.29	851.702
3306.71	827.201
3307.12	835.796
3307.54	823.354
3307.96	830.411
3308.38	808.18
3308.79	832.677
3309.21	853.745
3309.63	812.41
3310.04	847.521
3310.46	820.905
3310.88	838.439
3311.29	784.645
3311.71	815.039
3312.13	843.63
3312.54	824.433
3312.96	774.583
3313.38	777.847
3313.79	774.667
3314.21	785.305
3314.63	764.943
3315.04	816.417
3315.46	827.806
3315.88	802.471
3316.29	825.364
3316.71	836.521
3317.13	828.82
3317.54	838.122
3317.96	793.279
3318.37	836.189
3318.79	831.827
3319.21	826.377
3319.62	853.163
3320.04	819.278
3320.45	826.543
3320.87	825.346
3321.29	829.246
3321.7	841.934
3322.12	832.468
3322.53	834.652
3322.95	855.341
3323.37	861.095
3323.78	820.678
3324.2	847.429
3324.61	844.495
3325.03	827.285
3325.44	858.728
3325.86	814.227
3326.27	827.069
3326.69	849.003
3327.1	821.998
3327.52	815.361
3327.94	837.53
3328.35	855.991
3328.76	846.632
3329.18	833.075
3329.6	837.703
3330.01	839.159
3330.43	868.674
3330.84	837.153
3331.26	850.932
3331.67	829.11
3332.08	862.873
3332.5	834.433
3332.92	859.327
3333.33	871.367
3333.74	827.444
3334.16	845.171
3334.57	877.815
3334.99	850.057
3335.4	838.104
3335.82	850.062
3336.23	804.274
3336.65	848.926
3337.06	851.705
3337.48	850.756
3337.89	868.449
3338.3	872.761
3338.72	872.35
3339.13	851.602
3339.55	849.43
3339.96	873.212
3340.37	859.241
3340.79	839.576
3341.2	850.903
3341.62	858.708
3342.03	883.923
3342.44	859.724
3342.86	870.078
3343.27	880.028
3343.69	877.232
3344.1	868.925
3344.51	853.969
3344.93	891.46
3345.34	889.646
3345.75	861.992
3346.17	834.398
3346.58	890.467
3346.99	822.963
3347.41	848.327
3347.82	862.364
3348.23	847.75
3348.65	861.22
3349.06	843.898
3349.47	874.135
3349.89	874.496
3350.3	856.38
3350.71	864.494
3351.13	846.907
3351.54	862.238
3351.95	878.599
3352.37	874.128
3352.78	889.47
3353.19	871.182
3353.6	884.796
3354.02	839.904
3354.43	884.735
3354.84	885.816
3355.26	876.785
3355.67	846.463
3356.08	854.253
3356.49	858.535
3356.91	853.436
3357.32	877.274
3357.73	841.993
3358.14	856.28
3358.56	851.064
3358.97	865.49
3359.38	845.45
3359.79	886.042
3360.21	886.267
3360.62	872.527
3361.03	896.242
3361.44	884.756
3361.85	851.595
3362.27	875.685
3362.68	869.184
3363.09	876.925
3363.5	873.814
3363.91	874.722
3364.33	866.89
3364.74	867.473
3365.15	868.048
3365.56	868.08
3365.97	876.801
3366.38	881.824
3366.8	822.285
3367.21	864.708
3367.62	873.973
3368.03	871.732
3368.44	879.341
3368.85	863.674
3369.26	890.568
3369.68	849.882
3370.09	828.904
3370.5	882.582
3370.91	915.043
3371.32	886.441
3371.73	875.237
3372.14	888.96
3372.55	896.821
3372.97	877.079
3373.38	891.205
3373.79	907.04
3374.2	937.177
3374.61	907.254
3375.02	897.706
3375.43	883.686
3375.84	890.116
3376.25	881.322
3376.66	907.648
3377.07	878.337
3377.48	944.351
3377.89	889.533
3378.31	890.11
3378.72	903.906
3379.13	865.834
3379.54	903.659
3379.95	889.081
3380.36	895.853
3380.77	947.415
3381.18	928.811
3381.59	928.964
3382	870.575
3382.41	899.577
3382.82	891.543
3383.23	915.781
3383.64	905.354
3384.05	902.252
3384.46	926.091
3384.87	921.015
3385.28	908.208
3385.69	922.114
3386.1	892.415
3386.51	922.466
3386.92	847.144
3387.33	876.621
3387.74	881.47
3388.15	876.895
3388.56	918.923
3388.97	943.094
3389.38	915.809
3389.78	961.301
3390.19	931.762
3390.6	911.564
3391.01	944.999
3391.42	963.371
3391.83	919.9
3392.24	916.444
3392.65	917.861
3393.06	930.971
3393.47	913.575
3393.88	916.111
3394.29	924.17
3394.7	924.799
3395.11	904.287
3395.51	937.681
3395.92	928.404
3396.33	849.403
3396.74	879.148
3397.15	837.416
3397.56	840.609
3397.97	854.239
3398.38	863.689
3398.78	913.027
3399.19	902.724
3399.6	897.507
3400.01	972.356
3400.42	922.143
3400.83	940.735
3401.23	921.375
3401.64	932.807
3402.05	904.638
3402.46	913.328
3402.87	891.58
3403.28	956.557
3403.68	880.16
3404.09	915.577
3404.49	860.577
3404.91	924.316
3405.32	880.577
3405.74	963.577
3406.15	913.577
3406.57	941.577
3406.98	910.577
3407.4	922.577
3407.81	978.577
3408.23	996.577
3408.64	988.577
3409.06	955.577
3409.47	976.577
3409.89	977.577
3410.3	900.577
3410.72	889.577
3411.13	906.577
3411.55	949.577
3411.96	987.577
3412.37	960.577
3412.79	964.577
3413.2	935.577
3413.62	900.577
3414.03	1019.58
3414.45	975.577
3414.86	950.577
3415.28	941.226
3415.69	942.12
3416.1	938.776
3416.52	929.987
3416.93	930.82
3417.35	930.888
3417.76	930.842
3418.17	940.929
3418.59	945.279
3419	945.554
3419.42	945.723
3419.83	885.577
3420.24	916.577
3420.66	968.577
3421.07	949.577
3421.49	997.577
3421.9	945.577
3422.31	998.577
3422.73	925.577
3423.14	978.577
3423.55	964.577
3423.97	973.577
3424.38	947.577
3424.79	929.577
3425.21	962.577
3425.62	997.577
3426.03	972.577
3426.45	933.577
3426.86	987.577
3427.27	1018.58
3427.69	960.577
3428.1	970.577
3428.51	975.577
3428.93	945.577
3429.34	982.577
3429.75	968.577
3430.16	937.577
3430.58	958.577
3430.99	980.577
3431.4	1001.58
3431.82	972.577
3432.23	957.577
3432.64	1008.58
3433.05	1007.58
3433.47	974.577
3433.88	985.577
3434.29	1012.58
3434.7	981.577
3435.12	999.577
3435.53	1010.58
3435.94	979.577
3436.35	962.577
3436.77	964.577
3437.18	999.577
3437.59	995.577
3438	974.577
3438.42	1027.58
3438.83	954.577
3439.24	988.577
3439.65	1000.58
3440.06	1013.58
3440.48	971.577
3440.89	1015.58
3441.3	977.577
3441.71	945.577
3442.12	1018.58
3442.53	1005.58
3442.95	983.577
3443.36	980.577
3443.77	971.577
3444.18	974.577
3444.59	977.577
3445	1009.58
3445.42	964.577
3445.83	1041.58
3446.24	983.577
3446.65	1003.58
3447.06	1023.58
3447.47	1034.58
3447.88	1016.58
3448.3	974.577
3448.71	995.577
3449.12	1036.58
3449.53	982.577
3449.94	958.577
3450.35	1010.58
3450.76	1027.58
3451.17	1054.58
3451.58	1045.58
3452	1030.58
3452.41	1041.58
3452.82	984.577
3453.23	1057.58
3453.64	1026.58
3454.05	1000.58
3454.46	1004.58
3454.87	1025.58
3455.28	1001.58
3455.69	1025.58
3456.1	1014.58
3456.51	983.577
3456.92	1030.58
3457.33	997.577
3457.74	1044.58
3458.15	978.577
3458.57	1041.58
3458.98	992.577
3459.39	1042.58
3459.8	1020.58
3460.21	1030.58
3460.62	1031.58
3461.03	1099.58
3461.44	1064.58
3461.85	1078.58
3462.26	983.577
3462.67	1032.58
3463.08	1021.58
3463.49	1024.58
3463.9	1007.58
3464.31	1030.58
3464.72	1011.58
3465.13	1038.58
3465.53	1113.58
3465.95	1063.58
3466.35	1044.58
3466.76	1063.58
3467.17	1032.58
3467.58	1018.58
3467.99	966.577
3468.4	1040.58
3468.81	1020.58
3469.22	1053.58
3469.63	1038.58
3470.04	1077.58
3470.45	1069.58
3470.86	1063.58
3471.27	1046.58
3471.68	998.577
3472.09	1064.58
3472.49	1025.58
3472.9	1037.58
3473.31	1029.58
3473.72	1061.58
3474.13	1049.58
3474.54	1036.58
3474.95	1095.58
3475.36	1054.58
3475.77	993.577
3476.17	1048.58
3476.58	1059.58
3476.99	1015.58
3477.4	1053.58
3477.81	1083.58
3478.22	1056.58
3478.63	1136.58
3479.03	1011.58
3479.44	1065.58
3479.85	1102.58
3480.26	1066.58
3480.67	1101.58
3481.08	1070.58
3481.48	1086.58
3481.89	1062.58
3482.3	1046.58
3482.71	1049.58
3483.12	1090.58
3483.53	1063.58
3483.93	1086.58
3484.34	1081.58
3484.75	1071.58
3485.16	1069.58
3485.56	1100.58
3485.97	1035.58
3486.38	1065.58
3486.79	1081.58
3487.2	1069.58
3487.6	1074.58
3488.01	1083.58
3488.42	1104.58
3488.83	1085.58
3489.23	1137.58
3489.64	1134.58
3490.05	1119.58
3490.46	1088.58
3490.86	1028.58
3491.27	1118.58
3491.68	1130.58
3492.09	1110.58
3492.49	1060.58
3492.9	1086.58
3493.31	1112.58
3493.71	1127.58
3494.12	1030.58
3494.53	1097.58
3494.94	1116.58
3495.34	1106.58
3495.75	1109.58
3496.16	1078.58
3496.56	1128.58
3496.97	1051.58
3497.38	1152.58
3497.78	1092.58
3498.19	1147.58
3498.6	1121.58
3499	1118.58
3499.41	1111.58
3499.82	1136.58
3500.22	1067.58
3500.63	1068.58
3501.04	1101.58
3501.44	1086.58
3501.85	1125.58
3502.26	1160.58
3502.66	1125.58
3503.07	1112.58
3503.47	1115.58
3503.88	1153.58
3504.29	1138.58
3504.69	1112.58
3505.1	1067.58
3505.51	1146.58
3505.91	1132.58
3506.32	1134.58
3506.72	1145.58
3507.13	1134.58
3507.54	1128.58
3507.94	1083.58
3508.35	1177.58
3508.75	1150.58
3509.16	1095.58
3509.56	1150.58
3509.97	1152.58
3510.37	1075.58
3510.78	1098.58
3511.19	1133.58
3511.59	1158.58
3512	1136.58
3512.4	1145.58
3512.81	1154.58
3513.21	1172.58
3513.62	1131.58
3514.02	1136.58
3514.43	1122.58
3514.83	1131.58
3515.24	1125.58
3515.64	1127.58
3516.05	1076.58
3516.46	1140.58
3516.86	1129.58
3517.26	1141.58
3517.67	1192.58
3518.07	1119.58
3518.48	1173.58
3518.88	1167.58
3519.29	1152.58
3519.69	1104.58
3520.1	1136.58
3520.5	1152.58
3520.91	1110.58
3521.31	1158.58
3521.72	1127.58
3522.12	1121.58
3522.53	1210.58
3522.93	1159.58
3523.33	1189.58
3523.74	1168.58
3524.14	1147.58
3524.55	1184.58
3524.95	1208.58
3525.36	1228.58
3525.76	1127.58
3526.17	1190.58
3526.57	1171.58
3526.97	1191.58
3527.38	1202.58
3527.78	1191.58
3528.19	1210.58
3528.59	1142.58
3528.99	1206.58
3529.4	1186.58
3529.8	1155.58
3530.2	1139.58
3530.61	1158.58
3531.01	1145.58
3531.42	1227.58
3531.82	1190.58
3532.22	1173.58
3532.63	1191.58
3533.03	1133.58
3533.43	1193.58
3533.84	1160.58
3534.24	1155.58
3534.64	1219.58
3535.05	1124.58
3535.45	1219.58
3535.85	1241.58
3536.26	1210.58
3536.66	1219.58
3537.06	1163.58
3537.47	1172.58
3537.87	1188.58
3538.27	1194.58
3538.68	1169.58
3539.08	1183.58
3539.48	1210.58
3539.89	1227.58
3540.29	1184.58
3540.69	1198.58
3541.09	1187.58
3541.5	1188.58
3541.9	1165.58
3542.3	1177.58
3542.7	1191.58
3543.11	1153.58
3543.51	1210.58
3543.91	1200.58
3544.31	1189.58
3544.72	1191.58
3545.12	1218.58
3545.52	1200.58
3545.92	1241.58
3546.33	1159.58
3546.73	1150.58
3547.13	1234.58
3547.53	1237.58
3547.94	1171.58
3548.34	1232.58
3548.74	1196.58
3549.14	1173.58
3549.54	1243.58
3549.95	1174.58
3550.35	1180.58
3550.75	1218.58
3551.15	1208.58
3551.55	1162.58
3551.96	1174.58
3552.36	1179.58
3552.76	1203.58
3553.16	1172.58
3553.56	1228.58
3553.96	1222.58
3554.36	1166.58
3554.77	1245.58
3555.17	1212.58
3555.57	1179.58
3555.97	1238.58
3556.37	1222.58
3556.77	1156.58
3557.17	1176.58
3557.58	1214.58
3557.98	1236.58
3558.38	1177.58
3558.78	1213.58
3559.18	1201.58
3559.58	1213.58
3559.98	1251.58
3560.38	1210.58
3560.79	1198.58
3561.19	1246.58
3561.59	1238.58
3561.99	1183.58
3562.39	1259.58
3562.79	1178.58
3563.19	1154.58
3563.59	1140.58
3563.99	1198.58
3564.39	1213.58
3564.79	1222.58
3565.19	1226.58
3565.59	1218.58
3565.99	1213.58
3566.39	1188.58
3566.8	1209.58
3567.2	1260.58
3567.6	1182.58
3568	1209.58
3568.4	1181.58
3568.8	1227.58
3569.2	1187.58
3569.6	1201.58
3570	1217.58
3570.4	1253.58
3570.8	1216.58
3571.2	1224.58
3571.6	1214.58
3572	1185.58
3572.4	1193.58
3572.8	1210.58
3573.2	1166.58
3573.6	1201.58
3574	1197.58
3574.4	1176.58
3574.8	1195.58
3575.2	1241.58
3575.6	1214.58
3576	1208.58
3576.4	1175.58
3576.79	1229.58
3577.19	1230.58
3577.59	1182.58
3577.99	1221.58
3578.39	1229.58
3578.79	1150.58
3579.19	1274.58
3579.59	1214.58
3579.99	1251.58
3580.39	1169.58
3580.79	1184.58
3581.19	1160.58
3581.59	1206.58
3581.99	1191.58
3582.38	1106.58
3582.78	1177.58
3583.18	1212.58
3583.58	1165.58
3583.98	1152.58
3584.38	1203.58
3584.78	1221.58
3585.18	1154.58
3585.57	1246.58
3585.97	1180.58
3586.37	1230.58
3586.77	1198.58
3587.17	1210.58
3587.57	1191.58
3587.97	1221.58
3588.36	1135.58
3588.76	1229.58
3589.16	1179.58
3589.56	1202.58
3589.96	1211.58
3590.36	1139.58
3590.75	1185.58
3591.15	1191.58
3591.55	1212.58
3591.95	1239.58
3592.35	1195.58
3592.74	1227.58
3593.14	1233.58
3593.54	1233.58
3593.94	1182.58
3594.34	1209.58
3594.73	1201.58
3595.13	1154.58
3595.53	1137.58
3595.93	1192.58
3596.33	1197.58
3596.72	1198.58
3597.12	1175.58
3597.52	1166.58
3597.92	1198.58
3598.31	1195.58
3598.71	1188.58
3599.11	1213.58
3599.51	1193.58
3599.9	1171.58
3600.3	1177.58
3600.7	1104.58
3601.1	1206.58
3601.49	1191.58
3601.89	1185.58
3602.29	1148.58
3602.69	1163.58
3603.08	1173.58
3603.48	1179.58
3603.88	1194.58
3604.27	1134.58
3604.67	1154.58
3605.07	1164.58
3605.46	1150.58
3605.86	1191.58
3606.26	1194.58
3606.65	1203.58
3607.05	1171.58
3607.45	1183.58
3607.84	1163.58
3608.24	1193.58
3608.64	1171.58
3609.03	1189.65
3609.43	1196.58
3609.83	1156.05
3610.22	1128.07
3610.62	1137.5
3611.02	1160.93
3611.41	1198.37
3611.81	1179.5
3612.2	1134.51
3612.6	1158.59
3613	1151.14
3613.39	1151.23
3613.79	1154.71
3614.19	1142.52
3614.58	1180.91
3614.98	1131.54
3615.37	1148.31
3615.77	1172.73
3616.16	1166.93
3616.56	1124.38
3616.96	1169.14
3617.35	1146.17
3617.75	1155.52
3618.14	1152.96
3618.54	1150.46
3618.93	1136.38
3619.33	1115.72
3619.73	1082.55
3620.12	1117.87
3620.52	1065.8
3620.91	1074.08
3621.31	1052.1
3621.7	1117.55
3622.1	1095.26
3622.49	1114.78
3622.89	1126.91
3623.28	1128.02
3623.68	1125.13
3624.08	1116.51
3624.47	1135.21
3624.87	1139.02
3625.26	1087.45
3625.66	1162.39
3626.05	1159.11
3626.45	1145.75
3626.84	1129.87
3627.23	1108.09
3627.63	1070.92
3628.02	1086.78
3628.42	1156.47
3628.81	1130.54
3629.21	1059.58
3629.6	1095.42
3630	1101.69
3630.39	1088.37
3630.79	1111
3631.18	1100.01
3631.58	1072.32
3631.97	1076.01
3632.37	1018.07
3632.76	1111.01
3633.15	1087.01
3633.55	1027.56
3633.94	1061.24
3634.34	1068.1
3634.73	1058.24
3635.13	1111.28
3635.52	1078.72
3635.91	1092.95
3636.31	1037.69
3636.7	1063.76
3637.1	1083.54
3637.49	1039.26
3637.88	1054.2
3638.28	1057.77
3638.67	1043.07
3639.06	1043.81
3639.46	1055.86
3639.85	1040.53
3640.25	1064.33
3640.64	988.565
3641.03	1014.66
3641.43	1030.77
3641.82	1030.62
3642.21	1005.44
3642.61	1032.17
3643	1025.32
3643.39	1034.01
3643.79	1015.36
3644.18	1036.97
3644.57	1046.25
3644.97	1033.32
3645.36	1050.68
3645.75	988.991
3646.15	1009.41
3646.54	1008.48
3646.93	1012.41
3647.33	975.657
3647.72	981.608
3648.11	986.421
3648.5	970.464
3648.9	1001.6
3649.29	977.364
3649.68	1021.32
3650.08	986.673
3650.47	993.711
3650.86	1000.26
3651.25	980.461
3651.65	1018.65
3652.04	993.025
3652.43	1004.67
3652.82	959.556
3653.22	974
3653.61	954.852
3654	986.547
3654.39	1003.17
3654.79	966.572
3655.18	969.178
3655.57	959.642
3655.96	965.794
3656.36	952.108
3656.75	974.224
3657.14	971.546
3657.53	948.379
3657.92	954.43
3658.32	966.825
3658.71	933.702
3659.1	935.457
3659.49	938.035
3659.88	951.547
3660.27	941.473
3660.67	909.321
3661.06	882.575
3661.45	886.209
3661.84	919.126
3662.23	918.558
3662.62	890.111
3663.02	922.089
3663.41	885.885
3663.8	942.478
3664.19	906.554
3664.58	871.718
3664.97	877.522
3665.36	895.452
3665.76	855.337
3666.15	879.299
3666.54	868.896
3666.93	898.672
3667.32	901.913
3667.71	872.77
3668.1	916.732
3668.49	885.548
3668.88	910.794
3669.28	863.023
3669.67	846.126
3670.06	821.122
3670.45	839.699
3670.84	844.485
3671.23	863.408
3671.62	832.745
3672.01	867.858
3672.4	860.859
3672.79	882.547
3673.18	823.026
3673.57	857.413
3673.96	859.304
3674.36	880.122
3674.75	850.724
3675.14	803.55
3675.53	722.405
3675.92	837.422
3676.31	835.795
3676.7	824.999
3677.09	822.967
3677.48	821.142
3677.87	818.986
3678.26	825.109
3678.65	721.542
3679.04	741.493
3679.43	796.692
3679.82	791.741
3680.21	792.825
3680.6	817.396
3680.99	810.277
3681.38	779.022
3681.77	792.642
3682.16	739.928
3682.55	778.175
3682.94	813.026
3683.33	787.115
3683.72	795.452
3684.11	803.806
3684.5	843.73
3684.89	815.163
3685.27	767.38
3685.66	762.476
3686.05	791.134
3686.44	783.42
3686.83	822.06
3687.22	800.668
3687.61	791.063
3688	802.511
3688.39	780.621
3688.78	794.206
3689.17	784.664
3689.56	768.731
3689.95	776.029
3690.33	745.965
3690.72	764.641
3691.11	767.709
3691.5	745.177
3691.89	749.295
3692.28	747.067
3692.67	771.292
3693.06	767.784
3693.45	789.544
3693.83	774.453
3694.22	771.953
3694.61	751.79
3695	722.869
3695.39	738.378
3695.78	733.943
3696.17	712.379
3696.55	728.065
3696.94	735.343
3697.33	698.362
3697.72	734.886
3698.11	724.002
3698.5	738.596
3698.88	719.363
3699.27	730.082
3699.66	689.554
3700.05	724.5
3700.44	731.114
3700.82	676.793
3701.21	708.831
3701.6	741.198
3701.99	699.018
3702.38	719.98
3702.76	707.21
3703.15	708.674
3703.54	770.49
3703.93	752.464
3704.32	694.3
3704.7	742.165
3705.09	718.759
3705.48	714.275
3705.87	719.662
3706.25	743.179
3706.52	682.179
3706.92	690.179
3707.31	614.179
3707.71	603.179
3708.1	640.179
3708.5	627.179
3708.89	629.179
3709.29	636.179
3709.68	619.179
3710.07	653.179
3710.47	663.179
3710.86	652.179
3711.26	684.179
3711.65	695.179
3712.05	658.179
3712.44	653.179
3712.83	658.179
3713.23	609.179
3713.62	636.179
3714.02	633.179
3714.41	591.179
3714.8	579.179
3715.2	582.179
3715.59	622.179
3715.99	621.179
3716.38	626.179
3716.77	623.179
3717.17	639.179
3717.56	614.179
3717.95	638.179
3718.35	657.179
3718.74	599.179
3719.14	653.179
3719.53	610.179
3719.92	645.179
3720.32	622.179
3720.71	648.179
3721.1	645.179
3721.5	624.179
3721.89	613.179
3722.28	598.179
3722.68	621.179
3723.07	654.179
3723.46	607.179
3723.85	584.179
3724.25	620.179
3724.64	635.179
3725.03	598.179
3725.43	618.826
3725.82	608.612
3726.21	608.027
3726.61	606.853
3727	606.033
3727.39	605.289
3727.78	604.083
3728.18	612.377
3728.57	610.995
3728.96	609.113
3729.35	594.179
3729.75	587.179
3730.14	591.179
3730.53	603.179
3730.92	618.179
3731.32	592.179
3731.71	592.179
3732.1	608.179
3732.49	602.179
3732.89	580.179
3733.28	583.179
3733.67	583.179
3734.06	606.179
3734.46	611.179
3734.85	612.179
3735.24	578.179
3735.63	577.179
3736.02	611.179
3736.42	561.179
3736.81	592.179
3737.2	575.179
3737.59	597.179
3737.98	597.179
3738.38	574.179
3738.77	633.179
3739.16	557.179
3739.55	571.179
3739.94	574.179
3740.33	561.179
3740.73	583.179
3741.12	553.179
3741.51	571.179
3741.9	568.179
3742.29	572.179
3742.68	564.179
3743.07	587.179
3743.47	532.179
3743.86	566.179
3744.25	581.179
3744.64	603.179
3745.03	583.179
3745.42	542.179
3745.81	553.179
3746.2	542.179
3746.6	594.179
3746.99	545.179
3747.38	586.179
3747.77	551.179
3748.16	617.179
3748.55	580.179
3748.94	610.179
3749.33	598.179
3749.72	602.179
3750.11	610.179
3750.5	583.179
3750.9	535.179
3751.29	577.179
3751.68	524.179
3752.07	579.179
3752.46	577.179
3752.85	555.179
3753.24	602.179
3753.63	592.179
3754.02	569.179
3754.41	569.179
3754.8	596.179
3755.19	563.179
3755.58	514.179
3755.97	564.179
3756.36	564.179
3756.75	601.179
3757.14	566.179
3757.53	544.179
3757.92	556.179
3758.31	510.179
3758.7	579.179
3759.09	567.179
3759.48	580.179
3759.87	562.179
3760.26	579.179
3760.65	572.179
3761.04	541.179
3761.43	549.179
3761.82	563.179
3762.21	574.179
3762.6	579.179
3762.99	612.179
3763.38	603.179
3763.77	564.179
3764.16	554.179
3764.55	564.179
3764.94	566.179
3765.33	593.179
3765.72	559.179
3766.1	546.179
3766.49	571.179
3766.88	553.179
3767.27	511.179
3767.66	575.179
3768.05	583.179
3768.44	549.179
3768.83	569.179
3769.22	521.179
3769.61	571.179
3770	575.179
3770.39	576.179
3770.77	562.179
3771.16	563.179
3771.55	566.179
3771.94	608.179
3772.33	582.179
3772.72	544.179
3773.11	547.179
3773.5	547.179
3773.88	569.179
3774.27	571.179
3774.66	563.179
3775.05	529.179
3775.44	527.179
3775.83	615.179
3776.21	561.179
3776.6	528.179
3776.99	584.179
3777.38	560.179
3777.77	548.179
3778.16	571.179
3778.54	558.179
3778.93	528.179
3779.32	559.179
3779.71	543.179
3780.1	527.179
3780.48	573.179
3780.87	549.179
3781.26	571.179
3781.65	567.179
3782.04	577.179
3782.42	560.179
3782.81	519.179
3783.2	571.179
3783.59	585.179
3783.98	511.179
3784.36	554.179
3784.75	553.179
3785.14	563.179
3785.53	592.179
3785.91	562.179
3786.3	555.179
3786.69	561.179
3787.08	573.179
3787.46	572.179
3787.85	566.179
3788.24	558.179
3788.62	513.179
3789.01	539.179
3789.4	565.179
3789.79	552.179
3790.17	514.179
3790.56	574.179
3790.95	555.179
3791.33	584.179
3791.72	551.179
3792.11	564.179
3792.49	538.179
3792.88	545.179
3793.27	591.179
3793.66	552.179
3794.04	531.179
3794.43	574.179
3794.82	570.179
3795.2	540.179
3795.59	522.179
3795.98	526.179
3796.36	533.179
3796.75	550.179
3797.13	567.179
3797.52	545.179
3797.91	579.179
3798.29	553.179
3798.68	569.179
3799.07	514.179
3799.45	489.179
3799.84	569.179
3800.23	526.179
3800.61	569.179
3801	543.179
3801.38	560.179
3801.77	549.179
3802.16	552.179
3802.54	566.179
3802.93	514.179
3803.31	498.179
3803.7	563.179
3804.09	549.179
3804.47	599.179
3804.86	539.179
3805.24	567.179
3805.63	542.179
3806.02	589.179
3806.4	553.179
3806.79	548.179
3807.17	535.179
3807.56	582.179
3807.94	555.179
3808.33	571.179
3808.71	513.179
3809.1	557.179
3809.49	580.179
3809.87	563.179
3810.26	536.179
3810.64	563.179
3811.03	532.179
3811.41	533.179
3811.8	582.179
3812.18	537.179
3812.57	531.179
3812.95	569.179
3813.34	536.179
3813.72	546.179
3814.11	552.179
3814.49	541.179
3814.88	550.179
3815.26	563.179
3815.65	540.179
3816.03	577.179
3816.42	574.179
3816.8	556.179
3817.18	569.179
3817.57	552.179
3817.95	562.179
3818.34	565.179
3818.72	575.179
3819.11	565.179
3819.49	563.179
3819.88	509.179
3820.26	541.179
3820.65	530.179
3821.03	559.179
3821.41	534.179
3821.8	577.179
3822.18	560.179
3822.57	523.179
3822.95	550.179
3823.33	564.179
3823.72	533.179
3824.1	537.179
3824.49	535.179
3824.87	559.179
3825.26	536.179
3825.64	543.179
3826.02	545.179
3826.41	536.179
3826.79	519.179
3827.18	527.179
3827.56	507.179
3827.94	529.179
3828.33	565.179
3828.71	502.179
3829.09	588.179
3829.48	575.179
3829.86	550.179
3830.24	556.179
3830.63	547.179
3831.01	550.179
3831.39	547.179
3831.78	535.179
3832.16	546.179
3832.54	564.179
3832.93	580.179
3833.31	549.179
3833.69	544.179
3834.08	563.179
3834.46	555.179
3834.84	571.179
3835.23	539.179
3835.61	574.179
3835.99	520.179
3836.38	526.179
3836.76	497.179
3837.14	542.179
3837.52	557.179
3837.91	545.179
3838.29	578.179
3838.67	572.179
3839.05	527.179
3839.44	524.179
3839.82	527.179
3840.2	531.179
3840.58	535.179
3840.97	524.179
3841.35	535.179
3841.73	558.179
3842.11	548.179
3842.5	579.179
3842.88	575.179
3843.26	563.179
3843.64	575.179
3844.03	545.179
3844.41	495.179
3844.79	522.179
3845.17	514.179
3845.55	528.179
3845.94	547.179
3846.32	511.179
3846.7	557.179
3847.08	505.179
3847.46	533.179
3847.85	518.179
3848.23	501.179
3848.61	519.179
3848.99	559.179
3849.37	555.179
3849.75	517.179
3850.14	555.179
3850.52	533.179
3850.9	530.179
3851.28	516.179
3851.66	507.179
3852.04	530.179
3852.43	564.179
3852.81	541.179
3853.19	553.179
3853.57	538.179
3853.95	550.179
3854.33	512.179
3854.71	557.179
3855.1	564.179
3855.48	551.179
3855.86	573.179
3856.24	542.179
3856.62	543.179
3857	544.179
3857.38	510.179
3857.76	544.179
3858.14	569.179
3858.53	537.179
3858.91	543.179
3859.29	539.179
3859.67	547.179
3860.05	507.179
3860.43	544.179
3860.81	540.179
3861.19	526.179
3861.57	538.179
3861.95	516.179
3862.33	565.179
3862.71	558.179
3863.09	537.179
3863.47	545.179
3863.85	531.179
3864.23	527.179
3864.62	551.179
3865	539.179
3865.38	542.179
3865.76	494.179
3866.14	512.179
3866.52	544.179
3866.9	525.179
3867.28	559.179
3867.66	503.179
3868.04	541.179
3868.42	532.179
3868.8	573.179
3869.18	498.179
3869.56	522.179
3869.94	501.179
3870.32	559.179
3870.7	555.179
3871.08	521.179
3871.46	539.179
3871.83	519.179
3872.21	531.179
3872.59	563.179
3872.97	544.179
3873.35	532.179
3873.73	514.179
3874.11	492.179
3874.49	531.179
3874.87	586.179
3875.25	521.179
3875.63	551.179
3876.01	507.179
3876.39	532.179
3876.77	498.179
3877.15	530.179
3877.53	562.179
3877.91	508.179
3878.28	534.179
3878.66	511.179
3879.04	539.179
3879.42	543.179
3879.8	547.179
3880.18	520.179
3880.56	501.179
3880.94	517.179
3881.32	541.179
3881.69	566.179
3882.07	517.179
3882.45	541.179
3882.83	545.179
3883.21	551.179
3883.59	524.179
3883.97	528.179
3884.35	511.179
3884.72	508.179
3885.1	487.179
3885.48	569.179
3885.86	548.179
3886.24	564.179
3886.62	508.179
3886.99	544.179
3887.37	548.179
3887.75	510.179
3888.13	531.179
3888.51	514.179
3888.89	525.179
3889.26	528.179
3889.64	547.179
3890.02	528.179
3890.4	525.179
3890.78	562.179
3891.15	580.179
3891.53	533.179
3891.91	532.179
3892.29	514.179
3892.66	501.179
3893.04	539.179
3893.42	526.179
3893.8	541.179
3894.18	514.179
3894.55	524.179
3894.93	548.179
3895.31	520.179
3895.69	514.179
3896.06	573.179
3896.44	519.179
3896.82	537.179
3897.2	531.179
3897.57	520.179
3897.95	509.179
3898.33	545.179
3898.7	554.179
3899.08	527.179
3899.46	531.179
3899.84	569.179
3900.21	510.179
3900.59	514.179
3900.97	528.179
3901.34	527.179
3901.72	493.179
3902.1	469.179
3902.48	523.179
3902.85	530.179
3903.23	510.179
3903.61	548.179
3903.98	519.179
3904.36	551.179
3904.74	543.179
3905.11	562.179
3905.49	530.179
3905.87	564.179
3906.24	533.179
3906.62	546.179
3906.99	530.179
3907.37	548.179
3907.75	551.179
3908.12	526.179
3908.5	528.179
3908.88	527.179
3909.25	536.179
3909.63	542.179
3910.01	533.179
3910.38	516.179
3910.76	494.179
3911.13	501.179
3911.51	506.179
3911.89	518.179
3912.26	485.179
3912.64	524.179
3913.01	502.179
3913.39	549.179
3913.77	531.179
3914.14	557.179
3914.52	511.179
3914.89	518.179
3915.27	520.179
3915.65	522.179
3916.02	498.179
3916.4	527.179
3916.77	514.179
3917.15	559.179
3917.52	531.179
3917.9	511.179
3918.27	492.179
3918.65	528.179
3919.02	529.179
3919.4	507.179
3919.77	502.179
3920.15	497.179
3920.53	474.179
3920.9	522.179
3921.28	466.179
3921.65	534.179
3922.03	537.179
3922.4	522.179
3922.78	539.179
3923.15	520.179
3923.53	537.179
3923.9	526.179
3924.28	507.179
3924.65	521.179
3925.03	540.179
3925.4	529.179
3925.77	549.179
3926.15	501.179
3926.52	517.179
3926.9	501.179
3927.27	525.179
3927.65	571.179
3928.02	520.179
3928.4	535.179
3928.77	528.179
3929.15	568.179
3929.52	529.179
3929.89	557.179
3930.27	529.179
3930.64	482.179
3931.02	487.179
3931.39	495.179
3931.77	514.179
3932.14	553.179
3932.51	565.179
3932.89	505.179
3933.26	495.179
3933.64	528.179
3934.01	505.179
3934.38	480.179
3934.76	544.179
3935.13	487.179
3935.51	520.179
3935.88	517.179
3936.25	547.179
3936.63	523.179
3937	528.179
3937.38	531.179
3937.75	547.179
3938.12	543.179
3938.5	530.179
3938.87	519.179
3939.24	518.179
3939.62	504.179
3939.99	560.179
3940.36	533.179
3940.74	499.179
3941.11	512.179
3941.48	507.179
3941.86	525.179
3942.23	527.179
3942.6	514.179
3942.98	533.179
3943.35	523.179
3943.72	517.179
3944.1	528.179
3944.47	504.179
3944.84	500.179
3945.21	507.179
3945.59	541.179
3945.96	490.179
3946.33	528.179
3946.71	554.179
3947.08	504.179
3947.45	532.179
3947.82	523.179
3948.2	530.179
3948.57	529.179
3948.94	517.179
3949.32	539.179
3949.69	525.179
3950.06	507.179
3950.43	520.179
3950.81	495.179
3951.18	511.179
3951.55	503.179
3951.92	545.179
3952.29	497.179
3952.67	566.179
3953.04	486.179
3953.41	478.179
3953.78	501.179
3954.16	512.179
3954.53	534.179
3954.9	535.179
3955.27	514.179
3955.64	543.179
3956.02	563.179
3956.39	535.179
3956.76	551.179
3957.13	503.179
3957.5	536.179
3957.87	539.179
3958.25	538.179
3958.62	520.179
3958.99	568.179
3959.36	547.179
3959.73	498.179
3960.11	503.179
3960.48	517.179
3960.85	509.179
3961.22	471.179
3961.59	464.179
3961.96	461.179
3962.33	469.179
3962.71	454.179
3963.08	517.179
3963.45	495.179
3963.82	496.179
3964.19	499.179
3964.56	497.179
3964.93	509.179
3965.3	487.179
3965.68	508.179
3966.05	498.179
3966.42	526.179
3966.79	516.179
3967.16	543.179
3967.53	558.179
3967.9	519.179
3968.27	526.179
3968.64	509.179
3969.01	523.179
3969.38	527.179
3969.75	490.179
3970.12	504.179
3970.5	536.179
3970.87	511.179
3971.24	516.179
3971.61	509.179
3971.98	509.179
3972.35	487.179
3972.72	512.179
3973.09	501.179
3973.46	516.179
3973.83	532.179
3974.2	474.179
3974.57	503.179
3974.94	495.179
3975.31	517.179
3975.68	485.179
3976.05	514.179
3976.42	544.179
3976.79	523.179
3977.16	519.179
3977.53	497.179
3977.9	524.179
3978.27	526.179
3978.64	511.179
3979.01	509.179
3979.38	529.179
3979.75	509.179
3980.12	478.179
3980.49	522.179
3980.86	553.179
3981.23	530.179
3981.6	539.179
3981.97	500.179
3982.34	519.179
3982.71	498.179
3983.08	527.179
3983.45	511.179
3983.82	496.179
3984.19	482.179
3984.55	523.179
3984.92	540.179
3985.29	516.179
3985.66	533.179
3986.03	503.179
3986.4	532.179
3986.77	538.179
3987.14	514.179
3987.51	507.179
3987.88	518.179
3988.25	513.179
3988.61	527.179
3988.98	514.179
3989.35	463.179
3989.72	517.179
3990.09	521.179
3990.46	537.179
3990.83	529.179
3991.2	474.179
3991.56	509.179
3991.93	511.179
3992.3	517.179
3992.67	526.179
3993.04	515.179
3993.41	534.179
3993.78	535.179
3994.15	509.179
3994.51	505.179
3994.88	524.179
3995.25	536.179
3995.62	497.179
3995.99	482.179
3996.36	498.179
3996.72	542.179
3997.09	502.179
3997.46	501.179
3997.83	497.179
3998.2	535.179
3998.56	530.179
3998.93	478.179
3999.3	513.179
3999.67	480.179
4000.04	472.179
