19.7123	3707.24
20.3887	3715.24
21.0651	3515.24
21.7414	3614.24
22.4176	3641.24
23.0939	3603.24
23.77	3536.24
24.4462	3610.24
25.1222	3517.24
25.7983	3508.24
26.4742	3633.24
27.1502	3509.24
27.8261	3474.24
28.5019	3557.24
29.1777	3461.24
29.8534	3538.24
30.5291	3493.24
31.2048	3535.24
31.8804	3557.24
32.5559	3614.24
33.2314	3604.24
33.9069	3669.24
34.5823	3706.24
35.2577	3705.24
35.933	3774.24
36.6083	3847.24
37.2835	3821.24
37.9587	3873.24
38.6338	3866.24
39.3066	3883.24
39.9817	3899.24
40.6566	4005.24
41.3316	4050.24
42.0065	4103.24
42.6813	4042.24
43.3539	4259.24
44.0286	4323.24
44.7033	4207.24
45.378	4347.24
46.0526	4403.24
46.7249	4374.24
47.3994	4429.24
48.0739	4461.24
48.7483	4525.24
49.4204	4545.24
50.0947	4660.24
50.769	4607.24
51.4433	4745.24
52.1152	4661.24
52.7893	4717.24
53.4634	4624.24
54.1352	4658.24
54.8092	4793.24
55.4831	4891.24
56.1548	4764.24
56.8286	4941.24
57.5024	5001.24
58.1739	4974.24
58.8477	5069.24
59.5213	5182.24
60.1927	5239.24
60.8663	5092.24
61.5375	5179.24
62.211	5135.24
62.8845	5138.24
63.5556	5088.24
64.2289	5176.24
64.8999	5135.24
65.5732	5119.24
66.2441	5126.24
66.9173	5149.24
67.5881	5096.24
68.2612	5222.24
68.9319	4930.24
69.6049	5109.24
70.2755	5186.24
70.9484	5294.24
71.619	5192.24
72.2918	5271.24
72.9622	5282.24
73.6349	5291.24
74.3053	5326.24
74.9756	5305.24
75.6482	5331.24
76.3184	5426.24
76.9909	5270.24
77.661	5399.24
78.3311	5227.24
79.0034	5247.24
79.6734	5397.24
80.3433	5401.24
81.0155	5415.24
81.6854	5395.24
82.3552	5447.24
83.0272	5358.24
83.6969	5465.24
84.3666	5448.24
85.0385	5391.24
85.7081	5347.24
86.3776	5359.24
87.0471	5329.24
87.7188	5439.24
88.3882	5472.24
89.0575	5417.24
89.7268	5329.24
90.3961	5315.24
91.0676	5431.24
91.7367	5440.24
92.4059	5415.24
93.0749	5379.24
93.7439	5477.24
94.4152	5370.24
95.0841	5335.24
95.753	5286.24
96.4218	5349.24
97.0906	5301.24
97.7594	5351.24
98.4281	5305.24
99.0967	5304.24
99.7676	5331.24
100.436	5325.24
101.105	5323.24
101.773	5342.24
102.442	5359.24
103.11	5272.24
103.778	5216.24
104.447	5320.24
105.115	5151.24
105.783	5319.24
106.451	5215.24
107.119	5449.24
107.787	5252.24
108.455	5105.24
109.123	5205.24
109.791	5162.24
110.459	5185.24
111.127	5181.24
111.795	5310.24
112.462	5258.24
113.13	5251.24
113.795	5199.24
114.463	5192.24
115.13	5132.24
115.798	5195.24
116.465	5176.24
117.133	4999.24
117.8	5112.24
118.467	5011.24
119.132	5035.24
119.8	5036.24
120.467	4988.24
121.134	5003.24
121.801	5001.24
122.466	5027.24
123.133	5167.24
123.8	4939.24
124.467	5102.24
125.133	5122.24
125.798	5081.24
126.465	5067.24
127.131	5041.24
127.796	5061.24
128.462	4821.24
129.129	4856.24
129.796	4745.24
130.46	4959.61
131.126	4930.89
131.793	4896.01
132.457	4853.61
133.123	4806.56
133.789	4796.99
134.453	4826.41
135.119	4871.49
135.783	4874.52
136.449	4888.89
137.115	4459.24
137.779	4641.24
138.445	4731.24
139.108	4919.24
139.774	4909.24
140.438	4912.24
141.104	4886.24
141.769	4798.24
142.433	4843.24
143.098	4871.24
143.762	4997.24
144.427	4870.24
145.09	4973.24
145.756	4856.24
146.419	4886.24
147.084	4820.24
147.747	4859.24
148.41	4789.24
149.075	4848.24
149.738	4845.24
150.403	4749.24
151.066	4780.24
151.731	4747.24
152.394	4811.24
153.056	4760.24
153.721	4707.24
154.384	4796.24
155.046	4792.24
155.711	4769.24
156.374	4615.24
157.036	4651.24
157.701	4603.24
158.363	4655.24
159.025	4648.24
159.69	4695.24
160.352	4580.24
161.014	4632.24
161.676	4581.24
162.34	4661.24
163.002	4625.24
163.664	4798.24
164.326	4589.24
164.99	4628.24
165.652	4575.24
166.314	4584.24
166.975	4649.24
167.637	4493.24
168.301	4504.24
168.962	4495.24
169.624	4396.24
170.285	4469.24
170.947	4601.24
171.608	4572.24
172.272	4519.24
172.933	4553.24
173.594	4492.24
174.255	4549.24
174.917	4552.24
175.578	4499.24
176.239	4558.24
176.9	4393.24
177.561	4491.24
178.222	4497.24
178.882	4514.24
179.543	4394.24
180.204	4478.24
180.865	4428.24
181.526	4451.24
182.186	4387.24
182.847	4460.24
183.507	4327.24
184.168	4283.24
184.828	4290.24
185.489	4229.24
186.149	4224.24
186.809	4290.24
187.47	4263.24
188.13	4275.24
188.79	4324.24
189.45	4304.24
190.11	4293.24
190.768	4380.24
191.428	4287.24
192.088	4447.24
192.748	4294.24
193.408	4293.24
194.068	4290.24
194.728	4329.24
195.385	4242.24
196.045	4299.24
196.705	4289.24
197.364	4219.24
198.021	4165.24
198.681	4225.24
199.34	4219.24
200	4297.24
200.657	4261.24
201.316	4393.24
201.976	4244.24
202.635	4286.24
203.292	4251.24
203.951	4244.24
204.61	4226.24
205.267	4227.24
205.926	4184.24
206.585	4100.24
207.242	4177.24
207.9	4134.24
208.559	4253.24
209.216	4193.24
209.875	4210.24
210.533	4210.24
211.19	4099.24
211.848	4174.24
212.505	4094.24
213.163	4032.24
213.819	3993.24
214.478	4140.11
215.134	4123.07
215.792	4107.27
216.451	4073.35
217.107	4069.77
217.765	4064.74
218.421	4060.23
219.079	4082.88
219.735	4090.41
220.391	4085.3
221.049	4095.04
221.704	4089.73
222.362	3989.24
223.018	4078.24
223.675	4139.24
224.331	4116.24
224.989	4047.24
225.644	3998.24
226.3	4090.24
226.957	4075.24
227.612	4204.24
228.268	4090.24
228.925	4043.24
229.58	4095.24
230.235	4136.24
230.893	4022.24
231.548	4043.24
232.203	4047.24
232.86	4110.24
233.515	4021.24
234.17	4012.24
234.827	3996.24
235.481	3927.24
236.136	4109.24
236.791	4024.24
237.448	3998.24
238.102	4027.24
238.757	3959.24
239.411	3920.24
240.066	3927.24
240.722	3956.24
241.377	3959.24
242.031	4010.24
242.685	3933.24
243.339	3958.24
243.993	3939.24
244.648	3877.24
245.304	4004.24
245.958	3939.24
246.612	3996.24
247.266	4001.24
247.92	3897.24
248.574	3962.24
249.227	3965.24
249.881	3947.24
250.535	3966.24
251.189	3996.24
251.842	3950.24
252.496	3847.24
253.149	3931.24
253.803	3809.24
254.456	3931.24
255.11	3819.24
255.763	3891.24
256.416	3925.24
257.07	3894.24
257.723	3852.24
258.376	3857.24
259.029	3915.24
259.682	3802.24
260.335	3859.24
260.988	3849.24
261.641	3877.24
262.294	3861.24
262.947	3861.24
263.598	3859.24
264.251	3864.24
264.903	3807.24
265.556	3800.24
266.209	3822.24
266.861	3889.24
267.512	3792.24
268.164	3818.24
268.817	3790.24
269.469	3823.24
270.121	3821.24
270.772	3822.24
271.424	3747.24
272.076	3888.24
272.728	3776.24
273.378	3799.24
274.03	3799.24
274.682	3760.24
275.332	3880.24
275.984	3851.24
276.636	3835.24
277.288	3780.24
277.938	3825.24
278.59	3754.24
279.239	3772.24
279.891	3861.24
280.542	3797.24
281.192	3762.24
281.843	3828.24
282.495	3752.24
283.144	3806.24
283.796	3819.24
284.445	3768.24
285.096	3759.24
285.745	3713.24
286.397	3737.24
287.048	3723.24
287.697	3748.24
288.348	3652.24
288.997	3723.24
289.648	3784.24
290.297	3822.24
290.948	3736.24
291.596	3709.24
292.247	3720.24
292.896	3720.24
293.544	3723.24
294.195	3701.24
294.844	3809.24
295.494	3731.24
296.143	3716.24
296.793	3801.24
297.441	3688.24
298.09	3695.24
298.74	3722.24
299.388	3716.24
300.036	3659.24
300.687	3697.24
301.335	3737.24
301.983	3671.24
302.633	3760.24
303.281	3761.24
303.929	3683.24
304.579	3754.24
305.227	3731.24
305.874	3677.24
306.522	3751.24
307.172	3757.24
307.819	3751.24
308.467	3717.24
309.114	3667.24
309.764	3646.24
310.412	3596.24
311.059	3797.24
311.706	3712.24
312.354	3764.24
313.003	3746.24
313.65	3688.24
314.297	3649.24
314.944	3661.24
315.592	3700.24
316.239	3701.24
316.886	3607.24
317.535	3697.24
318.182	3546.24
318.828	3775.24
319.475	3650.24
320.122	3732.24
320.769	3677.24
321.415	3755.24
322.062	3693.24
322.709	3785.24
323.355	3681.24
324.002	3662.24
324.648	3694.24
325.294	3707.24
325.941	3704.24
326.587	3723.24
327.233	3726.24
327.88	3683.24
328.526	3708.24
329.172	3687.24
329.818	3650.24
330.464	3702.24
331.11	3679.24
331.754	3706.24
332.4	3661.24
333.046	3622.24
333.692	3633.24
334.337	3669.24
334.983	3709.24
335.629	3743.24
336.275	3618.24
336.918	3631.24
337.564	3655.24
338.209	3648.24
338.855	3633.24
339.5	3720.24
340.143	3589.24
340.789	3746.24
341.434	3617.24
342.079	3634.24
342.722	3608.24
343.367	3606.24
344.012	3697.24
344.658	3744.24
345.3	3699.24
345.945	3733.24
346.59	3683.24
347.233	3699.24
347.878	3655.24
348.523	3595.24
349.165	3625.24
349.81	3712.24
350.455	3498.24
351.097	3642.24
351.742	3652.24
352.384	3662.24
353.029	3667.24
353.673	3616.24
354.315	3678.24
354.96	3681.24
355.602	3673.24
356.246	3586.24
356.888	3619.24
357.533	3706.24
358.175	3719.24
358.819	3685.24
359.461	3661.24
360.105	3667.24
360.746	3524.24
361.39	3671.24
362.032	3601.24
362.676	3689.24
363.318	3578.24
363.961	3657.24
364.603	3702.24
365.247	3610.24
365.888	3755.24
366.529	3641.24
367.173	3644.24
367.814	3727.24
368.456	3620.24
369.099	3706.24
369.74	3657.24
370.381	3519.24
371.025	3649.24
371.666	3707.24
372.307	3723.24
372.95	3688.24
373.591	3589.24
374.232	3600.24
374.875	3659.24
375.516	3585.24
376.156	3614.24
376.797	3654.24
377.44	3635.24
378.081	3553.24
378.721	3629.24
379.362	3673.24
380.002	3520.24
380.645	3660.24
381.285	3679.24
381.926	3532.24
382.566	3675.24
383.206	3687.24
383.847	3687.24
384.489	3681.24
385.129	3634.24
385.769	3695.24
386.409	3749.24
387.049	3695.24
387.689	3721.24
388.329	3719.24
388.969	3609.24
389.609	3719.24
390.249	3548.24
390.889	3656.24
391.528	3704.24
392.168	3476.24
392.81	3692.24
393.449	3621.24
394.089	3723.24
394.726	3626.24
395.366	3770.24
396.005	3573.24
396.645	3725.24
397.284	3679.24
397.923	3663.24
398.562	3634.24
399.202	3709.24
399.841	3767.24
400.48	3717.24
401.119	3697.24
401.758	3673.24
402.397	3701.24
403.034	3680.24
403.673	3645.24
404.311	3673.24
404.95	3696.24
405.589	3728.24
406.228	3628.24
406.864	3597.24
407.503	3668.24
408.142	3661.24
408.78	3639.24
409.419	3731.24
410.055	3719.24
410.693	3781.24
411.332	3724.24
411.968	3634.24
412.606	3703.24
413.244	3851.24
413.883	3656.24
414.519	3759.24
415.157	3729.24
415.795	3761.24
416.431	3726.24
417.069	3720.24
417.707	3669.24
418.342	3694.24
418.98	3716.24
419.616	3719.24
420.254	3708.24
420.891	3787.24
421.527	3784.24
422.165	3729.24
422.8	3788.24
423.438	3650.24
424.075	3784.24
424.71	3691.24
425.348	3757.24
425.983	3824.24
426.62	3701.24
427.256	3775.24
427.893	3783.24
428.528	3809.24
429.165	3780.24
429.8	3713.24
430.435	3747.24
431.072	3762.24
431.707	3830.24
432.344	3813.24
432.979	3787.24
433.615	3787.24
434.25	3853.24
434.885	3780.24
435.521	3783.24
436.156	3808.24
436.79	3841.24
437.427	3851.24
438.061	3866.24
438.696	3840.24
439.332	3759.24
439.967	3808.24
440.601	3884.24
441.237	3920.24
441.871	3843.24
442.505	3817.24
443.142	3791.24
443.776	3844.24
444.41	3822.24
445.044	3800.24
445.678	3802.24
446.314	3922.24
446.947	3871.24
447.581	3934.24
448.215	3855.24
448.849	3915.24
449.484	3899.24
450.118	3890.24
450.752	3915.24
451.385	3925.24
452.018	3966.24
452.652	3893.24
453.285	3843.24
453.921	3955.24
454.554	3880.24
455.187	3733.24
455.821	3935.24
456.454	3999.24
457.087	4012.24
457.72	3955.24
458.353	3906.24
458.986	3918.24
459.619	3963.24
460.252	3937.24
460.885	3905.24
461.518	3931.24
462.15	3831.24
462.783	4021.24
463.416	3913.24
464.048	3916.24
464.681	3942.24
465.314	3976.24
465.946	4039.24
466.579	3963.24
467.209	3872.24
467.841	3923.24
468.474	4051.24
469.106	4062.24
469.738	4022.24
470.371	3991.24
471.003	4073.24
471.633	3827.24
472.265	4010.24
472.897	4048.24
473.529	4024.24
474.161	4029.24
474.791	4036.24
475.423	4110.24
476.054	3996.24
476.686	4061.24
477.318	4025.24
477.948	3963.24
478.579	3970.24
479.211	3963.24
479.84	3991.24
480.472	4049.24
481.103	4057.24
481.733	4012.24
482.364	3961.24
482.996	4029.24
483.625	4104.24
484.256	4001.24
484.887	4127.24
485.516	4099.24
486.148	4073.24
486.779	4104.24
487.408	4142.24
488.039	4044.24
488.668	4147.24
489.298	4175.24
489.927	4110.24
490.558	4107.24
491.187	4044.24
491.818	4087.24
492.446	4181.24
493.077	4076.24
493.705	4104.24
494.336	4179.24
494.964	4108.24
495.595	4096.24
496.223	4120.24
496.854	4164.24
497.482	4115.24
498.112	4178.24
498.741	4137.24
499.371	4086.24
499.999	4149.24
500.627	4102.24
501.257	4150.24
501.885	4156.24
502.513	4164.24
503.143	4172.24
503.771	4149.24
504.399	4048.24
505.029	4239.24
505.656	4102.24
506.284	4149.24
506.914	4207.24
507.541	4205.24
508.169	4218.24
508.796	4255.24
509.426	4140.24
510.054	4117.24
510.681	4165.24
511.308	4149.24
511.938	4224.24
512.565	4180.24
513.192	4140.24
513.819	4235.24
514.446	4130.24
515.076	4143.24
515.703	4180.24
516.33	4181.24
516.957	4211.24
517.584	4126.24
518.21	4257.24
518.837	4157.24
519.464	4167.24
520.093	4126.24
520.72	4222.24
521.346	4255.24
521.973	4154.24
522.6	4104.24
523.226	4029.24
523.853	4026.24
524.479	4150.24
525.105	4123.24
525.732	4158.24
526.358	4166.24
526.984	4081.24
527.611	4162.24
528.237	4019.24
528.863	4048.24
529.489	4143.24
530.115	4099.24
530.741	4223.24
531.365	4202.24
531.991	4099.24
532.617	4094.24
533.243	4109.24
533.869	4071.24
534.495	4079.24
535.12	4225.24
535.746	4068.24
536.369	4197.24
536.995	4126.24
537.621	4150.24
538.246	4011.24
538.872	3951.24
539.495	3976.24
540.12	3955.24
540.746	4000.24
541.371	4010.24
541.994	4066.24
542.62	4024.24
543.245	4061.24
543.87	3987.24
544.493	4235.24
545.118	4132.24
545.743	4078.24
546.366	4121.24
546.991	4076.24
547.616	4054.24
548.238	3951.24
548.863	4101.24
549.488	4057.24
550.111	4049.24
550.735	3951.24
551.36	4102.24
551.982	4004.24
552.607	4051.24
553.229	4122.24
553.854	4028.24
554.476	3987.24
555.101	3955.24
555.723	3935.24
556.347	3941.24
556.969	3928.24
557.594	3933.24
558.216	3921.24
558.84	4036.24
559.462	4016.24
560.086	3988.48
560.708	3892.37
561.332	3983.74
561.954	3984.93
562.578	3941.08
563.199	4053.28
563.821	4033.34
564.445	4009.74
565.066	4031.55
565.69	3961.47
566.312	3952.82
566.933	3921.42
567.557	4000.43
568.178	3966.96
568.799	3932.13
569.423	3951.59
570.044	3916.47
570.665	3969.74
571.289	3871.49
571.91	3987.72
572.531	3910.89
573.152	3962.61
573.775	3983.43
574.396	3907.16
575.017	3818.08
575.638	3828.51
576.261	3886.22
576.882	3994.95
577.503	3892.04
578.123	3924.91
578.744	3794.04
579.365	3763.62
579.987	3782.99
580.608	3806.44
581.229	3820.72
581.849	3779.29
582.47	3802.27
583.09	3835.51
583.71	3767.77
584.331	3771.11
584.951	3761.44
585.571	3746.02
586.194	3716.73
586.814	3695.37
587.434	3721.14
588.054	3680.51
588.674	3697.14
589.294	3671.64
589.914	3613.75
590.534	3646.21
591.154	3633.29
591.774	3575.13
592.391	3652.42
593.011	3645.15
593.631	3541.07
594.25	3619.73
594.87	3612.91
595.49	3589.61
596.109	3615.89
596.729	3504.56
597.348	3591.44
597.967	3458.38
598.585	3494.5
599.204	3499.3
599.823	3547.46
600.443	3488.29
601.062	3424.82
601.681	3467.73
602.298	3405.12
602.917	3421.17
603.536	3446.74
604.155	3448.34
604.772	3363.5
605.391	3362.77
606.01	3313.48
606.629	3317
607.245	3318.28
607.864	3258.27
608.483	3268.46
609.099	3267.25
609.718	3297.29
610.337	3262.99
610.953	3178.07
611.572	3260.94
612.19	3212.11
612.806	3240.63
613.425	3235.54
614.043	3184.36
614.659	3246.13
615.278	3178.74
615.894	3239.97
616.512	3208.27
617.128	3208.49
617.746	3237.24
618.364	3180.63
618.98	3166.61
619.598	3143.89
620.214	3129.46
620.832	3121.23
621.448	3115.27
622.065	3116.83
622.681	3123.39
623.297	3093.82
623.914	3128.85
624.53	3140.82
625.148	3110.66
625.763	3097.38
626.381	3155.37
626.996	3148.73
627.611	3041.67
628.229	3107.33
628.844	3077.72
629.459	3091.31
630.076	3027.69
630.692	3098.53
631.307	3020.95
631.924	3070.15
632.539	3005.85
633.154	3047.52
633.771	3071.71
634.386	3073.04
635.001	3055.28
635.615	2991.13
636.232	3008.42
636.847	3028.72
637.462	3082.98
638.076	3031.9
638.693	2963.38
639.308	3010.86
639.922	2982.48
640.537	3004.69
641.151	2991.15
641.768	3022.99
642.382	3065.29
642.996	3005.43
643.611	2986.93
644.225	3035.43
644.839	2982.03
645.453	3014.54
646.067	3037.43
646.681	3079.55
647.295	3040.38
647.912	2966.83
648.526	3004.27
649.139	3054.07
649.753	2973.61
650.367	2969.99
650.981	3028.73
651.595	2969.81
652.208	2934.29
652.822	2938.36
653.436	2966.76
653.707	2935.76
654.329	2910.76
654.953	2910.76
655.576	2891.76
656.198	2938.76
656.822	2927.76
657.444	2905.76
658.066	2902.76
658.688	2914.76
659.312	2990.76
659.933	2993.76
660.555	3011.76
661.177	3034.76
661.801	2904.76
662.422	2893.76
663.044	2951.19
663.666	2941.33
664.287	2927.13
664.911	2897.2
665.532	2861.56
666.154	2860.95
666.775	2858.79
667.396	2893.99
668.018	2890.66
668.639	2915.36
669.262	2927.08
669.883	2935.06
670.504	2932.74
671.126	2929.86
671.747	2929.36
672.368	2977.76
672.989	3016.76
673.609	2913.76
674.23	2950.76
674.851	2940.76
675.472	2909.76
676.093	2976.76
676.713	2971.76
677.334	2967.76
677.955	2993.76
678.575	3005.76
679.196	2945.76
679.816	2933.76
680.437	2980.76
681.057	2959.76
681.677	2969.76
682.298	2962.76
682.918	2964.76
683.538	2914.76
684.159	2956.76
684.779	2904.76
685.397	2963.76
686.017	2922.76
686.637	2945.76
687.257	2924.76
687.877	2942.76
688.497	2894.76
689.115	2912.76
689.734	2929.76
690.354	2845.76
690.974	2908.76
691.594	2894.76
692.211	2844.76
692.831	2848.76
693.45	2901.76
694.07	2921.76
694.687	2868.76
695.307	2908.76
695.926	2927.76
696.546	2917.76
697.163	2805.76
697.782	2929.76
698.401	2856.76
699.019	2833.76
699.638	2816.76
700.257	2860.76
700.874	2824.76
701.493	2886.76
702.112	2855.76
702.729	2759.76
703.348	2772.76
703.967	2852.76
704.583	2860.76
705.202	2894.76
705.819	2836.76
706.438	2884.76
707.054	2840.76
707.673	2829.76
708.291	2858.76
708.908	2796.76
709.526	2864.76
710.143	2766.76
710.761	2866.76
711.377	2785.76
711.996	2760.76
712.612	2842.76
713.23	2780.76
713.846	2672.76
714.462	2694.76
715.081	2735.76
715.697	2622.76
716.315	2659.76
716.931	2698.76
717.549	2678.76
718.164	2754.76
718.78	2674.76
719.398	2771.76
720.014	2731.76
720.629	2786.76
721.247	2704.76
721.863	2751.76
722.478	2780.76
723.096	2743.76
723.711	2770.76
724.327	2762.76
724.944	2707.76
725.56	2760.76
726.175	2702.76
726.792	2707.76
727.408	2659.76
728.023	2687.76
728.638	2732.76
729.255	2740.76
729.87	2714.76
730.485	2775.76
731.1	2700.76
731.715	2668.76
732.332	2644.76
732.947	2683.76
733.562	2758.76
734.177	2756.76
734.791	2644.76
735.406	2732.76
736.021	2644.76
736.637	2652.76
737.252	2678.76
737.867	2634.76
738.481	2692.76
739.096	2659.76
739.71	2625.76
740.324	2636.76
740.939	2611.76
741.553	2521.76
742.167	2458.76
742.781	2622.28
743.396	2607.35
744.01	2606.13
744.624	2585.67
745.238	2583.88
745.852	2582.36
746.466	2595.44
747.08	2605.44
747.694	2602.54
748.307	2501.76
748.921	2493.76
749.535	2537.76
750.149	2590.76
750.762	2549.76
751.376	2617.76
751.99	2644.76
752.603	2637.76
753.215	2613.76
753.828	2493.76
754.441	2512.76
755.055	2609.76
755.668	2522.76
756.282	2605.76
756.893	2625.76
757.506	2560.76
758.119	2587.76
758.732	2522.76
759.345	2507.76
759.956	2606.76
760.569	2522.76
761.182	2538.76
761.795	2585.76
762.406	2556.76
763.019	2541.76
763.632	2559.76
764.243	2564.76
764.855	2538.76
765.468	2474.76
766.081	2549.76
766.691	2524.76
767.304	2520.76
767.916	2542.76
768.527	2431.76
769.139	2513.76
769.75	2489.76
770.362	2483.76
770.974	2500.76
771.584	2552.76
772.197	2542.76
772.807	2552.76
773.419	2519.76
774.031	2469.76
774.641	2558.76
775.253	2423.76
775.863	2566.76
776.475	2459.76
777.085	2497.76
777.697	2518.76
778.307	2388.76
778.919	2441.76
779.528	2389.76
780.14	2448.76
780.75	2424.76
781.359	2498.76
781.971	2516.76
782.58	2416.76
783.192	2446.76
783.801	2388.76
784.413	2468.76
785.022	2401.76
785.631	2445.76
786.243	2423.76
786.852	2386.76
787.461	2418.76
788.072	2383.76
788.681	2446.76
789.29	2402.76
789.901	2355.76
790.51	2393.76
791.119	2353.76
791.73	2346.76
792.339	2428.76
792.948	2424.76
793.557	2370.76
794.167	2394.76
794.776	2323.76
795.385	2372.76
795.993	2353.76
796.604	2408.76
797.213	2246.76
797.821	2376.76
798.429	2349.76
799.038	2389.76
799.646	2384.76
800.257	2400.76
800.865	2370.76
801.473	2436.76
802.081	2367.76
802.69	2460.76
803.298	2334.76
803.906	2324.76
804.514	2367.76
805.124	2336.76
805.732	2304.76
806.34	2316.76
806.948	2290.76
807.555	2355.76
808.163	2286.76
808.771	2348.76
809.379	2301.76
809.986	2300.76
810.594	2334.76
811.202	2380.76
811.809	2357.76
812.417	2388.76
813.024	2314.76
813.632	2295.76
814.239	2256.76
814.846	2310.76
815.454	2277.76
816.059	2327.76
816.666	2366.76
817.273	2349.76
817.881	2387.76
818.488	2256.76
819.095	2329.76
819.702	2312.76
820.309	2358.76
820.914	2354.76
821.521	2286.76
822.128	2295.76
822.734	2335.76
823.341	2364.76
823.946	2251.76
824.553	2323.76
825.159	2344.76
825.766	2306.76
826.37	2214.76
826.977	2355.76
827.583	2347.76
828.19	2360.76
828.794	2441.76
829.401	2348.76
830.007	2405.76
830.611	2322.76
831.218	2316.76
831.824	2350.76
832.428	2308.76
833.034	2374.76
833.64	2457.76
834.244	2369.76
834.85	2380.76
835.456	2432.76
836.06	2404.76
836.666	2396.76
837.27	2382.76
837.876	2394.76
838.482	2446.76
839.085	2326.76
839.691	2436.76
840.295	2454.76
840.9	2429.76
841.504	2444.76
842.109	2534.76
842.713	2443.76
843.318	2558.76
843.922	2498.76
844.527	2452.76
845.13	2515.76
845.736	2514.76
846.339	2497.76
846.942	2523.76
847.547	2402.76
848.15	2465.76
848.756	2479.76
849.359	2544.76
849.962	2563.76
850.567	2548.76
851.17	2544.76
851.774	2518.76
852.377	2424.76
852.98	2534.76
853.585	2576.76
854.188	2613.76
854.79	2609.76
855.395	2597.76
855.998	2549.76
856.6	2641.76
857.203	2598.76
857.807	2598.76
858.41	2602.76
859.012	2622.76
859.614	2670.76
860.219	2573.76
860.821	2720.76
861.423	2636.76
862.025	2660.76
862.628	2722.76
863.232	2695.76
863.834	2811.76
864.436	2767.76
865.038	2604.76
865.64	2703.76
866.242	2755.76
866.844	2686.76
867.447	2727.76
868.049	2728.76
868.651	2759.76
869.253	2764.76
869.854	2828.76
870.456	2856.76
871.058	2810.76
871.659	2837.76
872.261	2864.76
872.862	2815.76
873.464	2845.76
874.065	2887.76
874.666	2894.76
875.268	2919.76
875.869	2911.76
876.47	2945.76
877.071	2901.76
877.673	2911.76
878.274	2914.76
878.875	2992.76
879.476	2916.76
880.077	2917.76
880.676	2888.76
881.277	2948.76
881.878	2946.76
882.479	2979.76
883.079	3005.76
883.68	2980.76
884.281	3007.76
884.882	3052.76
885.48	2962.76
886.081	3093.76
886.681	3016.76
887.282	3016.76
887.882	2935.76
888.481	2997.76
889.081	2966.76
889.682	3095.76
890.282	3035.76
890.88	3105.76
891.48	3091.76
892.081	3062.76
892.679	3082.76
893.279	3161.76
893.879	3045.76
894.479	3141.76
895.077	3094.76
895.677	3101.76
896.277	3142.76
896.875	3174.76
897.475	3138.76
898.073	3138.76
898.672	3186.76
899.272	3167.76
899.87	3177.76
900.469	3177.76
901.067	3141.76
901.667	3169.76
902.266	3219.76
902.864	3216.76
903.463	3119.76
904.06	3190.76
904.66	3142.76
905.257	3341.76
905.857	3273.76
906.454	3244.76
907.053	3345.76
907.65	3240.76
908.249	3313.76
908.846	3278.76
909.443	3202.76
910.043	3309.76
910.639	3185.76
911.238	3252.76
911.835	3230.76
912.432	3290.76
913.031	3316.76
913.628	3318.76
914.227	3325.76
914.823	3182.76
915.42	3314.76
916.019	3292.76
916.615	3333.76
917.212	3426.76
917.81	3336.76
918.407	3334.76
919.003	3289.76
919.599	3324.76
920.198	3322.76
920.794	3329.76
921.39	3449.76
921.987	3399.76
922.585	3414.76
923.181	3360.76
923.777	3447.76
924.373	3431.76
924.969	3414.76
925.567	3410.76
926.163	3412.76
926.759	3410.76
927.355	3493.76
927.951	3412.76
928.547	3422.76
929.144	3468.76
929.74	3368.76
930.336	3515.76
930.931	3326.76
931.527	3456.76
932.123	3385.76
932.718	3395.76
933.314	3498.76
933.909	3494.76
934.504	3411.76
935.1	3510.76
935.695	3500.76
936.29	3373.76
936.886	3376.76
937.481	3540.76
938.076	3536.76
938.671	3493.76
939.266	3476.76
939.861	3462.76
940.456	3400.76
941.051	3405.76
941.646	3452.76
942.241	3485.76
942.836	3517.76
943.431	3546.76
944.024	3531.76
944.618	3562.76
945.213	3497.76
945.808	3483.76
946.402	3472.76
946.997	3501.76
947.592	3574.76
948.184	3486.76
948.778	3517.76
949.373	3518.76
949.967	3512.76
950.562	3457.76
951.154	3456.76
951.748	3599.76
952.342	3575.76
952.937	3589.76
953.529	3543.76
954.123	3579.76
954.717	3434.76
955.309	3478.76
955.903	3448.76
956.497	3595.76
957.089	3554.76
957.683	3512.76
958.277	3506.76
958.868	3526.76
959.462	3522.76
960.056	3544.76
960.648	3482.76
961.241	3544.76
961.833	3575.76
962.427	3652.76
963.02	3529.76
963.612	3458.76
964.205	3595.76
964.796	3619.76
965.39	3493.76
965.981	3549.76
966.574	3500.76
967.166	3590.76
967.759	3534.76
968.35	3510.76
968.943	3587.76
969.534	3496.76
970.128	3578.76
970.718	3539.76
971.309	3626.76
971.902	3528.76
972.493	3527.76
973.086	3605.76
973.677	3576.76
974.268	3596.76
974.861	3585.76
975.451	3553.76
976.044	3439.76
976.635	3510.76
977.225	3493.76
977.818	3540.76
978.408	3501.76
978.999	3533.76
979.591	3603.76
980.182	3608.76
980.772	3564.76
981.362	3542.76
981.955	3576.76
982.545	3594.76
983.135	3564.76
983.725	3491.76
984.318	3507.76
984.908	3457.76
985.498	3565.76
986.088	3487.76
986.678	3532.76
987.268	3496.76
987.86	3504.76
988.449	3526.76
989.039	3514.76
989.629	3526.76
990.219	3493.76
990.808	3528.76
991.398	3474.76
991.988	3444.76
992.579	3581.76
993.169	3437.76
993.759	3472.76
994.348	3593.76
994.938	3465.76
995.527	3607.76
996.116	3312.76
996.706	3400.76
997.295	3426.76
997.884	3268.76
998.473	3474.76
999.063	3521.76
999.652	3467.76
1000.24	3471.76
1000.83	3404.76
1001.42	3389.76
1002.01	3425.76
1002.59	3373.76
1003.18	3392.76
1003.77	3455.76
1004.36	3526.76
1004.95	3376.76
1005.54	3430.76
1006.13	3396.76
1006.72	3404.76
1007.3	3378.76
1007.89	3392.76
1008.48	3403.76
1009.07	3452.76
1009.66	3390.76
1010.24	3421.76
1010.83	3340.76
1011.42	3346.76
1012.01	3383.76
1012.6	3376.76
1013.18	3375.76
1013.77	3326.76
1014.36	3422.76
1014.95	3242.76
1015.53	3363.76
1016.12	3329.76
1016.71	3347.76
1017.3	3303.76
1017.88	3314.76
1018.47	3374.76
1019.06	3354.76
1019.65	3274.76
1020.23	3334.76
1020.82	3187.76
1021.4	3244.76
1021.99	3214.76
1022.58	3239.76
1023.17	3244.76
1023.75	3207.76
1024.34	3225.76
1024.93	3211.76
1025.51	3249.44
1026.1	3194.91
1026.68	3170.1
1027.27	3257.22
1027.86	3195.58
1028.44	3188.62
1029.03	3169.43
1029.62	3152.35
1030.2	3106.51
1030.79	3022.37
1031.37	3120.98
1031.96	3062.19
1032.55	3027.17
1033.13	3120.15
1033.72	3090.64
1034.3	3087.01
1034.89	2979.31
1035.47	2996.04
1036.06	3066.04
1036.65	3098.97
1037.23	3061.84
1037.82	3125.32
1038.4	3016.06
1038.99	2988.28
1039.57	3100.62
1040.16	3019.96
1040.74	2931.55
1041.33	3014.82
1041.91	2964.28
1042.5	3019.73
1043.08	2933.77
1043.67	2896.14
1044.25	2937.21
1044.83	2844.2
1045.42	2883.78
1046.01	2840.13
1046.59	2776.8
1047.17	2844.16
1047.76	2744.3
1048.34	2890.74
1048.93	2833.99
1049.51	2810.92
1050.1	2877.2
1050.68	2800.39
1051.26	2819.1
1051.85	2796.91
1052.43	2742.32
1053.01	2725.77
1053.6	2717.33
1054.18	2692.49
1054.76	2809.97
1055.35	2730.93
1055.93	2755.05
1056.52	2705.89
1057.1	2697.15
1057.68	2765.87
1058.27	2643.94
1058.85	2705.26
1059.43	2634.39
1060.02	2688.08
1060.6	2605.21
1061.18	2595.81
1061.76	2582.58
1062.35	2544
1062.93	2639.76
1063.51	2566.47
1064.09	2591.93
1064.68	2575.98
1065.26	2596.55
1065.84	2621.38
1066.43	2570.2
1067.01	2565.81
1067.59	2483.83
1068.17	2530.72
1068.76	2470.96
1069.34	2514.3
1069.92	2467.71
1070.5	2530.63
1071.08	2432.68
1071.67	2513.74
1072.25	2422.32
1072.83	2458
1073.41	2394.32
1073.99	2434.92
1074.58	2436.09
1075.16	2376.33
1075.74	2431.27
1076.32	2405.69
1076.9	2321.92
1077.48	2440.7
1078.06	2333.69
1078.64	2352.6
1079.23	2372.45
1079.81	2353.7
1080.39	2281.89
1080.97	2252.11
1081.55	2322.45
1082.13	2317.6
1082.71	2299.69
1083.29	2269.61
1083.87	2271.19
1084.45	2253.16
1085.03	2220.03
1085.62	2264.18
1086.2	2217.43
1086.78	2203.76
1087.36	2223.21
1087.94	2213.07
1088.52	2174.91
1089.1	2173.58
1089.68	2193.45
1090.26	2165.06
1090.84	2163.88
1091.42	2162.11
1092	2177.43
1092.58	2169.72
1093.16	2066.48
1093.74	2098.55
1094.32	2135.79
1094.9	2076.85
1095.48	2062.34
1096.06	2024.32
1096.64	2080.84
1097.22	2056.75
1097.79	2023.81
1098.37	2009.24
1098.95	2053.27
1099.53	2021.73
1100.11	1983.75
1100.69	1960.66
1101.27	1991.74
1101.85	1962.68
1102.43	2002.05
1103.01	1912.9
1103.58	1943.34
1104.16	1974.73
1104.74	1991.77
1105.32	1871.08
1105.9	1865.17
1106.48	1934.79
1107.06	1921.65
1107.64	1939.19
1108.21	1902.32
1108.79	1899.12
1109.37	1864.48
1109.95	1900.87
1110.53	1845.82
1111.1	1837.6
1111.68	1828.12
1112.26	1813.34
1112.84	1817.15
1113.42	1783.97
1113.99	1766.53
1114.57	1778.98
1115.15	1768.43
1115.73	1754.52
1116.3	1779.91
1116.88	1850.52
1117.46	1785.77
1118.04	1746.42
1118.61	1791.8
1119.19	1750.46
1119.77	1755.34
1120.35	1711.61
1120.92	1756.61
1121.5	1712.08
1122.08	1734
1122.65	1659.78
1123.23	1558.43
1123.81	1711.23
1124.39	1706.56
1124.96	1701.02
1125.54	1681.23
1126.11	1675.98
1126.69	1666.07
1127.27	1665.61
1127.85	1324.79
1128.42	1372.09
1129	1433.63
1129.57	1515.77
1130.15	1601.22
1130.72	1638.42
1131.3	1663.82
1131.88	1629.35
1132.45	1651.44
1133.03	1648.86
1133.61	1656.1
1134.18	1597.61
1134.76	1640.89
1135.33	1616.85
1135.91	1625.73
1136.48	1577.51
1137.06	1596.65
1137.63	1632.3
1138.21	1585.14
1138.78	1602.22
1139.36	1538.01
1139.93	1551.81
1140.51	1606.96
1141.09	1603.29
1141.66	1592.35
1142.23	1570.22
1142.81	1536.35
1143.38	1560.5
1143.96	1566.84
1144.53	1568.88
1145.11	1541.33
1145.68	1530.89
1146.26	1570.35
1146.83	1515.92
1147.41	1532.85
1147.98	1586.95
1148.56	1538.95
1149.13	1489.73
1149.71	1501.85
1150.28	1529.16
1150.85	1514.45
1151.43	1489.09
1152	1525.8
1152.58	1529.87
1153.15	1480.06
1153.72	1479.27
1154.3	1459.09
1154.87	1461.93
1155.45	1473.05
1156.02	1478.55
1156.59	1455.45
1157.17	1459.35
1157.74	1447.7
1158.31	1413.38
1158.89	1423.56
1159.46	1463.97
1160.03	1507.83
1160.61	1428.29
1161.18	1427.73
1161.75	1414.33
1162.32	1455.99
1162.9	1449.74
1163.47	1454.97
1164.04	1469.4
1164.62	1471.11
1165.19	1421.72
1165.76	1421.56
1166.33	1434.84
1166.91	1411.74
1167.48	1457.74
1168.05	1416.63
1168.62	1439.8
1169.2	1468.12
1169.77	1426.93
1170.34	1357.52
1170.91	1326.42
1171.48	1373.53
1172.06	1326.77
1172.18	1388.77
1172.76	1296.77
1173.34	1374.77
1173.92	1357.77
1174.5	1329.77
1175.08	1363.77
1175.66	1396.77
1176.24	1397.77
1176.82	1352.77
1177.4	1396.77
1177.98	1370.77
1178.56	1388.77
1179.14	1412.77
1179.72	1396.77
1180.3	1420.77
1180.88	1314.77
1181.46	1358.77
1182.04	1339.77
1182.62	1380.77
1183.2	1321.77
1183.78	1337.77
1184.36	1330.77
1184.94	1301.77
1185.52	1341.77
1186.09	1333.77
1186.67	1319.77
1187.25	1313.77
1187.83	1306.77
1188.41	1347.77
1188.99	1233.77
1189.57	1327.77
1190.15	1326.77
1190.73	1351.77
1191.3	1317.77
1191.88	1349.77
1192.46	1357.77
1193.04	1298.77
1193.62	1326.77
1194.2	1263.77
1194.78	1259.77
1195.35	1273.77
1195.93	1241.77
1196.51	1239.77
1197.09	1172.77
1197.67	1291.38
1198.24	1291.48
1198.82	1276.52
1199.4	1276.47
1199.98	1275.1
1200.56	1273.24
1201.13	1272.86
1201.71	1284.29
1202.29	1282.62
1202.87	1221.77
1203.45	1243.77
1204.02	1238.77
1204.6	1276.77
1205.18	1239.77
1205.75	1352.77
1206.33	1303.77
1206.91	1252.77
1207.49	1253.77
1208.06	1306.77
1208.64	1269.77
1209.22	1270.77
1209.79	1288.77
1210.37	1235.77
1210.95	1297.77
1211.52	1274.77
1212.1	1236.77
1212.68	1266.77
1213.25	1259.77
1213.83	1282.77
1214.41	1267.77
1214.98	1218.77
1215.56	1295.77
1216.14	1312.77
1216.71	1285.77
1217.29	1271.77
1217.86	1205.77
1218.44	1226.77
1219.02	1234.77
1219.59	1258.77
1220.17	1224.77
1220.74	1227.77
1221.32	1242.77
1221.9	1232.77
1222.47	1252.77
1223.05	1211.77
1223.62	1217.77
1224.2	1267.77
1224.77	1247.77
1225.35	1246.77
1225.92	1236.77
1226.5	1251.77
1227.08	1268.77
1227.65	1210.77
1228.23	1281.77
1228.8	1254.77
1229.38	1263.77
1229.95	1203.77
1230.53	1263.77
1231.1	1203.77
1231.67	1250.77
1232.25	1184.77
1232.83	1185.77
1233.4	1261.77
1233.97	1252.77
1234.55	1232.77
1235.12	1275.77
1235.7	1243.77
1236.27	1226.77
1236.85	1208.77
1237.42	1258.77
1237.99	1213.77
1238.57	1260.77
1239.14	1209.77
1239.72	1225.77
1240.29	1229.77
1240.86	1209.77
1241.44	1211.77
1242.01	1184.77
1242.59	1230.77
1243.16	1241.77
1243.73	1214.77
1244.31	1239.77
1244.88	1213.77
1245.45	1211.77
1246.03	1156.77
1246.6	1234.77
1247.17	1197.77
1247.75	1150.77
1248.32	1209.77
1248.89	1210.77
1249.47	1175.77
1250.04	1223.77
1250.61	1228.77
1251.18	1161.77
1251.76	1251.77
1252.33	1240.77
1252.9	1204.77
1253.48	1211.77
1254.05	1228.77
1254.62	1279.77
1255.19	1195.77
1255.77	1217.77
1256.34	1197.77
1256.91	1213.77
1257.48	1203.77
1258.06	1197.77
1258.63	1256.77
1259.2	1221.77
1259.77	1208.77
1260.34	1237.77
1260.92	1204.77
1261.49	1205.77
1262.06	1230.77
1262.63	1238.77
1263.2	1234.77
1263.78	1234.77
1264.35	1231.77
1264.92	1193.77
1265.49	1218.77
1266.06	1249.77
1266.63	1235.77
1267.2	1187.77
1267.78	1245.77
1268.35	1260.77
1268.92	1180.77
1269.49	1232.77
1270.06	1179.77
1270.63	1197.77
1271.2	1228.77
1271.77	1262.77
1272.34	1234.77
1272.92	1188.77
1273.49	1252.77
1274.06	1189.77
1274.63	1200.77
1275.2	1178.77
1275.77	1206.77
1276.34	1167.77
1276.91	1202.77
1277.48	1225.77
1278.05	1245.77
1278.62	1175.77
1279.19	1215.77
1279.76	1205.77
1280.33	1205.77
1280.9	1210.77
1281.47	1195.77
1282.04	1209.77
1282.61	1126.77
1283.18	1211.77
1283.75	1183.77
1284.32	1171.77
1284.89	1163.77
1285.46	1193.77
1286.03	1156.77
1286.6	1194.77
1287.17	1231.77
1287.74	1213.77
1288.31	1225.77
1288.88	1115.77
1289.45	1142.77
1290.01	1206.77
1290.58	1188.77
1291.15	1251.77
1291.72	1179.77
1292.29	1174.77
1292.86	1176.77
1293.43	1231.77
1294	1193.77
1294.57	1195.77
1295.13	1167.77
1295.7	1210.77
1296.27	1180.77
1296.84	1230.77
1297.41	1250.77
1297.98	1155.77
1298.55	1191.77
1299.11	1172.77
1299.68	1210.77
1300.25	1246.77
1300.82	1183.77
1301.39	1194.77
1301.95	1172.77
1302.52	1163.77
1303.09	1153.77
1303.66	1217.77
1304.23	1143.77
1304.79	1207.77
1305.36	1178.77
1305.93	1242.77
1306.5	1203.77
1307.06	1172.77
1307.63	1220.77
1308.2	1187.77
1308.77	1180.77
1309.33	1213.77
1309.9	1221.77
1310.47	1204.77
1311.04	1238.77
1311.6	1135.77
1312.17	1171.77
1312.74	1177.77
1313.3	1178.77
1313.87	1226.77
1314.44	1178.77
1315	1161.77
1315.57	1180.77
1316.14	1144.77
1316.7	1199.77
1317.27	1148.77
1317.84	1156.77
1318.4	1199.77
1318.97	1193.77
1319.54	1188.77
1320.1	1213.77
1320.67	1180.77
1321.23	1250.77
1321.8	1198.77
1322.37	1174.77
1322.93	1192.77
1323.5	1223.77
1324.06	1186.77
1324.63	1261.77
1325.2	1213.77
1325.76	1188.77
1326.33	1208.77
1326.89	1149.77
1327.46	1176.77
1328.02	1195.77
1328.59	1198.77
1329.15	1139.77
1329.72	1147.77
1330.29	1208.77
1330.85	1208.77
1331.42	1206.77
1331.98	1189.77
1332.55	1205.77
1333.11	1191.77
1333.68	1178.77
1334.24	1164.77
1334.81	1182.77
1335.37	1212.77
1335.93	1178.77
1336.5	1206.77
1337.06	1130.77
1337.63	1209.77
1338.19	1194.77
1338.76	1187.77
1339.32	1154.77
1339.89	1129.77
1340.45	1223.77
1341.02	1198.77
1341.58	1161.77
1342.14	1205.77
1342.71	1156.77
1343.27	1176.77
1343.84	1124.77
1344.4	1179.77
1344.96	1180.77
1345.53	1178.77
1346.09	1190.77
1346.65	1186.77
1347.22	1259.77
1347.78	1129.77
1348.35	1154.77
1348.91	1170.77
1349.47	1207.77
1350.04	1245.77
1350.6	1172.77
1351.16	1198.77
1351.73	1169.77
1352.29	1209.77
1352.85	1188.77
1353.41	1182.77
1353.98	1169.77
1354.54	1149.77
1355.1	1159.77
1355.67	1177.77
1356.23	1249.77
1356.79	1203.77
1357.35	1185.77
1357.92	1218.77
1358.48	1216.77
1359.04	1154.77
1359.6	1163.77
1360.17	1100.77
1360.73	1186.77
1361.29	1166.77
1361.85	1211.77
1362.42	1191.77
1362.98	1153.77
1363.54	1188.77
1364.1	1174.77
1364.66	1239.77
1365.23	1170.77
1365.79	1184.77
1366.35	1167.77
1366.91	1164.77
1367.47	1156.77
1368.03	1193.77
1368.6	1164.77
1369.16	1167.77
1369.72	1205.77
1370.28	1194.77
1370.84	1192.77
1371.4	1172.77
1371.96	1197.77
1372.53	1191.77
1373.09	1188.77
1373.65	1124.77
1374.21	1133.77
1374.77	1134.77
1375.33	1163.77
1375.89	1197.77
1376.45	1171.77
1377.01	1235.77
1377.57	1190.77
1378.13	1180.77
1378.69	1180.77
1379.26	1149.77
1379.82	1193.77
1380.38	1149.77
1380.94	1183.77
1381.5	1196.77
1382.06	1224.77
1382.62	1179.77
1383.18	1155.77
1383.74	1170.77
1384.3	1215.77
1384.86	1119.77
1385.42	1177.77
1385.98	1133.77
1386.54	1166.77
1387.1	1194.77
1387.66	1185.77
1388.22	1207.77
1388.78	1185.77
1389.34	1211.77
1389.89	1204.77
1390.45	1249.77
1391.01	1166.77
1391.57	1172.77
1392.13	1204.77
1392.69	1161.77
1393.25	1147.77
1393.81	1195.77
1394.37	1150.77
1394.93	1197.77
1395.49	1167.77
1396.05	1167.77
1396.6	1219.77
1397.16	1188.77
1397.72	1159.77
1398.28	1179.77
1398.84	1142.77
1399.4	1168.77
1399.96	1151.77
1400.52	1194.77
1401.07	1148.77
1401.63	1207.77
1402.19	1191.77
1402.75	1207.77
1403.31	1201.77
1403.86	1224.77
1404.42	1158.77
1404.98	1155.77
1405.54	1231.77
1406.1	1186.77
1406.66	1184.77
1407.21	1192.77
1407.77	1191.77
1408.33	1166.77
1408.88	1158.77
1409.44	1133.77
1410	1196.77
1410.56	1160.77
1411.12	1151.77
1411.67	1193.77
1412.23	1192.77
1412.79	1205.77
1413.34	1188.77
1413.9	1140.77
1414.46	1151.77
1415.02	1062.77
1415.57	1164.77
1416.13	1151.77
1416.69	1193.77
1417.24	1183.77
1417.8	1167.77
1418.36	1169.77
1418.91	1180.77
1419.47	1131.77
1420.03	1149.77
1420.58	1203.77
1421.14	1198.77
1421.7	1196.77
1422.25	1237.77
1422.81	1174.77
1423.37	1241.77
1423.92	1179.77
1424.48	1204.77
1425.03	1206.77
1425.59	1171.77
1426.15	1189.77
1426.7	1245.77
1427.26	1204.77
1427.81	1199.77
1428.37	1231.77
1428.93	1159.77
1429.48	1156.77
1430.04	1192.77
1430.59	1193.77
1431.15	1180.77
1431.7	1140.77
1432.26	1139.77
1432.81	1237.77
1433.37	1169.77
1433.92	1159.77
1434.48	1239.77
1435.03	1131.77
1435.59	1231.77
1436.14	1164.77
1436.7	1224.77
1437.25	1147.77
1437.81	1119.77
1438.36	1156.77
1438.92	1193.77
1439.47	1174.77
1440.03	1166.77
1440.58	1174.77
1441.14	1171.77
1441.69	1194.77
1442.25	1169.77
1442.8	1147.77
1443.35	1200.77
1443.91	1196.77
1444.46	1196.77
1445.02	1188.77
1445.57	1207.77
1446.13	1201.77
1446.68	1177.77
1447.23	1154.77
1447.79	1180.77
1448.34	1176.77
1448.89	1217.77
1449.45	1160.77
1450	1174.77
1450.55	1214.77
1451.11	1196.77
1451.66	1216.77
1452.22	1197.77
1452.77	1135.77
1453.32	1179.77
1453.88	1162.77
1454.43	1155.77
1454.98	1195.77
1455.54	1151.77
1456.09	1244.77
1456.64	1166.77
1457.19	1185.77
1457.75	1205.77
1458.3	1251.77
1458.85	1216.77
1459.41	1191.77
1459.96	1164.77
1460.51	1180.77
1461.06	1195.77
1461.62	1116.77
1462.17	1134.77
1462.72	1176.77
1463.27	1188.77
1463.83	1151.77
1464.38	1156.77
1464.93	1188.77
1465.48	1211.77
1466.03	1204.77
1466.59	1203.77
1467.14	1194.77
1467.69	1204.77
1468.24	1182.77
1468.79	1191.77
1469.34	1160.77
1469.9	1205.77
1470.45	1226.77
1471	1188.77
1471.55	1190.77
1472.1	1163.77
1472.66	1190.77
1473.21	1179.77
1473.76	1186.77
1474.31	1175.77
1474.86	1201.77
1475.41	1132.77
1475.96	1162.77
1476.52	1179.77
1477.07	1193.77
1477.62	1152.77
1478.17	1220.77
1478.72	1159.77
1479.27	1136.77
1479.82	1178.77
1480.37	1186.77
1480.92	1201.77
1481.47	1151.77
1482.02	1197.77
1482.57	1208.77
1483.12	1127.77
1483.67	1133.77
1484.22	1129.77
1484.77	1175.77
1485.32	1124.77
1485.87	1175.77
1486.42	1172.77
1486.98	1235.77
1487.52	1185.77
1488.07	1188.77
1488.62	1225.77
1489.18	1160.77
1489.72	1158.77
1490.27	1151.77
1490.82	1183.77
1491.37	1187.77
1491.92	1158.77
1492.47	1148.77
1493.02	1194.77
1493.57	1190.77
1494.12	1172.77
1494.67	1192.77
1495.22	1134.77
1495.77	1206.77
1496.32	1201.77
1496.87	1163.77
1497.42	1209.77
1497.97	1175.77
1498.51	1213.77
1499.06	1140.77
1499.61	1161.77
1500.16	1149.77
2600.02	1139.73
2600.5	1192.73
2600.97	1190.73
2601.44	1226.73
2601.92	1197.73
2602.39	1186.73
2602.87	1184.73
2603.34	1221.73
2603.82	1181.73
2604.29	1174.73
2604.76	1163.73
2605.24	1184.73
2605.71	1240.73
2606.19	1183.73
2606.66	1204.73
2607.13	1122.73
2607.61	1155.73
2608.08	1157.73
2608.55	1137.73
2609.03	1180.73
2609.5	1167.73
2609.97	1154.73
2610.45	1172.73
2610.92	1198.73
2611.39	1187.73
2611.87	1226.73
2612.34	1222.73
2612.81	1218.73
2613.29	1118.73
2613.76	1125.73
2614.23	1149.73
2614.7	1161.73
2615.18	1140.73
2615.65	1178.73
2616.12	1187.73
2616.6	1138.73
2617.07	1091.73
2617.54	1168.73
2618.01	1131.73
2618.49	1194.73
2618.96	1114.73
2619.43	1157.73
2619.91	1200.73
2620.38	1161.73
2620.85	1135.73
2621.32	1168.73
2621.8	1221.73
2622.27	1140.73
2622.74	1169.73
2623.21	1118.73
2623.68	1160.73
2624.16	1211.73
2624.63	1195.73
2625.1	1197.73
2625.57	1182.73
2626.04	1162.73
2626.52	1191.73
2626.99	1141.73
2627.46	1167.73
2627.93	1151.73
2628.4	1169.73
2628.88	1194.73
2629.35	1198.73
2629.82	1206.73
2630.29	1206.73
2630.76	1163.73
2631.23	1153.73
2631.71	1157.73
2632.18	1125.73
2632.65	1184.73
2633.12	1192.73
2633.59	1134.73
2634.06	1133.73
2634.53	1187.73
2635	1166.73
2635.48	1186.73
2635.95	1192.73
2636.42	1136.73
2636.89	1206.73
2637.36	1157.73
2637.83	1156.73
2638.3	1181.73
2638.77	1201.73
2639.24	1136.73
2639.71	1215.73
2640.18	1127.73
2640.65	1197.73
2641.13	1120.73
2641.6	1120.73
2642.07	1196.73
2642.54	1163.73
2643.01	1201.73
2643.48	1133.73
2643.95	1184.73
2644.42	1193.73
2644.89	1211.73
2645.36	1193.73
2645.83	1224.73
2646.3	1139.73
2646.77	1130.73
2647.24	1133.73
2647.71	1153.73
2648.18	1198.73
2648.65	1163.73
2649.12	1151.73
2649.59	1160.73
2650.06	1160.73
2650.53	1146.73
2651	1121.73
2651.47	1117.73
2651.94	1109.73
2652.41	1095.73
2652.88	1137.73
2653.35	1144.73
2653.81	1164.73
2654.28	1155.73
2654.75	1166.73
2655.22	1146.73
2655.69	1161.73
2656.16	1129.73
2656.63	1127.73
2657.1	1144.15
2657.57	1144.28
2658.04	1144.51
2658.51	1138.94
2658.97	1123.41
2659.44	1123.5
2659.91	1123.28
2660.38	1123.12
2660.85	1138.82
2661.32	1144.69
2661.79	999.729
2662.26	1076.73
2662.73	1115.73
2663.19	1171.73
2663.66	1150.73
2664.13	1167.73
2664.6	1110.73
2665.07	1131.73
2665.54	1157.73
2666	1090.73
2666.47	1161.73
2666.94	1089.73
2667.41	1136.73
2667.88	1208.73
2668.35	1163.73
2668.81	1179.73
2669.28	1160.73
2669.75	1118.73
2670.22	1116.73
2670.69	1171.73
2671.15	1191.73
2671.62	1114.73
2672.09	1165.73
2672.56	1180.73
2673.02	1126.73
2673.49	1109.73
2673.96	1115.73
2674.43	1134.73
2674.89	1147.73
2675.36	1145.73
2675.83	1170.73
2676.3	1164.73
2676.76	1117.73
2677.23	1157.73
2677.7	1152.73
2678.16	1093.73
2678.63	1133.73
2679.1	1122.73
2679.57	1112.73
2680.03	1172.73
2680.5	1171.73
2680.97	1190.73
2681.43	1185.73
2681.9	1171.73
2682.37	1187.73
2682.84	1154.73
2683.3	1176.73
2683.77	1162.73
2684.23	1080.73
2684.7	1174.73
2685.17	1155.73
2685.63	1148.73
2686.1	1159.73
2686.57	1157.73
2687.03	1160.73
2687.5	1194.73
2687.97	1173.73
2688.43	1191.73
2688.9	1161.73
2689.36	1181.73
2689.83	1126.73
2690.3	1196.73
2690.76	1183.73
2691.23	1195.73
2691.69	1176.73
2692.16	1170.73
2692.63	1133.73
2693.09	1133.73
2693.56	1133.73
2694.02	1114.73
2694.49	1070.73
2694.96	1123.73
2695.42	1073.73
2695.89	1120.73
2696.35	1110.73
2696.82	1092.73
2697.28	1110.73
2697.75	1110.73
2698.21	1073.73
2698.68	1150.73
2699.14	1159.73
2699.61	1154.73
2700.07	1171.73
2700.54	1157.73
2701	1112.73
2701.47	1175.73
2701.93	1160.73
2702.4	1196.73
2702.86	1132.73
2703.33	1088.73
2703.79	1146.73
2704.26	1159.73
2704.72	1147.73
2705.19	1128.73
2705.65	1152.73
2706.12	1151.73
2706.58	1166.73
2707.05	1179.73
2707.51	1208.73
2707.98	1178.73
2708.44	1182.73
2708.9	1116.73
2709.37	1180.73
2709.83	1185.73
2710.3	1168.73
2710.76	1182.73
2711.23	1176.73
2711.69	1142.73
2712.15	1185.73
2712.62	1164.73
2713.08	1176.73
2713.55	1149.73
2714.01	1193.73
2714.47	1176.73
2714.94	1176.73
2715.4	1153.73
2715.86	1108.73
2716.33	1013.73
2716.79	989.729
2717.25	982.729
2717.72	1140.86
2718.18	1130.27
2718.65	1130.57
2719.11	1131.48
2719.57	1130.91
2720.04	1141.12
2720.5	1141.64
2720.96	1023.73
2721.42	1079.73
2721.89	1091.73
2722.35	1185.73
2722.81	1132.73
2723.28	1140.73
2723.74	1171.73
2724.2	1128.73
2724.67	1137.73
2725.13	1113.73
2725.59	1161.73
2726.06	1126.73
2726.52	1089.73
2726.98	1146.73
2727.44	1169.73
2727.91	1175.73
2728.37	1214.73
2728.83	1161.73
2729.29	1173.73
2729.76	1160.73
2730.22	1138.73
2730.68	1115.73
2731.14	1139.73
2731.6	1118.73
2732.07	1176.73
2732.53	1137.73
2732.99	1158.73
2733.45	1166.73
2733.92	1160.73
2734.38	1162.73
2734.84	1199.73
2735.3	1178.73
2735.76	1178.73
2736.22	1139.73
2736.69	1124.73
2737.15	1179.73
2737.61	1136.73
2738.07	1171.73
2738.53	1137.73
2739	1126.73
2739.46	1167.73
2739.92	1159.73
2740.38	1184.73
2740.84	1086.73
2741.3	1191.73
2741.76	1170.73
2742.23	1170.73
2742.69	1149.73
2743.15	1171.73
2743.61	1148.73
2744.07	1189.73
2744.53	1180.73
2744.99	1186.73
2745.45	1150.73
2745.91	1139.73
2746.37	1169.73
2746.83	1202.73
2747.3	1154.73
2747.76	1196.73
2748.22	1156.73
2748.68	1165.73
2749.14	1156.73
2749.6	1139.73
2750.06	1122.73
2750.52	1155.73
2750.98	1174.73
2751.44	1185.73
2751.9	1201.73
2752.36	1108.73
2752.82	1172.73
2753.28	1149.73
2753.74	1078.73
2754.2	1171.73
2754.66	1131.73
2755.12	1128.73
2755.58	1172.73
2756.04	1127.73
2756.5	1109.73
2756.96	1145.73
2757.42	1143.73
2757.88	1178.73
2758.34	1149.73
2758.8	1161.73
2759.26	1144.73
2759.72	1159.73
2760.18	1180.73
2760.64	1149.73
2761.1	1178.73
2761.56	1166.73
2762.02	1144.73
2762.48	1149.73
2762.94	1190.73
2763.4	1106.73
2763.86	1170.73
2764.32	1143.73
2764.78	1192.73
2765.23	1178.73
2765.69	1102.73
2766.15	1144.73
2766.61	1143.73
2767.07	1133.73
2767.53	1122.73
2767.99	1095.73
2768.45	1137.73
2768.91	1165.73
2769.36	1160.73
2769.82	1209.73
2770.28	1195.73
2770.74	1146.73
2771.2	1159.73
2771.66	1162.73
2772.12	1135.73
2772.57	1200.73
2773.03	1090.73
2773.49	1153.73
2773.95	1148.73
2774.41	1101.73
2774.87	1190.73
2775.32	1168.73
2775.78	1166.73
2776.24	1142.73
2776.7	1130.73
2777.16	1132.73
2777.62	1146.73
2778.07	1153.73
2778.53	1115.73
2778.99	1118.73
2779.45	1191.73
2779.91	1165.73
2780.36	1122.73
2780.82	1140.73
2781.28	1165.73
2781.74	1146.73
2782.19	1158.73
2782.65	1142.73
2783.11	1153.73
2783.57	1152.73
2784.02	1120.73
2784.48	1139.73
2784.94	1145.73
2785.39	1158.73
2785.85	1123.73
2786.31	1178.73
2786.77	1146.73
2787.22	1122.73
2787.68	1146.73
2788.14	1078.73
2788.6	1143.73
2789.05	1086.73
2789.51	1125.73
2789.97	1143.73
2790.42	1220.73
2790.88	1126.73
2791.34	1144.73
2791.79	1159.73
2792.25	1058.73
2792.71	1135.73
2793.16	1184.73
2793.62	1102.73
2794.07	1130.73
2794.53	1159.73
2794.99	1136.73
2795.44	1181.73
2795.9	1148.73
2796.36	1126.73
2796.81	1159.73
2797.27	1117.73
2797.73	1137.73
2798.18	1200.73
2798.64	1136.73
2799.09	1136.73
2799.55	1095.73
2800.01	1208.73
2800.46	1184.73
2800.92	1151.73
2801.37	1171.73
2801.83	1181.73
2802.29	1131.73
2802.74	1115.73
2803.2	1244.73
2803.65	1207.73
2804.11	1129.73
2804.56	1124.73
2805.02	1150.73
2805.47	1113.73
2805.93	1126.73
2806.38	1136.73
2806.84	1135.73
2807.3	1170.73
2807.75	1172.73
2808.21	1159.73
2808.66	1129.73
2809.12	1128.73
2809.57	1162.73
2810.03	1135.73
2810.48	1151.73
2810.93	1150.73
2811.39	1137.73
2811.85	1131.73
2812.3	1172.73
2812.75	1110.73
2813.21	1108.73
2813.66	1154.73
2814.12	1161.73
2814.57	1179.73
2815.03	1093.73
2815.48	1143.73
2815.94	1159.73
2816.39	1161.73
2816.84	1116.73
2817.3	1136.73
2817.75	1181.73
2818.21	1176.73
2818.66	1145.73
2819.12	1208.73
2819.57	1161.73
2820.02	1169.73
2820.48	1133.73
2820.93	1164.73
2821.39	1093.73
2821.84	1135.73
2822.29	1165.73
2822.75	1185.73
2823.2	1138.73
2823.66	1146.73
2824.11	1163.73
2824.56	1137.73
2825.02	1121.73
2825.47	1124.73
2825.92	1135.73
2826.38	1150.73
2826.83	1180.73
2827.28	1191.73
2827.74	1102.73
2828.19	1170.73
2828.64	1156.73
2829.1	1112.73
2829.55	1124.73
2830	1106.73
2830.46	1159.73
2830.91	1102.73
2831.36	1100.73
2831.82	1157.73
2832.27	1130.73
2832.72	1139.73
2833.17	1123.73
2833.63	1127.73
2834.08	1127.73
2834.53	1082.73
2834.99	1096.73
2835.44	1146.73
2835.89	1156.73
2836.34	1139.73
2836.8	1163.73
2837.25	1142.73
2837.7	1155.73
2838.15	1167.73
2838.61	1147.73
2839.06	1146.73
2839.51	1173.73
2839.96	1120.73
2840.41	1146.73
2840.87	1142.73
2841.32	1153.73
2841.77	1163.73
2842.22	1123.73
2842.68	1159.73
2843.13	1153.73
2843.58	1161.73
2844.03	1120.73
2844.48	1127.73
2844.93	1124.73
2845.39	1093.73
2845.84	1130.73
2846.29	1129.73
2846.74	1141.73
2847.19	1145.73
2847.64	1147.73
2848.1	1110.73
2848.55	1138.73
2849	1151.73
2849.45	1118.73
2849.9	1121.73
2850.35	1146.73
2850.8	1135.73
2851.25	1186.73
2851.71	1190.73
2852.16	1154.73
2852.61	1186.73
2853.06	1130.73
2853.51	1122.73
2853.96	1121.73
2854.41	1137.73
2854.86	1107.73
2855.31	1144.73
2855.76	1131.73
2856.21	1159.73
2856.66	1203.73
2857.12	1106.73
2857.57	1107.73
2858.02	1178.73
2858.47	1141.73
2858.92	1160.73
2859.37	1157.73
2859.82	1200.73
2860.27	1143.73
2860.72	1171.73
2861.17	1142.73
2861.62	1171.73
2862.07	1122.73
2862.52	1115.73
2862.97	1097.73
2863.42	1112.73
2863.87	1117.73
2864.32	1129.73
2864.77	1149.73
2865.22	1139.73
2865.67	1118.73
2866.12	1123.73
2866.57	1110.73
2867.02	1105.73
2867.47	1155.73
2867.92	1125.73
2868.37	1042.73
2868.82	1115.73
2869.27	1170.73
2869.72	1161.73
2870.17	1131.73
2870.61	1104.73
2871.06	1155.73
2871.51	1148.73
2871.96	1166.73
2872.41	1121.73
2872.86	1126.73
2873.31	1131.73
2873.76	1110.73
2874.21	1167.73
2874.66	1119.73
2875.11	1137.73
2875.55	1168.73
2876	1155.73
2876.45	1139.73
2876.9	1135.73
2877.35	1078.73
2877.8	1154.73
2878.25	1107.73
2878.7	1121.73
2879.14	1112.73
2879.59	1142.73
2880.04	1113.73
2880.49	1114.73
2880.94	1177.73
2881.39	1120.73
2881.84	1106.73
2882.28	1102.73
2882.73	1162.73
2883.18	1146.73
2883.63	1161.73
2884.08	1136.73
2884.52	1129.73
2884.97	1121.73
2885.42	1129.73
2885.87	1121.73
2886.32	1184.73
2886.76	1144.73
2887.21	1134.73
2887.66	1117.73
2888.11	1109.73
2888.55	1084.73
2889	1107.73
2889.45	1119.73
2889.9	1200.73
2890.35	1143.73
2890.79	1137.73
2891.24	1134.73
2891.69	1148.73
2892.13	1152.73
2892.58	1129.73
2893.03	1105.73
2893.48	1192.73
2893.92	1154.73
2894.37	1129.73
2894.82	1124.73
2895.26	1089.73
2895.71	1124.73
2896.16	1150.73
2896.61	1123.73
2897.05	1193.73
2897.5	1135.73
2897.95	1139.73
2898.39	1191.73
2898.84	1160.73
2899.29	1184.73
2899.73	1163.73
2900.18	1102.73
2900.63	1089.73
2901.07	1100.73
2901.52	1157.73
2901.97	1129.73
2902.41	1133.73
2902.86	1146.73
2903.31	1082.73
2903.75	1095.73
2904.2	1120.73
2904.64	1089.73
2905.09	1138.73
2905.54	1120.73
2905.98	1160.73
2906.43	1045.73
2906.87	1113.73
2907.32	1133.73
2907.77	1112.73
2908.21	1144.73
2908.66	1088.73
2909.1	1145.73
2909.55	1090.73
2909.99	1096.73
2910.44	1169.73
2910.89	1153.73
2911.33	1144.73
2911.78	1143.73
2912.22	1190.73
2912.67	1144.73
2913.11	1131.73
2913.56	1133.73
2914	1125.73
2914.45	1107.73
2914.9	1093.73
2915.34	1144.73
2915.78	1153.73
2916.23	1140.73
2916.68	1083.73
2917.12	1173.73
2917.57	1207.73
2918.01	1045.73
2918.45	1127.73
2918.9	1088.73
2919.35	1109.73
2919.79	1154.73
2920.23	1145.73
2920.68	1154.73
2921.12	1127.73
2921.57	1148.73
2922.01	1126.73
2922.46	1091.73
2922.9	1122.73
2923.35	1138.73
2923.79	1153.73
2924.24	1121.73
2924.68	1137.73
2925.12	1108.73
2925.57	1141.73
2926.01	1149.73
2926.46	1161.73
2926.9	1067.73
2927.34	1130.73
2927.79	1109.73
2928.23	1112.73
2928.68	1108.73
2929.12	1104.73
2929.56	1089.73
2930.01	1070.73
2930.45	1129.73
2930.89	1138.73
2931.34	1106.73
2931.78	1143.73
2932.23	1072.73
2932.67	1139.73
2933.11	1110.73
2933.56	1073.73
2934	1099.73
2934.44	1088.73
2934.89	1153.73
2935.33	1115.73
2935.77	1112.73
2936.22	1142.73
2936.66	1156.73
2937.1	1110.73
2937.55	1129.73
2937.99	1121.73
2938.43	1146.73
2938.88	1148.73
2939.32	1099.73
2939.76	1130.73
2940.2	1118.73
2940.65	1155.73
2941.09	1150.73
2941.53	1145.73
2941.97	1112.73
2942.42	1095.73
2942.86	1139.73
2943.3	1112.73
2943.75	1102.73
2944.19	1130.73
2944.63	1133.73
2945.07	1070.73
2945.52	1097.73
2945.96	1043.73
2946.4	1030.73
2946.84	1088.73
2947.28	1096.73
2947.73	1075.73
2948.17	1110.73
2948.61	1125.73
2949.05	1131.73
2949.49	1081.73
2949.94	1120.73
2950.38	1191.73
2950.82	1152.73
2951.26	1131.73
2951.7	1123.73
2952.15	1120.73
2952.59	1126.73
2953.03	1110.73
2953.47	1146.73
2953.91	1131.73
2954.35	1159.73
2954.8	1074.73
2955.24	1100.73
2955.68	1129.73
2956.12	1129.73
2956.56	1151.73
2957	1139.73
2957.44	1109.73
2957.88	1086.73
2958.33	1088.73
2958.77	1102.73
2959.21	1121.73
2959.65	1115.73
2960.09	1096.73
2960.53	1126.73
2960.97	1131.73
2961.41	1081.73
2961.85	1118.73
2962.29	1139.73
2962.74	1109.73
2963.18	1149.73
2963.62	1114.73
2964.06	1130.73
2964.5	1114.73
2964.94	1111.73
2965.38	1141.73
2965.82	1107.73
2966.26	1102.73
2966.7	1135.73
2967.14	1134.73
2967.58	1129.73
2968.02	1124.73
2968.46	1154.6
2968.9	1110.54
2969.34	1149.43
2969.78	1141.62
2970.22	1159.94
2970.66	1145.43
2971.1	1134.88
2971.54	1107.41
2971.98	1058.73
2972.42	1084.41
2972.86	1117.38
2973.3	1128.32
2973.74	1086.5
2974.18	1066.83
2974.62	1090.52
2975.06	1153.27
2975.5	1122.83
2975.94	1142.9
2976.38	1091.57
2976.82	1072.67
2977.26	1151.79
2977.7	1085.38
2978.14	1132.64
2978.57	1132.16
2979.01	1114.66
2979.45	1133.83
2979.89	1065.16
2980.33	1094.3
2980.77	1104.96
2981.21	1114.62
2981.65	1159.19
2982.09	1124.75
2982.53	1093.03
2982.97	1111.09
2983.4	1117.92
2983.84	1116.93
2984.28	1094.26
2984.72	1130.45
2985.16	1111.14
2985.6	1099.45
2986.04	1100.27
2986.47	1112.63
2986.91	1121.51
2987.35	1146.83
2987.79	1110.14
2988.23	1119.67
2988.67	1111.72
2989.1	1113.42
2989.54	1086.37
2989.98	1131.32
2990.42	1089.8
2990.86	1099.87
2991.3	1118.76
2991.73	1100.11
2992.17	1093.49
2992.61	1111.24
2993.05	1110.84
2993.49	1111.13
2993.92	1066.16
2994.36	1100.85
2994.8	1083.39
2995.24	1125.27
2995.67	1099.78
2996.11	1102.29
2996.55	1094.23
2996.99	1111.26
2997.42	1083.06
2997.86	1081.8
2998.3	1088.09
2998.74	1091.42
2999.17	1109.59
2999.61	1093.39
3000.05	1097.4
3000.49	1117.53
3000.92	1153.53
3001.36	1143.05
3001.8	1073.95
3002.23	1106.71
3002.67	1126.61
3003.11	1085.76
3003.55	1108.81
3003.98	1082.26
3004.42	1042.77
3004.86	1072.57
3005.29	1100.8
3005.73	1092.38
3006.17	1103.51
3006.6	1097.88
3007.04	1113.86
3007.47	1131.64
3007.91	1093.32
3008.35	1120.21
3008.78	1102.19
3009.22	1095.7
3009.66	1082.1
3010.09	1136.03
3010.53	1120.95
3010.97	1126.32
3011.4	1109.6
3011.84	1098.54
3012.27	1085.46
3012.71	1112.33
3013.15	1118.71
3013.58	1093.44
3014.02	1087.43
3014.45	1116.62
3014.89	1063.43
3015.33	1148.28
3015.76	1098.51
3016.2	1058.14
3016.63	1092
3017.07	1102.42
3017.5	1096.69
3017.94	1079.99
3018.38	1087.43
3018.81	1091.72
3019.25	1086.06
3019.68	1116.11
3020.12	1073.47
3020.55	1140.44
3020.99	1102.91
3021.42	1073.34
3021.86	1117.83
3022.29	1119.34
3022.73	1066.49
3023.16	1118.28
3023.6	1131.95
3024.03	1075.32
3024.47	1072.87
3024.9	1100.27
3025.34	1087.26
3025.77	1104.34
3026.21	1106.02
3026.64	1091.57
3027.08	1032.43
3027.51	1059.43
3027.95	1079.38
3028.38	1080.33
3028.82	1110.45
3029.25	1105.2
3029.68	1106.72
3030.12	1113.66
3030.55	1121.99
3030.99	1122.63
3031.42	1113.16
3031.86	1134.61
3032.29	1135.54
3032.72	1070.41
3033.16	1121.61
3033.59	1086.05
3034.03	1104.28
3034.46	1124.56
3034.9	1081.93
3035.33	1050.69
3035.76	1041.99
3036.2	1091.58
3036.63	1050.53
3037.06	1055.78
3037.5	1060.38
3037.93	1077.91
3038.36	1103.17
3038.8	1107.82
3039.23	1130.38
3039.67	1114.55
3040.1	1129.78
3040.53	1142.71
3040.97	1056.19
3041.4	1070.27
3041.83	1002.27
3042.28	986.271
3042.72	1089.14
3043.16	1076.07
3043.6	1066.1
3044.04	1067.12
3044.48	1083.59
3044.92	1083.63
3045.37	1074.23
3045.81	1076.89
3046.25	1090.33
3046.69	956.271
3047.13	1012.27
3047.57	1090.27
3048.01	1074.27
3048.45	1142.27
3048.89	1087.27
3049.33	1067.27
3049.77	1066.27
3050.22	1059.27
3050.66	1014.27
3051.1	1086.27
3051.54	1095.27
3051.98	1109.27
3052.42	1139.27
3052.86	1082.27
3053.3	1110.27
3053.74	1084.27
3054.18	1095.27
3054.62	1107.27
3055.06	1138.27
3055.5	1141.27
3055.94	1110.27
3056.38	1155.27
3056.82	1068.27
3057.26	1098.27
3057.7	1093.27
3058.14	1165.27
3058.58	1100.27
3059.02	1089.27
3059.46	1103.27
3059.9	1030.27
3060.34	1081.27
3060.78	1086.27
3061.22	1062.27
3061.66	1059.27
3062.1	1183.27
3062.54	1137.27
3062.98	1052.27
3063.42	1124.27
3063.86	1087.27
3064.3	1144.27
3064.74	1081.27
3065.18	1087.27
3065.62	1122.27
3066.06	1057.27
3066.5	1043.27
3066.94	1123.27
3067.38	1063.27
3067.81	1083.27
3068.25	1095.27
3068.69	1139.27
3069.13	1114.27
3069.57	1068.27
3070.01	1103.27
3070.45	1134.27
3070.89	1106.27
3071.33	1092.27
3071.77	1127.27
3072.21	1096.27
3072.64	1130.27
3073.08	1108.27
3073.52	1097.27
3073.96	1050.27
3074.4	1087.27
3074.84	1090.27
3075.28	1107.27
3075.71	1082.27
3076.15	1098.27
3076.59	1136.27
3077.03	1086.27
3077.47	1057.27
3077.9	1019.27
3078.34	1049.27
3078.78	1025.27
3079.22	1008.27
3079.66	1037.27
3080.1	1073.27
3080.53	1058.27
3080.97	1107.27
3081.41	1083.27
3081.85	1077.27
3082.29	1096.27
3082.72	1121.27
3083.16	1122.27
3083.6	1112.27
3084.04	1114.27
3084.48	1122.27
3084.91	1072.27
3085.35	1087.27
3085.79	1072.27
3086.22	1074.27
3086.66	1035.27
3087.1	1070.27
3087.54	1014.27
3087.97	1068.27
3088.41	1037.27
3088.85	1079.27
3089.29	1089.27
3089.72	1094.27
3090.16	1095.27
3090.6	1082.27
3091.04	1154.27
3091.47	1110.27
3091.91	1092.27
3092.35	1098.27
3092.78	1090.27
3093.22	1092.27
3093.66	1105.27
3094.09	1105.27
3094.53	1049.27
3094.97	1098.27
3095.4	1125.27
3095.84	1089.27
3096.28	1101.27
3096.71	1087.27
3097.15	1082.27
3097.59	1102.27
3098.02	1079.68
3098.46	1079.75
3098.9	1066.99
3099.33	1066.33
3099.77	1066.18
3100.2	1063.64
3100.64	1065.93
3101.08	1065.67
3101.51	1065.88
3101.95	1078.42
3102.39	1078.25
3102.82	1013.27
3103.26	1075.27
3103.69	1038.27
3104.13	1084.27
3104.56	1095.27
3105	1053.27
3105.44	1108.27
3105.87	1106.27
3106.31	1059.27
3106.74	1087.27
3107.18	1043.27
3107.61	1112.27
3108.05	1052.27
3108.49	1128.27
3108.92	1071.27
3109.36	1076.27
3109.79	1082.27
3110.23	1103.27
3110.66	1098.27
3111.1	1108.27
3111.53	1077.27
3111.97	1085.27
3112.4	1027.27
3112.84	1104.27
3113.27	1067.27
3113.71	1042.27
3114.14	1103.27
3114.58	1072.27
3115.01	1083.27
3115.45	1053.27
3115.88	1095.27
3116.32	1083.27
3116.75	1132.27
3117.19	1076.27
3117.62	1047.27
3118.06	1064.27
3118.49	1084.27
3118.93	1145.27
3119.36	1093.27
3119.79	1076.27
3120.23	1105.27
3120.66	1111.27
3121.1	1066.27
3121.53	1108.27
3121.96	1102.27
3122.4	1082.27
3122.83	1117.27
3123.27	1055.27
3123.7	1114.27
3124.14	1093.27
3124.57	1105.27
3125	1099.27
3125.44	1063.27
3125.87	1034.27
3126.31	1092.27
3126.74	1033.27
3127.17	1087.27
3127.61	1124.27
3128.04	1084.27
3128.47	1158.27
3128.91	1043.27
3129.34	1120.27
3129.78	1123.27
3130.21	1026.27
3130.64	1147.27
3131.07	1109.27
3131.51	1070.27
3131.94	1113.27
3132.38	1111.27
3132.81	1111.27
3133.24	1128.27
3133.68	1092.27
3134.11	1066.27
3134.54	1068.27
3134.97	1090.27
3135.41	1020.27
3135.84	1060.27
3136.27	1053.27
3136.71	1111.27
3137.14	1060.27
3137.57	1093.27
3138	1079.27
3138.44	1099.27
3138.87	1055.27
3139.3	1134.27
3139.74	1028.27
3140.17	1095.27
3140.6	1106.27
3141.03	1051.27
3141.47	1047.27
3141.9	1111.27
3142.33	1093.27
3142.76	1047.27
3143.2	1095.27
3143.63	1077.27
3144.06	1092.27
3144.49	1113.27
3144.92	1091.27
3145.36	1107.27
3145.79	1038.27
3146.22	1076.27
3146.65	1093.27
3147.08	1091.27
3147.51	1075.27
3147.95	1094.27
3148.38	1090.27
3148.81	1069.27
3149.24	1095.27
3149.67	1090.27
3150.11	1107.27
3150.54	1052.27
3150.97	1002.27
3151.4	1132.27
3151.83	1075.27
3152.26	1103.27
3152.69	1119.27
3153.13	1076.27
3153.56	1065.27
3153.99	1083.27
3154.42	1044.27
3154.85	1101.27
3155.28	1019.27
3155.71	1069.27
3156.15	1121.27
3156.58	1143.27
3157.01	1042.27
3157.44	1109.27
3157.87	1041.27
3158.3	1093.27
3158.73	1107.27
3159.16	1037.27
3159.59	1090.27
3160.02	1095.27
3160.45	1126.27
3160.89	1066.27
3161.32	1106.27
3161.75	1069.27
3162.18	1064.27
3162.61	1137.27
3163.04	1128.27
3163.47	1100.27
3163.9	1050.27
3164.33	1087.27
3164.76	1107.27
3165.19	1078.27
3165.62	1103.27
3166.05	1078.27
3166.48	1117.27
3166.91	1082.27
3167.34	1105.27
3167.77	1097.27
3168.2	1096.27
3168.63	1067.27
3169.06	1047.27
3169.49	1084.27
3169.92	1047.27
3170.35	1098.27
3170.78	1087.27
3171.21	1110.27
3171.64	1061.27
3172.07	1068.27
3172.5	1089.27
3172.93	1093.27
3173.36	1020.27
3173.79	1108.27
3174.22	1092.27
3174.65	1110.27
3175.08	1071.27
3175.5	1098.27
3175.93	1071.27
3176.36	1112.27
3176.79	1082.27
3177.22	1095.27
3177.65	1136.27
3178.08	1087.27
3178.51	1118.27
3178.94	1042.27
3179.37	1074.27
3179.8	1128.27
3180.22	1070.27
3180.65	1136.27
3181.08	1102.27
3181.51	1079.27
3181.94	1127.27
3182.37	1112.27
3182.8	1090.27
3183.23	1070.27
3183.65	1062.27
3184.08	1073.27
3184.51	1060.27
3184.94	1090.27
3185.37	1123.27
3185.8	1136.27
3186.22	1096.27
3186.65	1060.27
3187.08	1062.27
3187.51	1061.27
3187.94	1095.27
3188.37	1112.27
3188.79	1119.27
3189.22	1044.27
3189.65	1057.27
3190.08	1065.27
3190.51	1054.27
3190.93	1103.27
3191.36	1126.27
3191.79	1052.27
3192.22	1064.27
3192.65	1108.27
3193.07	1072.27
3193.5	1056.27
3193.93	1097.27
3194.36	1055.27
3194.78	1098.27
3195.21	1108.27
3195.64	1079.27
3196.07	1082.27
3196.49	1087.27
3196.92	1093.27
3197.35	1008.27
3197.78	1068.27
3198.2	1105.27
3198.63	1060.27
3199.06	1111.27
3199.48	1108.27
3199.91	1071.27
3200.34	1096.27
3200.77	1122.27
3201.19	1103.27
3201.62	1119.27
3202.05	1012.27
3202.47	1033.27
3202.9	1047.27
3203.33	1108.27
3203.75	1100.27
3204.18	1072.27
3204.61	1049.27
3205.03	1077.27
3205.46	1093.27
3205.89	1035.27
3206.31	1099.27
3206.74	1074.27
3207.17	1093.27
3207.59	1062.27
3208.02	1058.27
3208.45	1072.27
3208.87	1093.27
3209.3	1107.27
3209.72	1125.27
3210.15	1126.27
3210.58	1042.27
3211	1077.27
3211.43	1081.27
3211.85	1117.27
3212.28	1068.27
3212.71	1010.27
3213.13	1047.27
3213.56	1109.27
3213.98	1130.27
3214.41	1087.27
3214.83	1052.27
3215.26	1099.27
3215.69	1072.27
3216.11	1058.27
3216.54	1083.27
3216.96	1099.27
3217.39	1107.27
3217.81	1063.27
3218.24	1082.27
3218.67	1113.27
3219.09	1106.27
3219.52	1055.27
3219.94	1077.27
3220.37	1079.27
3220.79	1140.27
3221.22	1079.27
3221.64	1111.27
3222.07	1061.27
3222.49	1013.27
3222.92	1116.27
3223.34	1050.27
3223.77	1068.27
3224.19	1079.27
3224.62	1102.27
3225.04	1082.27
3225.46	1066.27
3225.89	1038.27
3226.31	1089.27
3226.74	1060.27
3227.16	1051.27
3227.59	1043.27
3228.01	1114.27
3228.44	1031.27
3228.86	1105.27
3229.29	1125.27
3229.71	1083.27
3230.14	1070.27
3230.56	1040.27
3230.98	1011.27
3231.41	1107.27
3231.83	1067.27
3232.26	1093.27
3232.68	1100.27
3233.1	1077.27
3233.53	1084.27
3233.95	1061.27
3234.38	1100.27
3234.8	1068.27
3235.22	1042.27
3235.65	1051.27
3236.07	1079.27
3236.49	1070.27
3236.92	1041.27
3237.34	1120.27
3237.77	1107.27
3238.19	1106.27
3238.61	1018.27
3239.04	1073.27
3239.46	1103.27
3239.88	1054.27
3240.31	1104.27
3240.73	1046.27
3241.15	1055.27
3241.58	1077.27
3242	1038.27
3242.42	1090.27
3242.84	1077.27
3243.27	1099.27
3243.69	1023.27
3244.12	1052.27
3244.54	1034.27
3244.96	1046.27
3245.38	1100.27
3245.81	1019.27
3246.23	1094.27
3246.65	1122.27
3247.07	1051.27
3247.5	1103.27
3247.92	1076.27
3248.34	1030.27
3248.77	1023.27
3249.19	1069.27
3249.61	1081.27
3250.03	1047.27
3250.46	1060.27
3250.88	1098.27
3251.3	1075.27
3251.72	1079.27
3252.15	1092.27
3252.57	1112.27
3252.99	1098.27
3253.41	1082.27
3253.83	1068.27
3254.25	995.271
3254.68	1106.27
3255.1	1076.27
3255.52	1084.27
3255.94	1087.27
3256.37	1084.27
3256.79	1082.27
3257.21	1065.27
3257.63	1049.27
3258.05	1026.27
3258.47	1086.27
3258.9	1077.27
3259.32	1052.27
3259.74	1058.27
3260.16	1112.27
3260.58	1034.27
3261	1068.27
3261.43	1096.27
3261.85	1077.27
3262.27	1079.27
3262.69	1051.27
3263.11	1092.27
3263.53	1105.27
3263.95	1034.27
3264.37	1042.27
3264.79	1099.27
3265.22	1071.27
3265.64	1072.27
3266.06	1083.27
3266.48	1055.27
3266.9	1067.27
3267.32	1097.27
3267.74	1066.27
3268.16	1050.27
3268.58	1040.27
3269	1095.27
3269.42	1094.27
3269.84	1070.27
3270.27	1116.27
3270.69	1074.27
3271.11	1050.27
3271.53	1085.27
3271.95	1051.27
3272.37	993.271
3272.79	1079.27
3273.21	1050.27
3273.63	1052.27
3274.05	1078.27
3274.47	1070.27
3274.89	1032.27
3275.31	1041.27
3275.73	1069.27
3276.15	1082.27
3276.57	1061.27
3276.99	1086.27
3277.41	1045.27
3277.83	1066.27
3278.25	998.271
3278.67	1047.27
3279.09	1044.27
3279.51	1073.27
3279.93	1054.27
3280.35	1060.27
3280.77	1072.27
3281.19	1035.27
3281.61	1047.27
3282.03	1099.27
3282.45	1054.27
3282.86	1084.27
3283.29	1077.27
3283.7	1047.27
3284.12	1079.27
3284.54	1061.27
3284.96	1084.27
3285.38	1041.27
3285.8	1095.27
3286.22	1052.27
3286.64	1059.27
3287.06	1008.27
3287.48	1066.27
3287.9	1067.27
3288.31	1066.27
3288.73	1082.27
3289.15	1009.27
3289.57	1041.27
3289.99	1065.27
3290.41	1049.27
3290.83	1094.27
3291.25	1103.27
3291.66	1053.27
3292.08	1064.27
3292.5	1043.27
3292.92	1052.16
3293.34	1063.46
3293.76	1081.92
3294.18	1061.54
3294.59	1076.76
3295.01	1052.22
3295.43	1069.32
3295.85	1046.81
3296.27	1069.64
3296.68	1064.9
3297.1	1049.02
3297.52	1055.57
3297.94	1092.03
3298.36	1100.96
3298.77	1068.49
3299.19	1076
3299.61	1088.3
3300.03	1078.72
3300.45	1027.8
3300.86	1099
3301.28	1049.15
3301.7	1023.25
3302.12	1052.87
3302.53	1027.39
3302.95	1027.37
3303.37	1061.96
3303.79	1070.36
3304.2	1048.57
3304.62	1036.19
3305.04	1011.43
3305.46	1039.9
3305.87	1066.05
3306.29	1082.91
3306.71	1076.77
3307.12	1042.36
3307.54	1080.28
3307.96	1071.9
3308.38	1068.31
3308.79	1107.41
3309.21	1107.48
3309.63	1064.21
3310.04	1062.93
3310.46	1022.66
3310.88	1065.05
3311.29	1028.91
3311.71	1060.66
3312.13	1057.35
3312.54	1067.33
3312.96	1095.73
3313.38	1022.5
3313.79	999.88
3314.21	1031.41
3314.63	1011.4
3315.04	998.445
3315.46	1037.3
3315.88	1035.04
3316.29	1052.43
3316.71	1040.3
3317.13	1056.98
3317.54	1075.82
3317.96	1084.11
3318.37	1053.43
3318.79	1045.1
3319.21	1059.22
3319.62	1055.41
3320.04	1049.51
3320.45	1034.16
3320.87	1105.45
3321.29	1069.17
3321.7	1045.12
3322.12	1085.06
3322.53	1065.4
3322.95	1060.02
3323.37	1067.7
3323.78	1037.82
3324.2	1076.36
3324.61	1038.68
3325.03	1039.04
3325.44	1040.02
3325.86	1039.21
3326.27	1072.86
3326.69	1120.54
3327.1	1077.49
3327.52	1052.62
3327.94	1020.08
3328.35	1061.99
3328.76	1054.32
3329.18	1083.35
3329.6	1084.51
3330.01	1028.28
3330.43	1107.69
3330.84	1093.41
3331.26	1047.55
3331.67	1075.48
3332.08	1066.44
3332.5	1078.07
3332.92	1062.53
3333.33	1073.49
3333.74	1059.6
3334.16	1075.93
3334.57	1009.37
3334.99	1056.73
3335.4	1042.15
3335.82	1069.27
3336.23	1083.1
3336.65	1055.95
3337.06	1070.31
3337.48	1069.46
3337.89	1027.02
3338.3	1052.29
3338.72	1053.04
3339.13	1063.42
3339.55	1070.61
3339.96	1060.42
3340.37	1057.15
3340.79	1090.1
3341.2	1047.58
3341.62	1044.8
3342.03	1078.83
3342.44	1061.47
3342.86	1014.9
3343.27	1006.84
3343.69	1052.84
3344.1	1072.57
3344.51	1091.75
3344.93	1059.92
3345.34	1075.94
3345.75	1061.69
3346.17	1095.16
3346.58	1086.53
3346.99	1045.52
3347.41	1064.35
3347.82	1067.11
3348.23	1057.61
3348.65	1077.76
3349.06	1062.35
3349.47	1060.93
3349.89	1088.88
3350.3	1058.81
3350.71	1062.23
3351.13	1037.14
3351.54	1053.36
3351.95	1092.62
3352.37	1087.81
3352.78	1063.25
3353.19	1105.72
3353.6	1064.26
3354.02	1087.68
3354.43	1079.26
3354.84	1092.16
3355.26	1114.24
3355.67	1084.66
3356.08	1074.51
3356.49	991.827
3356.91	1026.88
3357.32	1037.07
3357.73	1050.86
3358.14	996.801
3358.56	1062.68
3358.97	1049.38
3359.38	1056.14
3359.79	1090.04
3360.21	1063.15
3360.62	1064.11
3361.03	1064.1
3361.44	1056.95
3361.85	1041.87
3362.27	1017.91
3362.68	1038.88
3363.09	980.822
3363.5	1056.89
3363.91	1057.46
3364.33	1046.15
3364.74	1046.8
3365.15	1047.34
3365.56	1047.39
3365.97	1047.47
3366.38	1058.56
3366.8	1058.2
3367.21	972.665
3367.62	988.903
3368.03	1074.75
3368.44	1013.22
3368.85	1021.12
3369.26	1070.81
3369.68	1083.11
3370.09	1066.72
3370.5	1067.12
3370.91	1079.85
3371.32	1041.49
3371.73	1061.9
3372.14	1103.63
3372.55	1059.84
3372.97	1062.02
3373.38	1109.64
3373.79	1140.24
3374.2	1091.57
3374.61	1104.79
3375.02	1122.74
3375.43	1032.48
3375.84	1057.75
3376.25	1075.2
3376.66	1071.28
3377.07	1049.43
3377.48	1059.14
3377.89	1083.05
3378.31	1077.66
3378.72	1074.17
3379.13	1073
3379.54	1125.27
3379.95	1061.71
3380.36	1076.82
3380.77	1075.72
3381.18	1022.47
3381.59	1035.74
3382	1041.44
3382.41	1075.95
3382.82	1049.45
3383.23	1086.21
3383.64	1094.58
3384.05	1078.29
3384.46	1027.31
3384.87	1015.56
3385.28	1096.65
3385.69	1066.82
3386.1	1045.88
3386.51	1072.44
3386.92	1061.47
3387.33	1035.15
3387.74	1046.96
3388.15	1076.85
3388.56	1069.85
3388.97	1078.84
3389.38	1100.91
3389.78	1090.33
3390.19	1074.32
3390.6	1029.92
3391.01	1071.09
3391.42	1079.44
3391.83	1072.81
3392.24	1115.6
3392.65	1088.09
3393.06	1090.18
3393.47	1096.41
3393.88	1100.82
3394.29	1093.86
3394.7	1070.22
3395.11	1111.71
3395.51	1044.69
3395.92	1006.16
3396.33	991.633
3396.74	1036.75
3397.15	966.036
3397.56	1014.09
3397.97	993.297
3398.38	1014.8
3398.78	1007.27
3399.19	1083.97
3399.6	1093.24
3400.01	1076.85
3400.42	1086.67
3400.83	1092.45
3401.23	1098.87
3401.64	1082.86
3402.05	1096.75
3402.46	1074.07
3402.87	1099.72
3403.28	1099.71
3403.68	1067.47
3404.09	1007.25
3404.49	989.251
3404.91	1002.25
3405.32	1039.25
3405.74	1083.25
3406.15	1105.25
3406.57	1117.25
3406.98	1053.25
3407.4	1079.25
3407.81	1090.25
3408.23	1090.25
3408.64	1108.25
3409.06	1037.25
3409.47	1135.25
3409.89	1114.25
3410.3	1106.25
3410.72	1083.25
3411.13	1090.25
3411.55	1128.25
3411.96	1064.25
3412.37	1060.25
3412.79	1117.25
3413.2	1083.25
3413.62	1101.25
3414.03	1071.25
3414.45	1077.25
3414.86	1040.25
3415.28	1003.25
3415.69	952.251
3416.1	936.251
3416.52	1066.53
3416.93	1066.82
3417.35	1057.9
3417.76	1058.08
3418.17	1058.34
3418.59	1058.76
3419	1068.32
3419.42	939.251
3419.83	930.251
3420.24	1025.25
3420.66	1061.25
3421.07	1069.25
3421.49	1049.25
3421.9	1095.25
3422.31	1080.25
3422.73	1114.25
3423.14	1132.25
3423.55	1096.25
3423.97	1080.25
3424.38	1086.25
3424.79	1091.25
3425.21	1087.25
3425.62	1089.25
3426.03	1132.25
3426.45	1089.25
3426.86	1119.25
3427.27	1110.25
3427.69	1088.25
3428.1	1088.25
3428.51	1073.25
3428.93	1053.25
3429.34	1055.25
3429.75	1067.25
3430.16	1080.25
3430.58	1092.25
3430.99	1035.25
3431.4	1075.25
3431.82	1049.25
3432.23	1070.25
3432.64	1018.25
3433.05	1014.25
3433.47	1063.25
3433.88	1101.25
3434.29	1049.25
3434.7	1111.25
3435.12	1079.25
3435.53	1103.25
3435.94	1138.25
3436.35	1107.25
3436.77	1087.25
3437.18	1125.25
3437.59	993.251
3438	1115.25
3438.42	1051.25
3438.83	1052.25
3439.24	1131.25
3439.65	1091.25
3440.06	1095.25
3440.48	1072.25
3440.89	1102.25
3441.3	1074.25
3441.71	1099.25
3442.12	1125.25
3442.53	1072.25
3442.95	1049.25
3443.36	1094.25
3443.77	1072.25
3444.18	1076.25
3444.59	1155.25
3445	1111.25
3445.42	1148.25
3445.83	1123.25
3446.24	1125.25
3446.65	1129.25
3447.06	1078.25
3447.47	1148.25
3447.88	1120.25
3448.3	1111.25
3448.71	1100.25
3449.12	1108.25
3449.53	1070.25
3449.94	1089.25
3450.35	1125.25
3450.76	1109.25
3451.17	1100.25
3451.58	1109.25
3452	1079.25
3452.41	1141.25
3452.82	1096.25
3453.23	1077.25
3453.64	1083.25
3454.05	1125.25
3454.46	1095.25
3454.87	1152.25
3455.28	1087.25
3455.69	1092.25
3456.1	1115.25
3456.51	1093.25
3456.92	1110.25
3457.33	1086.25
3457.74	1094.25
3458.15	1106.25
3458.57	1113.25
3458.98	1093.25
3459.39	1071.25
3459.8	1109.25
3460.21	1105.25
3460.62	1096.25
3461.03	1088.25
3461.44	1098.25
3461.85	1099.25
3462.26	1111.25
3462.67	1072.25
3463.08	1096.25
3463.49	1112.25
3463.9	1097.25
3464.31	1104.25
3464.72	1102.25
3465.13	1123.25
3465.53	1123.25
3465.95	1080.25
3466.35	1083.25
3466.76	1120.25
3467.17	1146.25
3467.58	1106.25
3467.99	1169.25
3468.4	1166.25
3468.81	1136.25
3469.22	1088.25
3469.63	1118.25
3470.04	1132.25
3470.45	1100.25
3470.86	1136.25
3471.27	1090.25
3471.68	1119.25
3472.09	1141.25
3472.49	1120.25
3472.9	1107.25
3473.31	1184.25
3473.72	1188.25
3474.13	1133.25
3474.54	1056.25
3474.95	1122.25
3475.36	1144.25
3475.77	1143.25
3476.17	1083.25
3476.58	1122.25
3476.99	1096.25
3477.4	1061.25
3477.81	1113.25
3478.22	1115.25
3478.63	1144.25
3479.03	1120.25
3479.44	1166.25
3479.85	1097.25
3480.26	1038.25
3480.67	1136.25
3481.08	1154.25
3481.48	1089.25
3481.89	1086.25
3482.3	1150.25
3482.71	1211.25
3483.12	1157.25
3483.53	1108.25
3483.93	1072.25
3484.34	1097.25
3484.75	1121.25
3485.16	1129.25
3485.56	1083.25
3485.97	1152.25
3486.38	1142.25
3486.79	1139.25
3487.2	1177.25
3487.6	1121.25
3488.01	1177.25
3488.42	1097.25
3488.83	1157.25
3489.23	1159.25
3489.64	1116.25
3490.05	1102.25
3490.46	1122.25
3490.86	1117.25
3491.27	1144.25
3491.68	1111.25
3492.09	1085.25
3492.49	1126.25
3492.9	1091.25
3493.31	1111.25
3493.71	1134.25
3494.12	1183.25
3494.53	1124.25
3494.94	1136.25
3495.34	1110.25
3495.75	1141.25
3496.16	1171.25
3496.56	1109.25
3496.97	1181.25
3497.38	1133.25
3497.78	1123.25
3498.19	1144.25
3498.6	1133.25
3499	1047.25
3499.41	1183.25
3499.82	1118.25
3500.22	1121.25
3500.63	1166.25
3501.04	1168.25
3501.44	1170.25
3501.85	1160.25
3502.26	1127.25
3502.66	1086.25
3503.07	1191.25
3503.47	1168.25
3503.88	1155.25
3504.29	1116.25
3504.69	1130.25
3505.1	1162.25
3505.51	1091.25
3505.91	1144.25
3506.32	1162.25
3506.72	1177.25
3507.13	1160.25
3507.54	1080.25
3507.94	1153.25
3508.35	1160.25
3508.75	1186.25
3509.16	1160.25
3509.56	1154.25
3509.97	1168.25
3510.37	1221.25
3510.78	1168.25
3511.19	1180.25
3511.59	1192.25
3512	1203.25
3512.4	1159.25
3512.81	1155.25
3513.21	1121.25
3513.62	1146.25
3514.02	1139.25
3514.43	1159.25
3514.83	1160.25
3515.24	1170.25
3515.64	1171.25
3516.05	1171.25
3516.46	1181.25
3516.86	1187.25
3517.26	1158.25
3517.67	1173.25
3518.07	1137.25
3518.48	1171.25
3518.88	1187.25
3519.29	1155.25
3519.69	1142.25
3520.1	1177.25
3520.5	1152.25
3520.91	1160.25
3521.31	1208.25
3521.72	1155.25
3522.12	1200.25
3522.53	1133.25
3522.93	1107.25
3523.33	1183.25
3523.74	1185.25
3524.14	1181.25
3524.55	1181.25
3524.95	1244.25
3525.36	1213.25
3525.76	1134.25
3526.17	1173.25
3526.57	1172.25
3526.97	1144.25
3527.38	1179.25
3527.78	1159.25
3528.19	1192.25
3528.59	1150.25
3528.99	1216.25
3529.4	1138.25
3529.8	1183.25
3530.2	1173.25
3530.61	1150.25
3531.01	1155.25
3531.42	1200.25
3531.82	1136.25
3532.22	1128.25
3532.63	1182.25
3533.03	1195.25
3533.43	1207.25
3533.84	1197.25
3534.24	1219.25
3534.64	1210.25
3535.05	1212.25
3535.45	1195.25
3535.85	1164.25
3536.26	1180.25
3536.66	1160.25
3537.06	1176.25
3537.47	1138.25
3537.87	1235.25
3538.27	1184.25
3538.68	1157.25
3539.08	1103.25
3539.48	1214.25
3539.89	1157.25
3540.29	1168.25
3540.69	1150.25
3541.09	1204.25
3541.5	1177.25
3541.9	1154.25
3542.3	1166.25
3542.7	1190.25
3543.11	1224.25
3543.51	1179.25
3543.91	1213.25
3544.31	1208.25
3544.72	1243.25
3545.12	1192.25
3545.52	1188.25
3545.92	1135.25
3546.33	1224.25
3546.73	1174.25
3547.13	1196.25
3547.53	1209.25
3547.94	1180.25
3548.34	1192.25
3548.74	1220.25
3549.14	1184.25
3549.54	1208.25
3549.95	1230.25
3550.35	1173.25
3550.75	1217.25
3551.15	1163.25
3551.55	1171.25
3551.96	1208.25
3552.36	1189.25
3552.76	1220.25
3553.16	1214.25
3553.56	1184.25
3553.96	1232.25
3554.36	1251.25
3554.77	1226.25
3555.17	1195.25
3555.57	1178.25
3555.97	1187.25
3556.37	1208.25
3556.77	1216.25
3557.17	1196.25
3557.58	1226.25
3557.98	1229.25
3558.38	1191.25
3558.78	1212.25
3559.18	1199.25
3559.58	1231.25
3559.98	1173.25
3560.38	1177.25
3560.79	1165.25
3561.19	1210.25
3561.59	1237.25
3561.99	1249.25
3562.39	1197.25
3562.79	1265.25
3563.19	1225.25
3563.59	1179.25
3563.99	1184.25
3564.39	1178.25
3564.79	1241.25
3565.19	1216.25
3565.59	1133.25
3565.99	1178.25
3566.39	1204.25
3566.8	1181.25
3567.2	1147.25
3567.6	1213.25
3568	1257.25
3568.4	1203.25
3568.8	1226.25
3569.2	1181.25
3569.6	1196.25
3570	1221.25
3570.4	1157.25
3570.8	1200.25
3571.2	1213.25
3571.6	1232.25
3572	1214.25
3572.4	1224.25
3572.8	1205.25
3573.2	1198.25
3573.6	1243.25
3574	1243.25
3574.4	1199.25
3574.8	1223.25
3575.2	1192.25
3575.6	1196.25
3576	1208.25
3576.4	1253.25
3576.79	1232.25
3577.19	1174.25
3577.59	1132.25
3577.99	1180.25
3578.39	1230.25
3578.79	1218.25
3579.19	1208.25
3579.59	1174.25
3579.99	1181.25
3580.39	1215.25
3580.79	1225.25
3581.19	1220.25
3581.59	1148.25
3581.99	1212.25
3582.38	1232.25
3582.78	1249.25
3583.18	1196.25
3583.58	1160.25
3583.98	1168.25
3584.38	1183.25
3584.78	1129.25
3585.18	1211.25
3585.57	1191.25
3585.97	1232.25
3586.37	1198.25
3586.77	1139.25
3587.17	1200.25
3587.57	1227.25
3587.97	1203.25
3588.36	1181.25
3588.76	1175.25
3589.16	1151.25
3589.56	1181.25
3589.96	1194.25
3590.36	1206.25
3590.75	1188.25
3591.15	1197.25
3591.55	1177.25
3591.95	1150.25
3592.35	1127.25
3592.74	1197.25
3593.14	1142.25
3593.54	1175.25
3593.94	1147.25
3594.34	1183.25
3594.73	1216.25
3595.13	1192.25
3595.53	1168.25
3595.93	1198.25
3596.33	1161.25
3596.72	1189.25
3597.12	1139.25
3597.52	1184.25
3597.92	1150.25
3598.31	1163.25
3598.71	1163.25
3599.11	1167.25
3599.51	1173.25
3599.9	1190.25
3600.3	1136.25
3600.7	1177.25
3601.1	1185.25
3601.49	1195.25
3601.89	1191.25
3602.29	1163.25
3602.69	1159.25
3603.08	1127.25
3603.48	1160.25
3603.88	1130.25
3604.27	1134.25
3604.67	1169.25
3605.07	1132.25
3605.46	1179.25
3605.86	1160.25
3606.26	1143.25
3606.65	1144.25
3607.05	1154.25
3607.45	1090.25
3607.84	1175.25
3608.24	1155.25
3608.64	1131.25
3609.03	1154.04
3609.43	1159.39
3609.83	1113.45
3610.22	1100.53
3610.62	1092.57
3611.02	1117.3
3611.41	1036.02
3611.81	1100.68
3612.2	1123.03
3612.6	1153.39
3613	1139.5
3613.39	1157.48
3613.79	1184.15
3614.19	1093.93
3614.58	1123.11
3614.98	1146.43
3615.37	1125.66
3615.77	1094.13
3616.16	1082.95
3616.56	1082.44
3616.96	1103.81
3617.35	1076.57
3617.75	1097.86
3618.14	1147.2
3618.54	1083.35
3618.93	1124.41
3619.33	1076.25
3619.73	1075.68
3620.12	1033.94
3620.52	1062.32
3620.91	1009.04
3621.31	990.635
3621.7	1061.66
3622.1	1075.38
3622.49	1072.02
3622.89	1044.63
3623.28	1069.89
3623.68	1140.57
3624.08	1090.79
3624.47	1098.8
3624.87	1077.46
3625.26	1102.44
3625.66	1078.87
3626.05	1044.77
3626.45	1069.81
3626.84	1042.47
3627.23	1042.59
3627.63	1038.72
3628.02	1019.29
3628.42	1054.08
3628.81	1040.12
3629.21	1017.48
3629.6	1018.65
3630	1080.26
3630.39	1064.45
3630.79	1054.51
3631.18	1076.71
3631.58	1026.59
3631.97	1021.32
3632.37	1042.15
3632.76	1066.31
3633.15	1041.31
3633.55	1031.86
3633.94	1074.12
3634.34	1028.8
3634.73	995.281
3635.13	1005.84
3635.52	1019.4
3635.91	1024.11
3636.31	1032.17
3636.7	986.408
3637.1	1010.9
3637.49	1053.48
3637.88	1027.77
3638.28	1003.2
3638.67	1020.43
3639.06	1021.85
3639.46	997.405
3639.85	1041.83
3640.25	989.233
3640.64	985.705
3641.03	979.619
3641.43	1005.21
3641.82	977.437
3642.21	1002.77
3642.61	997.538
3643	1018.57
3643.39	1006.46
3643.79	1001.35
3644.18	995.037
3644.57	1003.83
3644.97	1003.05
3645.36	1015.37
3645.75	1009.28
3646.15	960.593
3646.54	954.364
3646.93	988.737
3647.33	965.93
3647.72	1011.86
3648.11	1015.47
3648.5	996.92
3648.9	982.957
3649.29	1010.36
3649.68	991.115
3650.08	972.326
3650.47	956.374
3650.86	975.686
3651.25	961.302
3651.65	967.395
3652.04	962.541
3652.43	954.282
3652.82	997.096
3653.22	989.89
3653.61	939.129
3654	968.66
3654.39	973.688
3654.79	958.247
3655.18	963.118
3655.57	974.154
3655.96	939.576
3656.36	946.851
3656.75	938.074
3657.14	918.459
3657.53	960.261
3657.92	961.82
3658.32	965.039
3658.71	928.747
3659.1	942.189
3659.49	923.768
3659.88	961.157
3660.27	947.331
3660.67	953.279
3661.06	918.259
3661.45	929.279
3661.84	930.672
3662.23	894.243
3662.62	935.988
3663.02	929.644
3663.41	919.896
3663.8	915.714
3664.19	943.009
3664.58	929.382
3664.97	917.698
3665.36	911.281
3665.76	896.18
3666.15	914.784
3666.54	902.881
3666.93	932.541
3667.32	923.432
3667.71	930.141
3668.1	911.89
3668.49	929.23
3668.88	896.514
3669.28	899.028
3669.67	854.624
3670.06	882.721
3670.45	906.879
3670.84	885.581
3671.23	835.808
3671.62	906.942
3672.01	882.281
3672.4	922.378
3672.79	913.323
3673.18	941.969
3673.57	915.298
3673.96	926.575
3674.36	859.195
3674.75	871.648
3675.14	870.76
3675.53	810.309
3675.92	892.716
3676.31	892.023
3676.7	885.982
3677.09	878.937
3677.48	878.244
3677.87	877.128
3678.26	882.665
3678.65	881.715
3679.04	885.735
3679.43	827.853
3679.82	824.586
3680.21	884.981
3680.6	837.919
3680.99	885.518
3681.38	889.375
3681.77	864.338
3682.16	848.551
3682.55	868.985
3682.94	881.56
3683.33	872.317
3683.72	872.868
3684.11	874.886
3684.5	845.054
3684.89	891.128
3685.27	884.49
3685.66	895.539
3686.05	877.126
3686.44	902.519
3686.83	881.701
3687.22	874.192
3687.61	852.408
3688	867.54
3688.39	853.978
3688.78	869.943
3689.17	836.452
3689.56	853.229
3689.95	867.061
3690.33	873.622
3690.72	880.533
3691.11	886.734
3691.5	845.546
3691.89	860.235
3692.28	852.465
3692.67	865.563
3693.06	892.312
3693.45	819.43
3693.83	845.256
3694.22	862.535
3694.61	856.977
3695	834.698
3695.39	866.37
3695.78	841.156
3696.17	851.192
3696.55	862.427
3696.94	861.075
3697.33	852.626
3697.72	886.112
3698.11	826.489
3698.5	816.59
3698.88	824.068
3699.27	824.319
3699.66	824.951
3700.05	851.142
3700.44	867.603
3700.82	891.353
3701.21	817.984
3701.6	865.503
3701.99	825.195
3702.38	841.195
3702.76	851.119
3703.15	830.625
3703.54	855.5
3703.93	833.889
3704.32	858.472
3704.7	878.812
3705.09	846.051
3705.48	879.934
3705.87	858.529
3706.25	860.303
3706.52	810.303
3706.92	806.303
3707.31	772.303
3707.71	795.303
3708.1	759.303
3708.5	740.303
3708.89	786.303
3709.29	793.303
3709.68	759.303
3710.07	824.303
3710.47	876.303
3710.86	847.303
3711.26	806.303
3711.65	867.303
3712.05	812.303
3712.44	839.303
3712.83	791.303
3713.23	828.303
3713.62	813.303
3714.02	807.303
3714.41	820.303
3714.8	803.303
3715.2	821.303
3715.59	734.303
3715.99	758.303
3716.38	791.303
3716.77	791.303
3717.17	767.303
3717.56	825.303
3717.95	823.303
3718.35	799.303
3718.74	861.303
3719.14	823.303
3719.53	831.303
3719.92	831.303
3720.32	851.303
3720.71	785.303
3721.1	822.303
3721.5	855.303
3721.89	811.303
3722.28	857.303
3722.68	854.303
3723.07	844.303
3723.46	866.303
3723.85	831.303
3724.25	870.303
3724.64	828.303
3725.03	773.303
3725.43	807.759
3725.82	807.804
3726.21	798.021
3726.61	797.753
3727	797.542
3727.39	796.863
3727.78	796.179
3728.18	795.752
3728.57	805.367
3728.96	804.688
3729.35	803.914
3729.75	758.303
3730.14	799.303
3730.53	814.303
3730.92	775.303
3731.32	769.303
3731.71	816.303
3732.1	841.303
3732.49	793.303
3732.89	820.303
3733.28	800.303
3733.67	762.303
3734.06	844.303
3734.46	781.303
3734.85	833.303
3735.24	812.303
3735.63	757.303
3736.02	783.303
3736.42	808.303
3736.81	793.303
3737.2	791.303
3737.59	803.303
3737.98	804.303
3738.38	832.303
3738.77	810.303
3739.16	810.303
3739.55	780.303
3739.94	789.303
3740.33	798.303
3740.73	810.303
3741.12	755.303
3741.51	790.303
3741.9	793.303
3742.29	814.303
3742.68	758.303
3743.07	828.303
3743.47	792.303
3743.86	850.303
3744.25	798.303
3744.64	777.303
3745.03	783.303
3745.42	816.303
3745.81	814.303
3746.2	831.303
3746.6	800.303
3746.99	830.303
3747.38	844.303
3747.77	802.303
3748.16	793.303
3748.55	769.303
3748.94	799.303
3749.33	786.303
3749.72	778.303
3750.11	807.303
3750.5	776.303
3750.9	768.303
3751.29	815.303
3751.68	771.303
3752.07	803.303
3752.46	798.303
3752.85	812.303
3753.24	774.303
3753.63	794.303
3754.02	754.303
3754.41	808.303
3754.8	797.303
3755.19	802.303
3755.58	790.303
3755.97	789.303
3756.36	819.303
3756.75	811.303
3757.14	757.303
3757.53	783.303
3757.92	766.303
3758.31	750.303
3758.7	813.303
3759.09	729.303
3759.48	787.303
3759.87	787.303
3760.26	758.303
3760.65	751.303
3761.04	803.303
3761.43	778.303
3761.82	783.303
3762.21	793.303
3762.6	768.303
3762.99	790.303
3763.38	834.303
3763.77	804.303
3764.16	814.303
3764.55	776.303
3764.94	795.303
3765.33	764.303
3765.72	809.303
3766.1	822.303
3766.49	751.303
3766.88	786.303
3767.27	801.303
3767.66	771.303
3768.05	770.303
3768.44	765.303
3768.83	788.303
3769.22	782.303
3769.61	757.303
3770	773.303
3770.39	791.303
3770.77	804.303
3771.16	833.303
3771.55	776.303
3771.94	785.303
3772.33	794.303
3772.72	758.303
3773.11	778.303
3773.5	762.303
3773.88	766.303
3774.27	754.303
3774.66	790.303
3775.05	797.303
3775.44	789.303
3775.83	756.303
3776.21	777.303
3776.6	773.303
3776.99	796.303
3777.38	766.303
3777.77	725.303
3778.16	784.303
3778.54	757.303
3778.93	759.303
3779.32	781.303
3779.71	763.303
3780.1	774.303
3780.48	757.303
3780.87	767.303
3781.26	822.303
3781.65	801.303
3782.04	793.303
3782.42	759.303
3782.81	724.303
3783.2	729.303
3783.59	752.303
3783.98	772.303
3784.36	787.303
3784.75	765.303
3785.14	772.303
3785.53	792.303
3785.91	791.303
3786.3	777.303
3786.69	787.303
3787.08	746.303
3787.46	763.303
3787.85	724.303
3788.24	792.303
3788.62	802.303
3789.01	811.303
3789.4	786.303
3789.79	758.303
3790.17	808.303
3790.56	762.303
3790.95	765.303
3791.33	811.303
3791.72	743.303
3792.11	800.303
3792.49	732.303
3792.88	735.303
3793.27	727.303
3793.66	771.303
3794.04	749.303
3794.43	786.303
3794.82	776.303
3795.2	768.303
3795.59	812.303
3795.98	806.303
3796.36	732.303
3796.75	775.303
3797.13	750.303
3797.52	759.303
3797.91	778.303
3798.29	782.303
3798.68	765.303
3799.07	780.303
3799.45	753.303
3799.84	796.303
3800.23	763.303
3800.61	811.303
3801	765.303
3801.38	748.303
3801.77	767.303
3802.16	722.303
3802.54	735.303
3802.93	817.303
3803.31	764.303
3803.7	762.303
3804.09	805.303
3804.47	746.303
3804.86	775.303
3805.24	745.303
3805.63	770.303
3806.02	777.303
3806.4	743.303
3806.79	726.303
3807.17	757.303
3807.56	738.303
3807.94	810.303
3808.33	774.303
3808.71	787.303
3809.1	764.303
3809.49	778.303
3809.87	729.303
3810.26	688.303
3810.64	745.303
3811.03	761.303
3811.41	756.303
3811.8	764.303
3812.18	773.303
3812.57	808.303
3812.95	799.303
3813.34	764.303
3813.72	700.303
3814.11	772.303
3814.49	758.303
3814.88	750.303
3815.26	765.303
3815.65	750.303
3816.03	735.303
3816.42	743.303
3816.8	767.303
3817.18	722.303
3817.57	775.303
3817.95	801.303
3818.34	812.303
3818.72	769.303
3819.11	765.303
3819.49	770.303
3819.88	779.303
3820.26	715.303
3820.65	749.303
3821.03	777.303
3821.41	716.303
3821.8	756.303
3822.18	745.303
3822.57	759.303
3822.95	779.303
3823.33	775.303
3823.72	790.303
3824.1	708.303
3824.49	749.303
3824.87	774.303
3825.26	735.303
3825.64	716.303
3826.02	749.303
3826.41	766.303
3826.79	736.303
3827.18	756.303
3827.56	769.303
3827.94	726.303
3828.33	790.303
3828.71	713.303
3829.09	754.303
3829.48	822.303
3829.86	755.303
3830.24	729.303
3830.63	759.303
3831.01	745.303
3831.39	749.303
3831.78	728.303
3832.16	770.303
3832.54	743.303
3832.93	761.303
3833.31	770.303
3833.69	733.303
3834.08	787.303
3834.46	696.303
3834.84	709.303
3835.23	745.303
3835.61	768.303
3835.99	713.303
3836.38	767.303
3836.76	745.303
3837.14	749.303
3837.52	767.303
3837.91	750.303
3838.29	718.303
3838.67	762.303
3839.05	695.303
3839.44	764.303
3839.82	733.303
3840.2	752.303
3840.58	759.303
3840.97	749.303
3841.35	738.303
3841.73	735.303
3842.11	742.303
3842.5	770.303
3842.88	754.303
3843.26	712.303
3843.64	729.303
3844.03	752.303
3844.41	770.303
3844.79	727.303
3845.17	727.303
3845.55	756.303
3845.94	749.303
3846.32	743.303
3846.7	774.303
3847.08	749.303
3847.46	725.303
3847.85	750.303
3848.23	768.303
3848.61	734.303
3848.99	739.303
3849.37	780.303
3849.75	700.303
3850.14	678.303
3850.52	722.303
3850.9	718.303
3851.28	734.303
3851.66	762.303
3852.04	762.303
3852.43	757.303
3852.81	716.303
3853.19	713.303
3853.57	763.303
3853.95	735.303
3854.33	747.303
3854.71	717.303
3855.1	750.303
3855.48	737.303
3855.86	743.303
3856.24	779.303
3856.62	741.303
3857	749.303
3857.38	755.303
3857.76	710.303
3858.14	754.303
3858.53	697.303
3858.91	752.303
3859.29	748.303
3859.67	756.303
3860.05	703.303
3860.43	767.303
3860.81	735.303
3861.19	727.303
3861.57	766.303
3861.95	700.303
3862.33	699.303
3862.71	719.303
3863.09	751.303
3863.47	708.303
3863.85	721.303
3864.23	718.303
3864.62	747.303
3865	722.303
3865.38	702.303
3865.76	712.303
3866.14	709.303
3866.52	754.303
3866.9	695.303
3867.28	767.303
3867.66	716.303
3868.04	732.303
3868.42	731.303
3868.8	734.303
3869.18	713.303
3869.56	743.303
3869.94	718.303
3870.32	719.303
3870.7	749.303
3871.08	730.303
3871.46	732.303
3871.83	757.303
3872.21	693.303
3872.59	688.303
3872.97	735.303
3873.35	778.303
3873.73	710.303
3874.11	738.303
3874.49	684.303
3874.87	770.303
3875.25	754.303
3875.63	716.303
3876.01	680.303
3876.39	674.303
3876.77	727.303
3877.15	790.303
3877.53	752.303
3877.91	695.303
3878.28	748.303
3878.66	750.303
3879.04	740.303
3879.42	742.303
3879.8	818.303
3880.18	717.303
3880.56	736.303
3880.94	713.303
3881.32	707.303
3881.69	742.303
3882.07	716.303
3882.45	730.303
3882.83	741.303
3883.21	720.303
3883.59	737.303
3883.97	701.303
3884.35	726.303
3884.72	735.303
3885.1	717.303
3885.48	733.303
3885.86	729.303
3886.24	741.303
3886.62	759.303
3886.99	729.303
3887.37	730.303
3887.75	710.303
3888.13	708.303
3888.51	735.303
3888.89	742.303
3889.26	756.303
3889.64	714.303
3890.02	714.303
3890.4	705.303
3890.78	733.303
3891.15	752.303
3891.53	716.303
3891.91	730.303
3892.29	713.303
3892.66	727.303
3893.04	674.303
3893.42	707.303
3893.8	721.303
3894.18	680.303
3894.55	759.303
3894.93	701.303
3895.31	727.303
3895.69	702.303
3896.06	702.303
3896.44	688.303
3896.82	749.303
3897.2	703.303
3897.57	726.303
3897.95	697.303
3898.33	755.303
3898.7	735.303
3899.08	697.303
3899.46	732.303
3899.84	717.303
3900.21	690.303
3900.59	695.303
3900.97	722.303
3901.34	689.303
3901.72	749.303
3902.1	686.303
3902.48	661.303
3902.85	730.303
3903.23	704.303
3903.61	741.303
3903.98	712.303
3904.36	721.303
3904.74	699.303
3905.11	739.303
3905.49	713.303
3905.87	715.303
3906.24	755.303
3906.62	718.303
3906.99	716.303
3907.37	715.303
3907.75	724.303
3908.12	733.303
3908.5	704.303
3908.88	658.303
3909.25	724.303
3909.63	683.303
3910.01	684.303
3910.38	668.303
3910.76	693.303
3911.13	735.303
3911.51	684.303
3911.89	712.303
3912.26	724.303
3912.64	721.303
3913.01	716.303
3913.39	773.303
3913.77	719.303
3914.14	711.303
3914.52	663.303
3914.89	726.303
3915.27	664.303
3915.65	732.303
3916.02	743.303
3916.4	690.303
3916.77	711.303
3917.15	711.303
3917.52	703.303
3917.9	742.303
3918.27	694.303
3918.65	697.303
3919.02	661.303
3919.4	658.303
3919.77	616.303
3920.15	658.303
3920.53	665.303
3920.9	657.303
3921.28	673.303
3921.65	668.303
3922.03	720.303
3922.4	762.303
3922.78	709.303
3923.15	680.303
3923.53	647.303
3923.9	745.303
3924.28	680.303
3924.65	682.303
3925.03	696.303
3925.4	664.303
3925.77	653.303
3926.15	688.303
3926.52	721.303
3926.9	739.303
3927.27	710.303
3927.65	681.303
3928.02	725.303
3928.4	713.303
3928.77	675.303
3929.15	678.303
3929.52	685.303
3929.89	692.303
3930.27	646.303
3930.64	703.303
3931.02	645.303
3931.39	723.303
3931.77	698.303
3932.14	715.303
3932.51	704.303
3932.89	679.303
3933.26	718.303
3933.64	668.303
3934.01	683.303
3934.38	668.303
3934.76	645.303
3935.13	680.303
3935.51	734.303
3935.88	734.303
3936.25	712.303
3936.63	706.303
3937	709.303
3937.38	653.303
3937.75	711.303
3938.12	715.303
3938.5	698.303
3938.87	674.303
3939.24	639.303
3939.62	688.303
3939.99	702.303
3940.36	759.303
3940.74	695.303
3941.11	703.303
3941.48	710.303
3941.86	723.303
3942.23	713.303
3942.6	696.303
3942.98	718.303
3943.35	656.303
3943.72	725.303
3944.1	660.303
3944.47	674.303
3944.84	689.303
3945.21	707.303
3945.59	653.303
3945.96	734.303
3946.33	668.303
3946.71	706.303
3947.08	709.303
3947.45	697.303
3947.82	682.303
3948.2	719.303
3948.57	711.303
3948.94	688.303
3949.32	715.303
3949.69	704.303
3950.06	657.303
3950.43	710.303
3950.81	693.303
3951.18	694.303
3951.55	702.303
3951.92	664.303
3952.29	681.303
3952.67	674.303
3953.04	689.303
3953.41	715.303
3953.78	659.303
3954.16	716.303
3954.53	713.303
3954.9	710.303
3955.27	698.303
3955.64	676.303
3956.02	691.303
3956.39	708.303
3956.76	645.303
3957.13	682.303
3957.5	664.303
3957.87	668.303
3958.25	663.303
3958.62	665.303
3958.99	681.303
3959.36	676.303
3959.73	727.303
3960.11	678.303
3960.48	667.303
3960.85	682.303
3961.22	679.303
3961.59	686.303
3961.96	676.303
3962.33	672.303
3962.71	684.303
3963.08	657.303
3963.45	695.303
3963.82	649.303
3964.19	673.303
3964.56	718.303
3964.93	689.303
3965.3	719.303
3965.68	664.303
3966.05	667.303
3966.42	633.303
3966.79	689.303
3967.16	696.303
3967.53	688.303
3967.9	712.303
3968.27	674.303
3968.64	717.303
3969.01	703.303
3969.38	690.303
3969.75	703.303
3970.12	672.303
3970.5	676.303
3970.87	654.303
3971.24	680.303
3971.61	639.303
3971.98	649.303
3972.35	674.303
3972.72	669.303
3973.09	681.303
3973.46	676.303
3973.83	700.303
3974.2	686.303
3974.57	678.303
3974.94	669.303
3975.31	681.303
3975.68	663.303
3976.05	692.303
3976.42	684.303
3976.79	670.303
3977.16	714.303
3977.53	702.303
3977.9	666.303
3978.27	658.303
3978.64	686.303
3979.01	670.303
3979.38	665.303
3979.75	673.303
3980.12	659.303
3980.49	646.303
3980.86	706.303
3981.23	688.303
3981.6	651.303
3981.97	693.303
3982.34	701.303
3982.71	701.303
3983.08	674.303
3983.45	661.303
3983.82	645.303
3984.19	652.303
3984.55	666.303
3984.92	697.303
3985.29	662.303
3985.66	660.303
3986.03	674.303
3986.4	689.303
3986.77	650.303
3987.14	676.303
3987.51	656.303
3987.88	701.303
3988.25	664.303
3988.61	652.303
3988.98	653.303
3989.35	694.303
3989.72	642.303
3990.09	684.303
3990.46	678.303
3990.83	657.303
3991.2	662.303
3991.56	694.303
3991.93	661.303
3992.3	676.303
3992.67	707.303
3993.04	688.303
3993.41	673.303
3993.78	703.303
3994.15	693.303
3994.51	652.303
3994.88	685.303
3995.25	679.303
3995.62	632.303
3995.99	676.303
3996.36	675.303
3996.72	691.303
3997.09	648.303
3997.46	667.303
3997.83	666.303
3998.2	692.303
3998.56	654.303
3998.93	606.303
3999.3	655.303
3999.67	639.303
4000.04	586.303
