19.7123	1947.28
20.3887	1992.28
21.0651	2013.28
21.7414	1913.28
22.4176	1997.28
23.0939	1992.28
23.77	1968.28
24.4462	2034.28
25.1222	2091.28
25.7983	2098.28
26.4742	2104.28
27.1502	2118.28
27.8261	2207.28
28.5019	2171.28
29.1777	2239.28
29.8534	2141.28
30.5291	2201.28
31.2048	2211.28
31.8804	2275.28
32.5559	2272.28
33.2314	2365.28
33.9069	2340.28
34.5823	2448.28
35.2577	2479.28
35.933	2586.28
36.6083	2551.28
37.2835	2522.28
37.9587	2598.28
38.6338	2539.28
39.3066	2588.28
39.9817	2550.28
40.6566	2616.28
41.3316	2631.28
42.0065	2692.28
42.6813	2723.28
43.3539	2654.28
44.0286	2653.28
44.7033	2723.28
45.378	2725.28
46.0526	2744.28
46.7249	2724.28
47.3994	2793.28
48.0739	2804.28
48.7483	2800.28
49.4204	2851.28
50.0947	2800.28
50.769	2860.28
51.4433	2800.28
52.1152	2828.28
52.7893	2798.28
53.4634	2834.28
54.1352	2771.28
54.8092	2831.28
55.4831	2862.28
56.1548	2910.28
56.8286	2891.28
57.5024	2890.28
58.1739	2893.28
58.8477	2875.28
59.5213	2919.28
60.1927	2961.28
60.8663	2872.28
61.5375	2876.28
62.211	2836.28
62.8845	2868.28
63.5556	2868.28
64.2289	2812.28
64.8999	2836.28
65.5732	2831.28
66.2441	2817.28
66.9173	2873.28
67.5881	2782.28
68.2612	2867.28
68.9319	2764.28
69.6049	2689.28
70.2755	2872.28
70.9484	2754.28
71.619	2842.28
72.2918	2891.28
72.9622	2793.28
73.6349	2822.28
74.3053	2801.28
74.9756	2841.28
75.6482	2872.28
76.3184	2791.28
76.9909	2811.28
77.661	2801.28
78.3311	2753.28
79.0034	2722.28
79.6734	2792.28
80.3433	2783.28
81.0155	2776.28
81.6854	2824.28
82.3552	2819.28
83.0272	2823.28
83.6969	2831.28
84.3666	2769.28
85.0385	2728.28
85.7081	2812.28
86.3776	2747.28
87.0471	2718.28
87.7188	2782.28
88.3882	2721.28
89.0575	2848.28
89.7268	2789.28
90.3961	2832.28
91.0676	2751.28
91.7367	2766.28
92.4059	2815.28
93.0749	2740.28
93.7439	2704.28
94.4152	2805.28
95.0841	2684.28
95.753	2713.28
96.4218	2668.28
97.0906	2674.28
97.7594	2653.28
98.4281	2716.28
99.0967	2632.28
99.7676	2691.28
100.436	2650.28
101.105	2631.28
101.773	2663.28
102.442	2665.28
103.11	2579.28
103.778	2689.28
104.447	2670.28
105.115	2685.28
105.783	2679.28
106.451	2608.28
107.119	2681.28
107.787	2591.28
108.455	2566.28
109.123	2597.28
109.791	2612.28
110.459	2491.28
111.127	2582.28
111.795	2571.28
112.462	2634.28
113.13	2627.28
113.795	2575.28
114.463	2612.28
115.13	2564.28
115.798	2598.28
116.465	2527.28
117.133	2485.28
117.8	2507.28
118.467	2561.28
119.132	2432.28
119.8	2534.28
120.467	2465.28
121.134	2466.28
121.801	2463.28
122.466	2534.28
123.133	2525.28
123.8	2495.28
124.467	2427.28
125.133	2441.28
125.798	2505.28
126.465	2469.28
127.131	2526.28
127.796	2434.28
128.462	2356.28
129.129	2309.28
129.796	2189.28
130.46	2408.74
131.126	2385.65
131.793	2361.9
132.457	2322.82
133.123	2317.38
133.789	2310.91
134.453	2337.37
135.119	2350.18
135.783	2342.68
136.449	2354.89
137.115	2183.28
137.779	2306.28
138.445	2316.28
139.108	2275.28
139.774	2355.28
140.438	2366.28
141.104	2283.28
141.769	2214.28
142.433	2324.28
143.098	2208.28
143.762	2368.28
144.427	2310.28
145.09	2341.28
145.756	2300.28
146.419	2329.28
147.084	2320.28
147.747	2273.28
148.41	2213.28
149.075	2315.28
149.738	2340.28
150.403	2275.28
151.066	2307.28
151.731	2188.28
152.394	2225.28
153.056	2274.28
153.721	2243.28
154.384	2250.28
155.046	2229.28
155.711	2254.28
156.374	2242.28
157.036	2256.28
157.701	2184.28
158.363	2197.28
159.025	2161.28
159.69	2174.28
160.352	2130.28
161.014	2183.28
161.676	2123.28
162.34	2149.28
163.002	2220.28
163.664	2101.28
164.326	2173.28
164.99	2206.28
165.652	2092.28
166.314	2147.28
166.975	2118.28
167.637	2009.28
168.301	2093.28
168.962	2104.28
169.624	2087.28
170.285	2145.28
170.947	2108.28
171.608	2092.28
172.272	2090.28
172.933	2101.28
173.594	2140.28
174.255	2117.28
174.917	2088.28
175.578	2110.28
176.239	2102.28
176.9	2053.28
177.561	2077.28
178.222	2143.28
178.882	2171.28
179.543	2080.28
180.204	2093.28
180.865	2072.28
181.526	2077.28
182.186	2073.28
182.847	2078.28
183.507	1990.28
184.168	1986.28
184.828	1978.28
185.489	2030.28
186.149	1962.28
186.809	2010.28
187.47	2014.28
188.13	2008.28
188.79	2038.28
189.45	2057.28
190.11	2050.28
190.768	2034.28
191.428	2104.28
192.088	1984.28
192.748	2036.28
193.408	2048.28
194.068	2016.28
194.728	2090.28
195.385	2019.28
196.045	2006.28
196.705	1991.28
197.364	1976.28
198.021	2001.28
198.681	1988.28
199.34	2040.28
200	2062.28
200.657	2051.28
201.316	2066.28
201.976	2077.28
202.635	2017.28
203.292	1983.28
203.951	2080.28
204.61	2001.28
205.267	2056.28
205.926	2069.28
206.585	2014.28
207.242	1974.28
207.9	2049.28
208.559	2039.28
209.216	2056.28
209.875	2069.28
210.533	2037.28
211.19	2068.28
211.848	2024.28
212.505	2019.28
213.163	1951.28
213.819	1947.28
214.478	2021.99
215.134	2023.38
215.792	2014.37
216.451	2000.47
217.107	2001.08
217.765	2002.62
218.421	2016.9
219.079	2026.47
219.735	2026.64
220.391	1903.28
221.049	1956.28
221.704	1933.28
222.362	2013.28
223.018	2022.28
223.675	2037.28
224.331	2019.28
224.989	1955.28
225.644	2044.28
226.3	2043.28
226.957	2076.28
227.612	2040.28
228.268	2019.28
228.925	2015.28
229.58	2130.28
230.235	2068.28
230.893	2013.28
231.548	2029.28
232.203	2027.28
232.86	2056.28
233.515	2075.28
234.17	2086.28
234.827	2018.28
235.481	2046.28
236.136	2094.28
236.791	2051.28
237.448	2088.28
238.102	2100.28
238.757	2089.28
239.411	2056.28
240.066	2096.28
240.722	2072.28
241.377	2051.28
242.031	2056.28
242.685	2046.28
243.339	2071.28
243.993	2125.28
244.648	2104.28
245.304	2084.28
245.958	2092.28
246.612	2032.28
247.266	2118.28
247.92	2115.28
248.574	2167.28
249.227	2123.28
249.881	2069.28
250.535	2047.28
251.189	2171.28
251.842	2122.28
252.496	2089.28
253.149	2146.28
253.803	2154.28
254.456	2044.28
255.11	2080.28
255.763	2112.28
256.416	2115.28
257.07	2144.28
257.723	2179.28
258.376	2135.28
259.029	2141.28
259.682	2122.28
260.335	2190.28
260.988	2160.28
261.641	2100.28
262.294	2194.28
262.947	2146.28
263.598	2173.28
264.251	2130.28
264.903	2146.28
265.556	2108.28
266.209	2068.28
266.861	2118.28
267.512	2068.28
268.164	2109.28
268.817	2108.28
269.469	2085.28
270.121	2188.28
270.772	2080.28
271.424	2090.28
272.076	2155.28
272.728	2153.28
273.378	2226.28
274.03	2084.28
274.682	2111.28
275.332	2151.28
275.984	2167.28
276.636	2189.28
277.288	2241.28
277.938	2147.28
278.59	2186.28
279.239	2186.28
279.891	2188.28
280.542	2134.28
281.192	2196.28
281.843	2202.28
282.495	2186.28
283.144	2163.28
283.796	2174.28
284.445	2171.28
285.096	2182.28
285.745	2235.28
286.397	2205.28
287.048	2191.28
287.697	2146.28
288.348	2159.28
288.997	2155.28
289.648	2152.28
290.297	2222.28
290.948	2159.28
291.596	2246.28
292.247	2174.28
292.896	2202.28
293.544	2227.28
294.195	2150.28
294.844	2177.28
295.494	2203.28
296.143	2232.28
296.793	2238.28
297.441	2182.28
298.09	2187.28
298.74	2251.28
299.388	2260.28
300.036	2192.28
300.687	2226.28
301.335	2230.28
301.983	2192.28
302.633	2186.28
303.281	2240.28
303.929	2257.28
304.579	2248.28
305.227	2276.28
305.874	2261.28
306.522	2260.28
307.172	2225.28
307.819	2216.28
308.467	2283.28
309.114	2238.28
309.764	2291.28
310.412	2196.28
311.059	2188.28
311.706	2214.28
312.354	2256.28
313.003	2260.28
313.65	2322.28
314.297	2267.28
314.944	2294.28
315.592	2255.28
316.239	2271.28
316.886	2283.28
317.535	2263.28
318.182	2310.28
318.828	2240.28
319.475	2280.28
320.122	2297.28
320.769	2325.28
321.415	2274.28
322.062	2317.28
322.709	2368.28
323.355	2374.28
324.002	2313.28
324.648	2343.28
325.294	2326.28
325.941	2276.28
326.587	2423.28
327.233	2404.28
327.88	2404.28
328.526	2356.28
329.172	2296.28
329.818	2363.28
330.464	2324.28
331.11	2375.28
331.754	2355.28
332.4	2382.28
333.046	2417.28
333.692	2388.28
334.337	2345.28
334.983	2441.28
335.629	2406.28
336.275	2367.28
336.918	2343.28
337.564	2428.28
338.209	2386.28
338.855	2366.28
339.5	2388.28
340.143	2401.28
340.789	2416.28
341.434	2448.28
342.079	2389.28
342.722	2395.28
343.367	2425.28
344.012	2466.28
344.658	2439.28
345.3	2396.28
345.945	2470.28
346.59	2481.28
347.233	2460.28
347.878	2371.28
348.523	2444.28
349.165	2414.28
349.81	2445.28
350.455	2516.28
351.097	2528.28
351.742	2426.28
352.384	2494.28
353.029	2478.28
353.673	2445.28
354.315	2536.28
354.96	2531.28
355.602	2542.28
356.246	2539.28
356.888	2561.28
357.533	2448.28
358.175	2463.28
358.819	2555.28
359.461	2547.28
360.105	2531.28
360.746	2584.28
361.39	2551.28
362.032	2482.28
362.676	2559.28
363.318	2486.28
363.961	2531.28
364.603	2535.28
365.247	2588.28
365.888	2552.28
366.529	2606.28
367.173	2555.28
367.814	2610.28
368.456	2647.28
369.099	2656.28
369.74	2639.28
370.381	2614.28
371.025	2580.28
371.666	2534.28
372.307	2520.28
372.95	2618.28
373.591	2611.28
374.232	2607.28
374.875	2650.28
375.516	2677.28
376.156	2653.28
376.797	2632.28
377.44	2669.28
378.081	2688.28
378.721	2751.28
379.362	2748.28
380.002	2650.28
380.645	2676.28
381.285	2614.28
381.926	2674.28
382.566	2662.28
383.206	2668.28
383.847	2699.28
384.489	2747.28
385.129	2712.28
385.769	2770.28
386.409	2753.28
387.049	2719.28
387.689	2812.28
388.329	2732.28
388.969	2703.28
389.609	2655.28
390.249	2828.28
390.889	2768.28
391.528	2759.28
392.168	2792.28
392.81	2774.28
393.449	2785.28
394.089	2749.28
394.726	2697.28
395.366	2836.28
396.005	2816.28
396.645	2856.28
397.284	2804.28
397.923	2836.28
398.562	2803.28
399.202	2875.28
399.841	2892.28
400.48	2842.28
401.119	2931.28
401.758	2868.28
402.397	2926.28
403.034	2872.28
403.673	2850.28
404.311	2891.28
404.95	2934.28
405.589	2936.28
406.228	2932.28
406.864	2929.28
407.503	2924.28
408.142	2932.28
408.78	2974.28
409.419	2974.28
410.055	2952.28
410.693	2952.28
411.332	2998.28
411.968	2979.28
412.606	2951.28
413.244	2992.28
413.883	2964.28
414.519	3047.28
415.157	3036.28
415.795	2994.28
416.431	3080.28
417.069	3033.28
417.707	3044.28
418.342	3030.28
418.98	3048.28
419.616	3101.28
420.254	3108.28
420.891	3208.28
421.527	3125.28
422.165	3162.28
422.8	3179.28
423.438	3167.28
424.075	3105.28
424.71	3166.28
425.348	3220.28
425.983	3211.28
426.62	3180.28
427.256	3245.28
427.893	3163.28
428.528	3271.28
429.165	3311.28
429.8	3268.28
430.435	3278.28
431.072	3220.28
431.707	3287.28
432.344	3310.28
432.979	3356.28
433.615	3305.28
434.25	3325.28
434.885	3404.28
435.521	3440.28
436.156	3425.28
436.79	3360.28
437.427	3419.28
438.061	3453.28
438.696	3521.28
439.332	3484.28
439.967	3497.28
440.601	3497.28
441.237	3490.28
441.871	3387.28
442.505	3537.28
443.142	3436.28
443.776	3502.28
444.41	3586.28
445.044	3568.28
445.678	3580.28
446.314	3559.28
446.947	3655.28
447.581	3592.28
448.215	3714.28
448.849	3641.28
449.484	3718.28
450.118	3686.28
450.752	3647.28
451.385	3667.28
452.018	3714.28
452.652	3711.28
453.285	3670.28
453.921	3631.28
454.554	3714.28
455.187	3698.28
455.821	3733.28
456.454	3806.28
457.087	3856.28
457.72	3800.28
458.353	3751.28
458.986	3796.28
459.619	3796.28
460.252	3903.28
460.885	3824.28
461.518	3949.28
462.15	3902.28
462.783	3914.28
463.416	3883.28
464.048	3929.28
464.681	3915.28
465.314	3854.28
465.946	3960.28
466.579	3940.28
467.209	3937.28
467.841	3998.28
468.474	4014.28
469.106	3983.28
469.738	3958.28
470.371	4068.28
471.003	4015.28
471.633	3990.28
472.265	4079.28
472.897	4044.28
473.529	4091.28
474.161	4097.28
474.791	4058.28
475.423	4074.28
476.054	4080.28
476.686	4103.28
477.318	4087.28
477.948	4099.28
478.579	4090.28
479.211	4138.28
479.84	3993.28
480.472	4057.28
481.103	4088.28
481.733	4127.28
482.364	4096.28
482.996	4078.28
483.625	4128.28
484.256	4089.28
484.887	4158.28
485.516	4110.28
486.148	4126.28
486.779	4181.28
487.408	4133.28
488.039	3990.28
488.668	4005.28
489.298	4117.28
489.927	4171.28
490.558	4116.28
491.187	4063.28
491.818	3991.28
492.446	4053.28
493.077	3983.28
493.705	3948.28
494.336	4082.28
494.964	3986.28
495.595	3947.28
496.223	3968.28
496.854	3881.28
497.482	3869.28
498.112	3811.28
498.741	3836.28
499.371	3813.28
499.999	3719.28
500.627	3709.28
501.257	3669.28
501.885	3604.28
502.513	3624.28
503.143	3592.28
503.771	3553.28
504.399	3545.28
505.029	3500.28
505.656	3512.28
506.284	3439.28
506.914	3352.28
507.541	3378.28
508.169	3291.28
508.796	3319.28
509.426	3259.28
510.054	3220.28
510.681	3104.28
511.308	3139.28
511.938	3098.28
512.565	3006.28
513.192	3003.28
513.819	3004.28
514.446	2859.28
515.076	2836.28
515.703	2881.28
516.33	2768.28
516.957	2751.28
517.584	2692.28
518.21	2679.28
518.837	2659.28
519.464	2623.28
520.093	2535.28
520.72	2566.28
521.346	2457.28
521.973	2457.28
522.6	2484.28
523.226	2368.28
523.853	2333.28
524.479	2334.28
525.105	2282.28
525.732	2296.28
526.358	2285.28
526.984	2252.28
527.611	2227.28
528.237	2215.28
528.863	2242.28
529.489	2143.28
530.115	2146.28
530.741	2145.28
531.365	2065.28
531.991	2089.28
532.617	2021.28
533.243	2088.28
533.869	1958.28
534.495	1993.28
535.12	2011.28
535.746	1940.28
536.369	1948.28
536.995	1871.28
537.621	1936.28
538.246	1833.28
538.872	1774.28
539.495	1695.28
540.12	1743.28
540.746	1786.28
541.371	1779.28
541.994	1787.28
542.62	1746.28
543.245	1807.28
543.87	1741.28
544.493	1746.28
545.118	1766.28
545.743	1723.28
546.366	1704.28
546.991	1726.28
547.616	1685.28
548.238	1667.28
548.863	1654.28
549.488	1681.28
550.111	1713.28
550.735	1716.28
551.36	1657.28
551.982	1617.28
552.607	1646.28
553.229	1684.28
553.854	1554.28
554.476	1622.28
555.101	1590.28
555.723	1595.28
556.347	1550.28
556.969	1584.28
557.594	1611.28
558.216	1612.28
558.84	1579.28
559.462	1566.28
560.086	1534.12
560.708	1565.25
561.332	1614.77
561.954	1544.36
562.578	1575.63
563.199	1565.3
563.821	1574.6
564.445	1586.67
565.066	1587.12
565.69	1589.93
566.312	1563.14
566.933	1507.08
567.557	1576.98
568.178	1519.52
568.799	1529.01
569.423	1542.95
570.044	1566.31
570.665	1503.4
571.289	1523.92
571.91	1542.97
572.531	1553.55
573.152	1525.34
573.775	1499.96
574.396	1549.84
575.017	1550.42
575.638	1492.42
576.261	1452.7
576.882	1435.12
577.503	1436.06
578.123	1503.34
578.744	1483.04
579.365	1469.13
579.987	1464.44
580.608	1436.62
581.229	1459.89
581.849	1423.76
582.47	1414.96
583.09	1424.47
583.71	1366.56
584.331	1385.05
584.951	1412.95
585.571	1316.31
586.194	1350.94
586.814	1399.04
587.434	1323.48
588.054	1339.72
588.674	1315.24
589.294	1316.82
589.914	1340.75
590.534	1296.66
591.154	1343.54
591.774	1367.05
592.391	1335.83
593.011	1317.42
593.631	1281.74
594.25	1261.5
594.87	1259.58
595.49	1269.82
596.109	1264.55
596.729	1260
597.348	1311.25
597.967	1258.46
598.585	1275.29
599.204	1216.35
599.823	1174.85
600.443	1211.52
601.062	1194.28
601.681	1189.63
602.298	1178.09
602.917	1152.02
603.536	1205.04
604.155	1195.65
604.772	1180.69
605.391	1154.05
606.01	1165.28
606.629	1134.5
607.245	1149.4
607.864	1137.75
608.483	1126.34
609.099	1095.73
609.718	1115.57
610.337	1109.98
610.953	1101.56
611.572	1086.56
612.19	1091.16
612.806	1086.98
613.425	1015.6
614.043	1099.78
614.659	1124.15
615.278	1046.21
615.894	1048.15
616.512	1071.03
617.128	1073.89
617.746	1043.69
618.364	1083
618.98	1065.37
619.598	1084.21
620.214	1028.95
620.832	1037.74
621.448	1011.95
622.065	1041.6
622.681	1033.94
623.297	1025.45
623.914	1026.79
624.53	1005.75
625.148	1018.94
625.763	1075.37
626.381	1018.41
626.996	1040.97
627.611	1001.34
628.229	988.844
628.844	982.883
629.459	1005.7
630.076	1019.7
630.692	999.24
631.307	1036.85
631.924	998.222
632.539	964.973
633.154	998.433
633.771	954.102
634.386	949.986
635.001	997.531
635.615	975.682
636.232	984.241
636.847	941.542
637.462	943.525
638.076	1004.17
638.693	950.008
639.308	1002.75
639.922	965.404
640.537	975.831
641.151	957.278
641.768	987.89
642.382	958.74
642.996	928.035
643.611	893.501
644.225	966.703
644.839	982.494
645.453	927.596
646.067	910.48
646.681	930.999
647.295	926.439
647.912	918.052
648.526	964.041
649.139	946.779
649.753	942.113
650.367	951.911
650.981	914.073
651.595	899.804
652.208	929.423
652.822	874.055
653.436	894.72
653.707	937.72
654.329	847.72
654.953	867.72
655.576	897.72
656.198	840.72
656.822	879.72
657.444	846.72
658.066	895.72
658.688	887.72
659.312	885.72
659.933	927.72
660.555	861.72
661.177	895.72
661.801	875.72
662.422	840.72
663.044	778.72
663.666	861.092
664.287	855.211
664.911	834.289
665.532	831.491
666.154	829.602
666.775	827.493
667.396	824.427
668.018	840.21
668.639	714.72
669.262	733.72
669.883	798.72
670.504	773.72
671.126	782.72
671.747	814.72
672.368	845.72
672.989	844.72
673.609	835.72
674.23	808.72
674.851	817.72
675.472	836.72
676.093	781.72
676.713	851.72
677.334	833.72
677.955	801.72
678.575	837.72
679.196	816.72
679.816	805.72
680.437	800.72
681.057	834.72
681.677	826.72
682.298	780.72
682.918	834.72
683.538	806.72
684.159	803.72
684.779	810.72
685.397	767.72
686.017	764.72
686.637	805.72
687.257	779.72
687.877	743.72
688.497	764.72
689.115	786.72
689.734	769.72
690.354	779.72
690.974	802.72
691.594	734.72
692.211	790.72
692.831	789.72
693.45	724.72
694.07	750.72
694.687	786.72
695.307	737.72
695.926	784.72
696.546	785.72
697.163	713.72
697.782	773.72
698.401	741.72
699.019	718.72
699.638	752.72
700.257	718.72
700.874	740.72
701.493	734.72
702.112	745.72
702.729	756.72
703.348	789.72
703.967	726.72
704.583	747.72
705.202	754.72
705.819	720.72
706.438	777.72
707.054	732.72
707.673	793.72
708.291	715.72
708.908	762.72
709.526	763.72
710.143	753.72
710.761	729.72
711.377	746.72
711.996	765.72
712.612	727.72
713.23	735.72
713.846	702.72
714.462	683.72
715.081	664.72
715.697	706.72
716.315	710.72
716.931	731.72
717.549	707.72
718.164	733.72
718.78	719.72
719.398	745.72
720.014	735.72
720.629	778.72
721.247	708.72
721.863	714.72
722.478	704.72
723.096	690.72
723.711	732.72
724.327	731.72
724.944	704.72
725.56	712.72
726.175	711.72
726.792	730.72
727.408	727.72
728.023	724.72
728.638	730.72
729.255	710.72
729.87	735.72
730.485	745.72
731.1	695.72
731.715	721.72
732.332	732.72
732.947	755.72
733.562	722.72
734.177	700.72
734.791	775.72
735.406	714.72
736.021	693.72
736.637	746.72
737.252	742.72
737.867	687.72
738.481	725.72
739.096	731.72
739.71	701.72
740.324	730.72
740.939	676.72
741.553	657.72
742.167	710.044
742.781	709.962
743.396	711.079
744.01	704.112
744.624	703.684
745.238	703.815
745.852	704.148
746.466	710.474
747.08	655.72
747.694	647.72
748.307	693.72
748.921	663.72
749.535	689.72
750.149	725.72
750.762	748.72
751.376	698.72
751.99	703.72
752.603	690.72
753.215	739.72
753.828	701.72
754.441	703.72
755.055	722.72
755.668	705.72
756.282	711.72
756.893	705.72
757.506	716.72
758.119	684.72
758.732	715.72
759.345	713.72
759.956	742.72
760.569	711.72
761.182	700.72
761.795	671.72
762.406	686.72
763.019	663.72
763.632	753.72
764.243	728.72
764.855	709.72
765.468	721.72
766.081	724.72
766.691	714.72
767.304	725.72
767.916	675.72
768.527	735.72
769.139	687.72
769.75	769.72
770.362	698.72
770.974	707.72
771.584	743.72
772.197	721.72
772.807	732.72
773.419	701.72
774.031	706.72
774.641	732.72
775.253	702.72
775.863	719.72
776.475	730.72
777.085	768.72
777.697	742.72
778.307	692.72
778.919	726.72
779.528	735.72
780.14	712.72
780.75	712.72
781.359	753.72
781.971	683.72
782.58	745.72
783.192	743.72
783.801	707.72
784.413	715.72
785.022	707.72
785.631	715.72
786.243	767.72
786.852	697.72
787.461	720.72
788.072	677.72
788.681	725.72
789.29	686.72
789.901	704.72
790.51	679.72
791.119	688.72
791.73	696.72
792.339	694.72
792.948	687.72
793.557	734.72
794.167	739.72
794.776	669.72
795.385	699.72
795.993	663.72
796.604	669.72
797.213	653.72
797.821	666.72
798.429	697.72
799.038	700.72
799.646	703.72
800.257	720.72
800.865	653.72
801.473	686.72
802.081	676.72
802.69	677.72
803.298	641.72
803.906	677.72
804.514	658.72
805.124	673.72
805.732	636.72
806.34	613.72
806.948	663.72
807.555	643.72
808.163	650.72
808.771	639.72
809.379	589.72
809.986	632.72
810.594	613.72
811.202	621.72
811.809	631.72
812.417	606.72
813.024	645.72
813.632	571.72
814.239	593.72
814.846	589.72
815.454	587.72
816.059	593.72
816.666	596.72
817.273	573.72
817.881	600.72
818.488	566.72
819.095	572.72
819.702	542.72
820.309	535.72
820.914	555.72
821.521	533.72
822.128	551.72
822.734	573.72
823.341	558.72
823.946	537.72
824.553	547.72
825.159	522.72
825.766	514.72
826.37	506.72
826.977	515.72
827.583	529.72
828.19	516.72
828.794	513.72
829.401	518.72
830.007	503.72
830.611	488.72
831.218	480.72
831.824	496.72
832.428	517.72
833.034	463.72
833.64	520.72
834.244	476.72
834.85	468.72
835.456	476.72
836.06	464.72
836.666	509.72
837.27	497.72
837.876	497.72
838.482	487.72
839.085	464.72
839.691	502.72
840.295	473.72
840.9	504.72
841.504	452.72
842.109	506.72
842.713	476.72
843.318	525.72
843.922	454.72
844.527	487.72
845.13	520.72
845.736	474.72
846.339	530.72
846.942	562.72
847.547	505.72
848.15	567.72
848.756	540.72
849.359	503.72
849.962	562.72
850.567	501.72
851.17	522.72
851.774	539.72
852.377	563.72
852.98	502.72
853.585	542.72
854.188	533.72
854.79	549.72
855.395	549.72
855.998	548.72
856.6	592.72
857.203	568.72
857.807	505.72
858.41	554.72
859.012	564.72
859.614	601.72
860.219	560.72
860.821	586.72
861.423	605.72
862.025	588.72
862.628	634.72
863.232	622.72
863.834	606.72
864.436	611.72
865.038	624.72
865.64	608.72
866.242	627.72
866.844	633.72
867.447	607.72
868.049	632.72
868.651	586.72
869.253	657.72
869.854	619.72
870.456	617.72
871.058	632.72
871.659	658.72
872.261	654.72
872.862	604.72
873.464	680.72
874.065	663.72
874.666	632.72
875.268	673.72
875.869	663.72
876.47	650.72
877.071	639.72
877.673	667.72
878.274	632.72
878.875	694.72
879.476	696.72
880.077	697.72
880.676	703.72
881.277	718.72
881.878	685.72
882.479	673.72
883.079	688.72
883.68	665.72
884.281	671.72
884.882	675.72
885.48	673.72
886.081	721.72
886.681	692.72
887.282	675.72
887.882	682.72
888.481	667.72
889.081	684.72
889.682	681.72
890.282	705.72
890.88	681.72
891.48	682.72
892.081	716.72
892.679	722.72
893.279	702.72
893.879	667.72
894.479	726.72
895.077	719.72
895.677	690.72
896.277	717.72
896.875	686.72
897.475	697.72
898.073	692.72
898.672	703.72
899.272	690.72
899.87	707.72
900.469	702.72
901.067	703.72
901.667	724.72
902.266	726.72
902.864	691.72
903.463	679.72
904.06	762.72
904.66	749.72
905.257	697.72
905.857	697.72
906.454	675.72
907.053	683.72
907.65	685.72
908.249	694.72
908.846	667.72
909.443	654.72
910.043	696.72
910.639	686.72
911.238	649.72
911.835	644.72
912.432	679.72
913.031	660.72
913.628	657.72
914.227	643.72
914.823	681.72
915.42	627.72
916.019	668.72
916.615	675.72
917.212	675.72
917.81	685.72
918.407	708.72
919.003	650.72
919.599	655.72
920.198	623.72
920.794	711.72
921.39	669.72
921.987	653.72
922.585	606.72
923.181	626.72
923.777	647.72
924.373	651.72
924.969	651.72
925.567	619.72
926.163	663.72
926.759	671.72
927.355	590.72
927.951	637.72
928.547	603.72
929.144	604.72
929.74	646.72
930.336	624.72
930.931	607.72
931.527	611.72
932.123	615.72
932.718	623.72
933.314	547.72
933.909	596.72
934.504	633.72
935.1	581.72
935.695	634.72
936.29	623.72
936.886	634.72
937.481	607.72
938.076	602.72
938.671	591.72
939.266	636.72
939.861	608.72
940.456	604.72
941.051	578.72
941.646	630.72
942.241	614.72
942.836	559.72
943.431	603.72
944.024	634.72
944.618	580.72
945.213	632.72
945.808	604.72
946.402	613.72
946.997	612.72
947.592	625.72
948.184	600.72
948.778	618.72
949.373	614.72
949.967	571.72
950.562	651.72
951.154	593.72
951.748	631.72
952.342	643.72
952.937	597.72
953.529	616.72
954.123	607.72
954.717	677.72
955.309	605.72
955.903	594.72
956.497	629.72
957.089	640.72
957.683	656.72
958.277	655.72
958.868	664.72
959.462	672.72
960.056	648.72
960.648	672.72
961.241	627.72
961.833	646.72
962.427	629.72
963.02	670.72
963.612	683.72
964.205	694.72
964.796	695.72
965.39	751.72
965.981	716.72
966.574	668.72
967.166	671.72
967.759	686.72
968.35	648.72
968.943	711.72
969.534	675.72
970.128	717.72
970.718	704.72
971.309	714.72
971.902	677.72
972.493	711.72
973.086	670.72
973.677	711.72
974.268	663.72
974.861	629.72
975.451	714.72
976.044	700.72
976.635	734.72
977.225	738.72
977.818	711.72
978.408	733.72
978.999	750.72
979.591	752.72
980.182	728.72
980.772	720.72
981.362	759.72
981.955	765.72
982.545	746.72
983.135	759.72
983.725	716.72
984.318	762.72
984.908	764.72
985.498	739.72
986.088	753.72
986.678	765.72
987.268	770.72
987.86	758.72
988.449	781.72
989.039	767.72
989.629	757.72
990.219	745.72
990.808	761.72
991.398	798.72
991.988	761.72
992.579	804.72
993.169	755.72
993.759	764.72
994.348	789.72
994.938	792.72
995.527	756.72
996.116	790.72
996.706	823.72
997.295	810.72
997.884	732.72
998.473	793.72
999.063	783.72
999.652	788.72
1000.24	820.72
1000.83	794.72
1001.42	817.72
1002.01	858.72
1002.59	791.72
1003.18	824.72
1003.77	822.72
1004.36	794.72
1004.95	813.72
1005.54	775.72
1006.13	807.72
1006.72	760.72
1007.3	801.72
1007.89	788.72
1008.48	816.72
1009.07	837.72
1009.66	835.72
1010.24	847.72
1010.83	846.72
1011.42	828.72
1012.01	837.72
1012.6	822.72
1013.18	842.72
1013.77	832.72
1014.36	829.72
1014.95	809.72
1015.53	840.72
1016.12	849.72
1016.71	810.72
1017.3	836.72
1017.88	845.72
1018.47	781.72
1019.06	838.72
1019.65	839.72
1020.23	823.72
1020.82	818.72
1021.4	818.72
1021.99	828.72
1022.58	796.72
1023.17	856.72
1023.75	839.72
1024.34	892.72
1024.93	853.72
1025.51	854.682
1026.1	822.803
1026.68	822.225
1027.27	810.949
1027.86	818.264
1028.44	874.278
1029.03	845.621
1029.62	844.321
1030.2	879.735
1030.79	823.324
1031.37	879.469
1031.96	839.788
1032.55	822.536
1033.13	815.521
1033.72	869.686
1034.3	811.652
1034.89	851.884
1035.47	853.036
1036.06	843.772
1036.65	852.897
1037.23	874.339
1037.82	878.44
1038.4	849.755
1038.99	831.427
1039.57	902.603
1040.16	836.113
1040.74	853.623
1041.33	834.655
1041.91	846.185
1042.5	874.619
1043.08	852.382
1043.67	894.898
1044.25	832.551
1044.83	845.302
1045.42	824.147
1046.01	826.034
1046.59	834.416
1047.17	851.89
1047.76	903.396
1048.34	862.473
1048.93	905.217
1049.51	861.931
1050.1	889.238
1050.68	862.073
1051.26	895.206
1051.85	853.588
1052.43	871.274
1053.01	882.941
1053.6	871.078
1054.18	868.643
1054.76	838.831
1055.35	884.362
1055.93	873.225
1056.52	896.899
1057.1	900.161
1057.68	883.837
1058.27	860.424
1058.85	914.065
1059.43	897.854
1060.02	880.654
1060.6	871.102
1061.18	919.52
1061.76	915.633
1062.35	942.779
1062.93	898.388
1063.51	893.35
1064.09	925.901
1064.68	904.262
1065.26	945.165
1065.84	960.43
1066.43	893.529
1067.01	926.64
1067.59	943.856
1068.17	953.635
1068.76	938.586
1069.34	941.664
1069.92	941.563
1070.5	934.856
1071.08	909.606
1071.67	945.009
1072.25	933.758
1072.83	969.04
1073.41	937.698
1073.99	916.861
1074.58	962.455
1075.16	959.989
1075.74	972.403
1076.32	989.298
1076.9	977.065
1077.48	985.833
1078.06	998.585
1078.64	960.213
1079.23	991.572
1079.81	955.746
1080.39	992.879
1080.97	981.27
1081.55	1001.46
1082.13	996.979
1082.71	987.951
1083.29	1006.44
1083.87	1019.52
1084.45	999.084
1085.03	990.582
1085.62	1015.08
1086.2	981.974
1086.78	967.647
1087.36	1027.91
1087.94	992.063
1088.52	1023.47
1089.1	1017.5
1089.68	1045.04
1090.26	1060.97
1090.84	1041.69
1091.42	1014.66
1092	1035.55
1092.58	1019.2
1093.16	1037.25
1093.74	1039.1
1094.32	1010.89
1094.9	1034.28
1095.48	1022.35
1096.06	1030.04
1096.64	1069.9
1097.22	1003.68
1097.79	1046.12
1098.37	1050.11
1098.95	1042.43
1099.53	1047.84
1100.11	1054.35
1100.69	1052.34
1101.27	1033.68
1101.85	1045.1
1102.43	1059.61
1103.01	1033.86
1103.58	1012.31
1104.16	1055.02
1104.74	997.076
1105.32	1013.93
1105.9	1015.31
1106.48	986.426
1107.06	1019.51
1107.64	1034.49
1108.21	1025.27
1108.79	991.77
1109.37	1025.82
1109.95	1033.17
1110.53	988.775
1111.1	991.467
1111.68	1026
1112.26	1036.8
1112.84	977.258
1113.42	995.581
1113.99	944.674
1114.57	953.156
1115.15	986.701
1115.73	973.612
1116.3	999.744
1116.88	947.79
1117.46	980.66
1118.04	1006.11
1118.61	1011.01
1119.19	1007.02
1119.77	1008.85
1120.35	981.625
1120.92	990.52
1121.5	965.45
1122.08	936.531
1122.65	929.049
1123.23	943.075
1123.81	937.842
1124.39	919.999
1124.96	916.992
1125.54	914.574
1126.11	912.042
1126.69	909.208
1127.27	905.86
1127.85	917.464
1128.42	819.553
1129	842.4
1129.57	885.77
1130.15	944.474
1130.72	895.661
1131.3	916.638
1131.88	908.616
1132.45	886.989
1133.03	918.977
1133.61	913.713
1134.18	895.716
1134.76	885.559
1135.33	898.186
1135.91	896.086
1136.48	908.719
1137.06	907.12
1137.63	896.572
1138.21	865.135
1138.78	877.357
1139.36	880.148
1139.93	901.384
1140.51	870.318
1141.09	900.227
1141.66	884.681
1142.23	867.335
1142.81	835.837
1143.38	858.614
1143.96	832.519
1144.53	847.598
1145.11	844.024
1145.68	852.623
1146.26	839.76
1146.83	827.618
1147.41	803.182
1147.98	781.05
1148.56	826.969
1149.13	808.024
1149.71	768.232
1150.28	817.194
1150.85	780.241
1151.43	775.308
1152	807.104
1152.58	794.498
1153.15	797.704
1153.72	761.966
1154.3	750.309
1154.87	749.987
1155.45	761.65
1156.02	718.842
1156.59	758.159
1157.17	725.19
1157.74	731.019
1158.31	759.499
1158.89	707.445
1159.46	730.999
1160.03	727.357
1160.61	717.873
1161.18	706.305
1161.75	688.587
1162.32	702.545
1162.9	704.136
1163.47	691.048
1164.04	682.405
1164.62	683.4
1165.19	694.029
1165.76	719.07
1166.33	707.27
1166.91	678.665
1167.48	642.877
1168.05	683.854
1168.62	669.515
1169.2	643.163
1169.77	656.312
1170.34	622.353
1170.91	602.569
1171.48	586.773
1172.06	590.144
1172.18	639.144
1172.76	606.144
1173.34	611.144
1173.92	615.144
1174.5	612.144
1175.08	567.144
1175.66	591.144
1176.24	570.144
1176.82	617.144
1177.4	591.144
1177.98	587.144
1178.56	562.144
1179.14	570.144
1179.72	543.144
1180.3	581.144
1180.88	550.144
1181.46	582.144
1182.04	527.144
1182.62	542.144
1183.2	551.144
1183.78	509.144
1184.36	499.144
1184.94	491.144
1185.52	523.144
1186.09	525.144
1186.67	474.144
1187.25	520.144
1187.83	505.144
1188.41	499.144
1188.99	499.144
1189.57	502.144
1190.15	489.144
1190.73	489.144
1191.3	475.144
1191.88	529.144
1192.46	489.144
1193.04	489.144
1193.62	483.144
1194.2	469.144
1194.78	446.144
1195.35	432.144
1195.93	444.144
1196.51	435.144
1197.09	416.144
1197.67	371.144
1198.24	384.144
1198.82	338.144
1199.4	366.144
1199.98	345.144
1200.56	350.144
1201.13	365.144
1201.71	353.144
1202.29	382.144
1202.87	374.144
1203.45	384.144
1204.02	383.144
1204.6	378.144
1205.18	377.144
1205.75	375.144
1206.33	375.144
1206.91	383.144
1207.49	359.144
1208.06	357.144
1208.64	374.144
1209.22	339.144
1209.79	373.144
1210.37	385.144
1210.95	367.144
1211.52	356.144
1212.1	356.144
1212.68	349.144
1213.25	353.144
1213.83	332.144
1214.41	336.144
1214.98	366.144
1215.56	327.144
1216.14	339.144
1216.71	352.144
1217.29	316.144
1217.86	310.144
1218.44	303.144
1219.02	312.144
1219.59	310.144
1220.17	336.144
1220.74	285.144
1221.32	310.144
1221.9	320.144
1222.47	323.144
1223.05	300.144
1223.62	285.144
1224.2	311.144
1224.77	296.144
1225.35	274.144
1225.92	302.144
1226.5	291.144
1227.08	289.144
1227.65	276.144
1228.23	278.144
1228.8	317.144
1229.38	287.144
1229.95	271.144
1230.53	305.144
1231.1	277.144
1231.67	295.144
1232.25	275.144
1232.83	252.144
1233.4	280.144
1233.97	244.144
1234.55	266.144
1235.12	265.144
1235.7	285.144
1236.27	263.144
1236.85	254.144
1237.42	293.144
1237.99	266.144
1238.57	241.144
1239.14	263.144
1239.72	264.144
1240.29	245.144
1240.86	246.144
1241.44	266.144
1242.01	253.144
1242.59	265.144
1243.16	237.144
1243.73	243.144
1244.31	293.144
1244.88	267.144
1245.45	277.144
1246.03	264.144
1246.6	246.144
1247.17	259.144
1247.75	221.144
1248.32	272.144
1248.89	268.144
1249.47	249.144
1250.04	279.144
1250.61	243.144
1251.18	231.144
1251.76	252.144
1252.33	262.144
1252.9	271.144
1253.48	250.144
1254.05	243.144
1254.62	253.144
1255.19	236.144
1255.77	249.144
1256.34	254.144
1256.91	234.144
1257.48	238.144
1258.06	246.144
1258.63	252.144
1259.2	262.144
1259.77	254.144
1260.34	229.144
1260.92	238.144
1261.49	258.144
1262.06	248.144
1262.63	238.144
1263.2	256.144
1263.78	246.144
1264.35	222.144
1264.92	242.144
1265.49	219.144
1266.06	240.144
1266.63	264.144
1267.2	241.144
1267.78	257.144
1268.35	261.144
1268.92	238.144
1269.49	262.144
1270.06	244.144
1270.63	244.144
1271.2	225.144
1271.77	254.144
1272.34	266.144
1272.92	256.144
1273.49	231.144
1274.06	227.144
1274.63	243.144
1275.2	236.144
1275.77	269.144
1276.34	244.144
1276.91	242.144
1277.48	229.144
1278.05	254.144
1278.62	259.144
1279.19	257.144
1279.76	267.144
1280.33	249.144
1280.9	216.144
1281.47	245.144
1282.04	251.144
1282.61	220.144
1283.18	229.144
1283.75	226.144
1284.32	230.144
1284.89	209.144
1285.46	229.144
1286.03	238.144
1286.6	239.144
1287.17	239.144
1287.74	225.144
1288.31	245.144
1288.88	267.144
1289.45	237.144
1290.01	234.144
1290.58	240.144
1291.15	259.144
1291.72	208.144
1292.29	250.144
1292.86	243.144
1293.43	239.144
1294	215.144
1294.57	176.144
1295.13	220.144
1295.7	260.144
1296.27	237.144
1296.84	222.144
1297.41	244.144
1297.98	230.144
1298.55	242.144
1299.11	220.144
1299.68	251.144
1300.25	260.144
1300.82	224.144
1301.39	250.144
1301.95	209.144
1302.52	232.144
1303.09	252.144
1303.66	245.144
1304.23	226.144
1304.79	228.144
1305.36	227.144
1305.93	237.144
1306.5	206.144
1307.06	232.144
1307.63	255.144
1308.2	221.144
1308.77	229.144
1309.33	234.144
1309.9	213.144
1310.47	227.144
1311.04	235.144
1311.6	213.144
1312.17	233.144
1312.74	224.144
1313.3	226.144
1313.87	236.144
1314.44	223.144
1315	244.144
1315.57	200.144
1316.14	227.144
1316.7	240.144
1317.27	222.144
1317.84	204.144
1318.4	213.144
1318.97	217.144
1319.54	228.144
1320.1	218.144
1320.67	238.144
1321.23	244.144
1321.8	246.144
1322.37	242.144
1322.93	244.144
1323.5	236.144
1324.06	231.144
1324.63	237.144
1325.2	225.144
1325.76	229.144
1326.33	190.144
1326.89	238.144
1327.46	229.144
1328.02	190.144
1328.59	223.144
1329.15	222.144
1329.72	242.144
1330.29	209.144
1330.85	225.144
1331.42	253.144
1331.98	213.144
1332.55	227.144
1333.11	243.144
1333.68	212.144
1334.24	234.144
1334.81	223.144
1335.37	223.144
1335.93	210.144
1336.5	233.144
1337.06	212.144
1337.63	222.144
1338.19	232.144
1338.76	256.144
1339.32	250.144
1339.89	201.144
1340.45	227.144
1341.02	240.144
1341.58	219.144
1342.14	259.144
1342.71	242.144
1343.27	242.144
1343.84	252.144
1344.4	217.144
1344.96	227.144
1345.53	246.144
1346.09	230.144
1346.65	221.144
1347.22	230.144
1347.78	221.144
1348.35	223.144
1348.91	211.144
1349.47	245.144
1350.04	251.144
1350.6	201.144
1351.16	243.144
1351.73	238.144
1352.29	252.144
1352.85	200.144
1353.41	201.144
1353.98	246.144
1354.54	215.144
1355.1	244.144
1355.67	233.144
1356.23	207.144
1356.79	222.144
1357.35	226.144
1357.92	239.144
1358.48	235.144
1359.04	233.144
1359.6	257.144
1360.17	226.144
1360.73	246.144
1361.29	233.144
1361.85	250.144
1362.42	239.144
1362.98	231.144
1363.54	225.144
1364.1	227.144
1364.66	236.144
1365.23	220.144
1365.79	233.144
1366.35	244.144
1366.91	225.144
1367.47	214.144
1368.03	228.144
1368.6	248.144
1369.16	232.144
1369.72	232.144
1370.28	226.144
1370.84	216.144
1371.4	190.144
1371.96	231.144
1372.53	225.144
1373.09	235.144
1373.65	251.144
1374.21	233.144
1374.77	236.144
1375.33	225.144
1375.89	222.144
1376.45	217.144
1377.01	224.144
1377.57	219.144
1378.13	223.144
1378.69	213.144
1379.26	227.144
1379.82	207.144
1380.38	217.144
1380.94	255.144
1381.5	243.144
1382.06	234.144
1382.62	227.144
1383.18	233.144
1383.74	229.144
1384.3	221.144
1384.86	238.144
1385.42	233.144
1385.98	233.144
1386.54	242.144
1387.1	235.144
1387.66	240.144
1388.22	233.144
1388.78	215.144
1389.34	227.144
1389.89	208.144
1390.45	224.144
1391.01	225.144
1391.57	224.144
1392.13	196.144
1392.69	252.144
1393.25	240.144
1393.81	220.144
1394.37	214.144
1394.93	224.144
1395.49	215.144
1396.05	226.144
1396.6	235.144
1397.16	233.144
1397.72	210.144
1398.28	241.144
1398.84	215.144
1399.4	176.144
1399.96	197.144
1400.52	248.144
1401.07	219.144
1401.63	222.144
1402.19	225.144
1402.75	227.144
1403.31	217.144
1403.86	211.144
1404.42	214.144
1404.98	223.144
1405.54	236.144
1406.1	249.144
1406.66	232.144
1407.21	212.144
1407.77	219.144
1408.33	232.144
1408.88	205.144
1409.44	232.144
1410	216.144
1410.56	221.144
1411.12	224.144
1411.67	219.144
1412.23	239.144
1412.79	225.144
1413.34	214.144
1413.9	221.144
1414.46	202.144
1415.02	219.144
1415.57	223.144
1416.13	216.144
1416.69	229.144
1417.24	223.144
1417.8	218.144
1418.36	219.144
1418.91	217.144
1419.47	230.144
1420.03	234.144
1420.58	222.144
1421.14	204.144
1421.7	224.144
1422.25	205.144
1422.81	220.144
1423.37	227.144
1423.92	232.144
1424.48	198.144
1425.03	249.144
1425.59	200.144
1426.15	221.144
1426.7	237.144
1427.26	218.144
1427.81	212.144
1428.37	222.144
1428.93	228.144
1429.48	209.144
1430.04	215.144
1430.59	237.144
1431.15	225.144
1431.7	245.144
1432.26	234.144
1432.81	207.144
1433.37	206.144
1433.92	201.144
1434.48	195.144
1435.03	211.144
1435.59	228.144
1436.14	219.144
1436.7	217.144
1437.25	229.144
1437.81	207.144
1438.36	237.144
1438.92	226.144
1439.47	220.144
1440.03	203.144
1440.58	182.144
1441.14	216.144
1441.69	238.144
1442.25	224.144
1442.8	219.144
1443.35	190.144
1443.91	217.144
1444.46	231.144
1445.02	220.144
1445.57	250.144
1446.13	225.144
1446.68	210.144
1447.23	222.144
1447.79	211.144
1448.34	233.144
1448.89	227.144
1449.45	189.144
1450	226.144
1450.55	235.144
1451.11	222.144
1451.66	235.144
1452.22	231.144
1452.77	214.144
1453.32	236.144
1453.88	207.144
1454.43	212.144
1454.98	241.144
1455.54	225.144
1456.09	212.144
1456.64	209.144
1457.19	221.144
1457.75	234.144
1458.3	218.144
1458.85	240.144
1459.41	213.144
1459.96	196.144
1460.51	231.144
1461.06	224.144
1461.62	235.144
1462.17	237.144
1462.72	196.144
1463.27	227.144
1463.83	214.144
1464.38	230.144
1464.93	222.144
1465.48	227.144
1466.03	206.144
1466.59	233.144
1467.14	191.144
1467.69	198.144
1468.24	224.144
1468.79	224.144
1469.34	244.144
1469.9	208.144
1470.45	231.144
1471	226.144
1471.55	211.144
1472.1	215.144
1472.66	187.144
1473.21	209.144
1473.76	216.144
1474.31	220.144
1474.86	232.144
1475.41	249.144
1475.96	217.144
1476.52	231.144
1477.07	214.144
1477.62	216.144
1478.17	230.144
1478.72	225.144
1479.27	241.144
1479.82	235.144
1480.37	191.144
1480.92	223.144
1481.47	216.144
1482.02	208.144
1482.57	228.144
1483.12	214.144
1483.67	237.144
1484.22	223.144
1484.77	206.144
1485.32	220.144
1485.87	217.144
1486.42	209.144
1486.98	230.144
1487.52	233.144
1488.07	213.144
1488.62	203.144
1489.18	206.144
1489.72	226.144
1490.27	197.144
1490.82	228.144
1491.37	221.144
1491.92	219.144
1492.47	210.144
1493.02	219.144
1493.57	222.144
1494.12	219.144
1494.67	196.144
1495.22	232.144
1495.77	222.144
1496.32	212.144
1496.87	204.144
1497.42	218.144
1497.97	221.144
1498.51	237.144
1499.06	230.144
1499.61	215.144
1500.16	223.144
2600.02	260.621
2600.5	278.621
2600.97	236.621
2601.44	264.621
2601.92	264.621
2602.39	255.621
2602.87	254.621
2603.34	259.621
2603.82	253.621
2604.29	264.621
2604.76	266.621
2605.24	247.621
2605.71	273.621
2606.19	287.621
2606.66	266.621
2607.13	256.621
2607.61	261.621
2608.08	273.621
2608.55	246.621
2609.03	249.621
2609.5	260.621
2609.97	263.621
2610.45	277.621
2610.92	273.621
2611.39	254.621
2611.87	278.621
2612.34	258.621
2612.81	259.621
2613.29	251.621
2613.76	283.621
2614.23	267.621
2614.7	247.621
2615.18	275.621
2615.65	245.621
2616.12	265.621
2616.6	266.621
2617.07	248.621
2617.54	261.621
2618.01	239.621
2618.49	244.621
2618.96	253.621
2619.43	262.621
2619.91	279.621
2620.38	262.621
2620.85	260.621
2621.32	265.621
2621.8	235.621
2622.27	256.621
2622.74	278.621
2623.21	236.621
2623.68	243.621
2624.16	268.621
2624.63	272.621
2625.1	251.621
2625.57	260.621
2626.04	290.621
2626.52	272.621
2626.99	255.621
2627.46	292.621
2627.93	267.621
2628.4	285.621
2628.88	225.621
2629.35	252.621
2629.82	274.621
2630.29	289.621
2630.76	248.621
2631.23	268.621
2631.71	263.621
2632.18	270.621
2632.65	243.621
2633.12	250.621
2633.59	261.621
2634.06	241.621
2634.53	268.621
2635	264.621
2635.48	255.621
2635.95	278.621
2636.42	296.621
2636.89	253.621
2637.36	252.621
2637.83	263.621
2638.3	259.621
2638.77	258.621
2639.24	280.621
2639.71	253.621
2640.18	273.621
2640.65	231.621
2641.13	274.621
2641.6	282.621
2642.07	264.621
2642.54	266.621
2643.01	258.621
2643.48	256.621
2643.95	257.621
2644.42	222.621
2644.89	265.621
2645.36	256.621
2645.83	275.621
2646.3	265.621
2646.77	252.621
2647.24	276.621
2647.71	264.621
2648.18	240.621
2648.65	255.621
2649.12	281.621
2649.59	263.621
2650.06	233.621
2650.53	267.621
2651	293.621
2651.47	255.621
2651.94	225.621
2652.41	270.621
2652.88	253.621
2653.35	276.621
2653.81	269.621
2654.28	264.621
2654.75	247.621
2655.22	246.621
2655.69	249.621
2656.16	262.621
2656.63	236.621
2657.1	238.621
2657.57	228.621
2658.04	218.621
2658.51	212.621
2658.97	224.621
2659.44	213.621
2659.91	228.621
2660.38	231.621
2660.85	238.621
2661.32	244.621
2661.79	215.621
2662.26	256.621
2662.73	250.621
2663.19	243.621
2663.66	230.621
2664.13	264.621
2664.6	250.621
2665.07	278.621
2665.54	248.621
2666	268.621
2666.47	261.621
2666.94	271.621
2667.41	221.621
2667.88	239.621
2668.35	276.621
2668.81	239.621
2669.28	274.621
2669.75	266.621
2670.22	220.621
2670.69	270.621
2671.15	259.621
2671.62	250.621
2672.09	238.621
2672.56	262.621
2673.02	270.621
2673.49	255.621
2673.96	261.621
2674.43	265.621
2674.89	273.621
2675.36	246.621
2675.83	250.621
2676.3	256.621
2676.76	251.621
2677.23	237.621
2677.7	243.621
2678.16	264.621
2678.63	240.621
2679.1	223.621
2679.57	270.621
2680.03	273.621
2680.5	264.621
2680.97	259.621
2681.43	246.621
2681.9	268.621
2682.37	233.621
2682.84	252.621
2683.3	257.621
2683.77	258.621
2684.23	253.621
2684.7	254.621
2685.17	255.621
2685.63	249.621
2686.1	246.621
2686.57	270.621
2687.03	243.621
2687.5	260.621
2687.97	254.621
2688.43	249.621
2688.9	269.621
2689.36	274.621
2689.83	265.621
2690.3	255.621
2690.76	267.621
2691.23	246.621
2691.69	266.621
2692.16	218.621
2692.63	257.621
2693.09	264.621
2693.56	255.621
2694.02	254.621
2694.49	246.621
2694.96	258.621
2695.42	246.621
2695.89	228.621
2696.35	251.621
2696.82	241.621
2697.28	284.621
2697.75	256.621
2698.21	263.621
2698.68	248.621
2699.14	253.621
2699.61	228.621
2700.07	246.621
2700.54	238.621
2701	255.621
2701.47	247.621
2701.93	279.621
2702.4	244.621
2702.86	261.621
2703.33	265.621
2703.79	229.621
2704.26	253.621
2704.72	270.621
2705.19	253.621
2705.65	234.621
2706.12	249.621
2706.58	243.621
2707.05	249.621
2707.51	247.621
2707.98	275.621
2708.44	276.621
2708.9	272.621
2709.37	255.621
2709.83	248.621
2710.3	267.621
2710.76	252.621
2711.23	256.621
2711.69	254.621
2712.15	260.621
2712.62	273.621
2713.08	267.621
2713.55	272.621
2714.01	262.621
2714.47	253.621
2714.94	243.621
2715.4	259.621
2715.86	230.621
2716.33	224.621
2716.79	230.621
2717.25	234.621
2717.72	222.621
2718.18	235.621
2718.65	212.621
2719.11	233.621
2719.57	225.621
2720.04	253.621
2720.5	237.621
2720.96	241.621
2721.42	261.621
2721.89	233.621
2722.35	247.621
2722.81	250.621
2723.28	248.621
2723.74	240.621
2724.2	270.621
2724.67	257.621
2725.13	236.621
2725.59	260.621
2726.06	254.621
2726.52	256.621
2726.98	276.621
2727.44	255.621
2727.91	256.621
2728.37	280.621
2728.83	246.621
2729.29	256.621
2729.76	244.621
2730.22	249.621
2730.68	245.621
2731.14	258.621
2731.6	260.621
2732.07	279.621
2732.53	276.621
2732.99	249.621
2733.45	283.621
2733.92	254.621
2734.38	250.621
2734.84	244.621
2735.3	265.621
2735.76	224.621
2736.22	260.621
2736.69	266.621
2737.15	249.621
2737.61	249.621
2738.07	229.621
2738.53	258.621
2739	262.621
2739.46	247.621
2739.92	255.621
2740.38	266.621
2740.84	259.621
2741.3	271.621
2741.76	250.621
2742.23	256.621
2742.69	254.621
2743.15	271.621
2743.61	275.621
2744.07	225.621
2744.53	270.621
2744.99	279.621
2745.45	228.621
2745.91	262.621
2746.37	257.621
2746.83	250.621
2747.3	257.621
2747.76	249.621
2748.22	254.621
2748.68	272.621
2749.14	249.621
2749.6	258.621
2750.06	264.621
2750.52	245.621
2750.98	261.621
2751.44	256.621
2751.9	258.621
2752.36	262.621
2752.82	251.621
2753.28	280.621
2753.74	247.621
2754.2	297.621
2754.66	259.621
2755.12	251.621
2755.58	266.621
2756.04	258.621
2756.5	255.621
2756.96	258.621
2757.42	236.621
2757.88	269.621
2758.34	269.621
2758.8	268.621
2759.26	254.621
2759.72	264.621
2760.18	255.621
2760.64	256.621
2761.1	240.621
2761.56	276.621
2762.02	265.621
2762.48	279.621
2762.94	253.621
2763.4	248.621
2763.86	247.621
2764.32	262.621
2764.78	257.621
2765.23	248.621
2765.69	243.621
2766.15	269.621
2766.61	277.621
2767.07	244.621
2767.53	248.621
2767.99	264.621
2768.45	245.621
2768.91	282.621
2769.36	237.621
2769.82	274.621
2770.28	264.621
2770.74	259.621
2771.2	273.621
2771.66	267.621
2772.12	261.621
2772.57	257.621
2773.03	281.621
2773.49	277.621
2773.95	275.621
2774.41	248.621
2774.87	292.621
2775.32	264.621
2775.78	246.621
2776.24	264.621
2776.7	258.621
2777.16	243.621
2777.62	243.621
2778.07	261.621
2778.53	255.621
2778.99	265.621
2779.45	259.621
2779.91	251.621
2780.36	257.621
2780.82	237.621
2781.28	253.621
2781.74	250.621
2782.19	277.621
2782.65	225.621
2783.11	282.621
2783.57	258.621
2784.02	261.621
2784.48	268.621
2784.94	265.621
2785.39	254.621
2785.85	251.621
2786.31	255.621
2786.77	271.621
2787.22	250.621
2787.68	255.621
2788.14	240.621
2788.6	263.621
2789.05	277.621
2789.51	282.621
2789.97	243.621
2790.42	275.621
2790.88	281.621
2791.34	277.621
2791.79	258.621
2792.25	276.621
2792.71	255.621
2793.16	252.621
2793.62	266.621
2794.07	241.621
2794.53	299.621
2794.99	265.621
2795.44	272.621
2795.9	266.621
2796.36	261.621
2796.81	266.621
2797.27	270.621
2797.73	244.621
2798.18	254.621
2798.64	275.621
2799.09	274.621
2799.55	287.621
2800.01	273.621
2800.46	272.621
2800.92	282.621
2801.37	260.621
2801.83	272.621
2802.29	261.621
2802.74	271.621
2803.2	275.621
2803.65	277.621
2804.11	270.621
2804.56	265.621
2805.02	244.621
2805.47	271.621
2805.93	272.621
2806.38	250.621
2806.84	292.621
2807.3	260.621
2807.75	258.621
2808.21	252.621
2808.66	240.621
2809.12	267.621
2809.57	283.621
2810.03	226.621
2810.48	275.621
2810.93	265.621
2811.39	263.621
2811.85	285.621
2812.3	254.621
2812.75	256.621
2813.21	272.621
2813.66	242.621
2814.12	266.621
2814.57	276.621
2815.03	266.621
2815.48	271.621
2815.94	245.621
2816.39	257.621
2816.84	250.621
2817.3	287.621
2817.75	261.621
2818.21	279.621
2818.66	258.621
2819.12	245.621
2819.57	279.621
2820.02	274.621
2820.48	273.621
2820.93	264.621
2821.39	230.621
2821.84	272.621
2822.29	250.621
2822.75	257.621
2823.2	248.621
2823.66	271.621
2824.11	290.621
2824.56	280.621
2825.02	261.621
2825.47	272.621
2825.92	258.621
2826.38	253.621
2826.83	261.621
2827.28	272.621
2827.74	253.621
2828.19	278.621
2828.64	279.621
2829.1	253.621
2829.55	255.621
2830	259.621
2830.46	252.621
2830.91	264.621
2831.36	272.621
2831.82	275.621
2832.27	286.621
2832.72	266.621
2833.17	281.621
2833.63	270.621
2834.08	280.621
2834.53	266.621
2834.99	275.621
2835.44	265.621
2835.89	248.621
2836.34	284.621
2836.8	271.621
2837.25	234.621
2837.7	280.621
2838.15	255.621
2838.61	276.621
2839.06	294.621
2839.51	251.621
2839.96	252.621
2840.41	278.621
2840.87	274.621
2841.32	273.621
2841.77	280.621
2842.22	276.621
2842.68	281.621
2843.13	260.621
2843.58	260.621
2844.03	270.621
2844.48	273.621
2844.93	265.621
2845.39	259.621
2845.84	290.621
2846.29	283.621
2846.74	264.621
2847.19	269.621
2847.64	260.621
2848.1	284.621
2848.55	277.621
2849	287.621
2849.45	247.621
2849.9	273.621
2850.35	276.621
2850.8	266.621
2851.25	255.621
2851.71	249.621
2852.16	266.621
2852.61	283.621
2853.06	290.621
2853.51	273.621
2853.96	278.621
2854.41	252.621
2854.86	275.621
2855.31	259.621
2855.76	281.621
2856.21	244.621
2856.66	290.621
2857.12	293.621
2857.57	262.621
2858.02	268.621
2858.47	280.621
2858.92	280.621
2859.37	261.621
2859.82	278.621
2860.27	246.621
2860.72	282.621
2861.17	249.621
2861.62	274.621
2862.07	284.621
2862.52	271.621
2862.97	270.621
2863.42	267.621
2863.87	258.621
2864.32	258.621
2864.77	271.621
2865.22	264.621
2865.67	287.621
2866.12	286.621
2866.57	259.621
2867.02	300.621
2867.47	290.621
2867.92	263.621
2868.37	285.621
2868.82	288.621
2869.27	275.621
2869.72	267.621
2870.17	270.621
2870.61	298.621
2871.06	260.621
2871.51	282.621
2871.96	294.621
2872.41	271.621
2872.86	264.621
2873.31	297.621
2873.76	300.621
2874.21	242.621
2874.66	278.621
2875.11	278.621
2875.55	264.621
2876	264.621
2876.45	297.621
2876.9	282.621
2877.35	277.621
2877.8	260.621
2878.25	256.621
2878.7	262.621
2879.14	256.621
2879.59	287.621
2880.04	280.621
2880.49	279.621
2880.94	281.621
2881.39	281.621
2881.84	271.621
2882.28	266.621
2882.73	267.621
2883.18	273.621
2883.63	275.621
2884.08	276.621
2884.52	282.621
2884.97	254.621
2885.42	259.621
2885.87	286.621
2886.32	286.621
2886.76	303.621
2887.21	288.621
2887.66	263.621
2888.11	287.621
2888.55	295.621
2889	292.621
2889.45	293.621
2889.9	271.621
2890.35	256.621
2890.79	265.621
2891.24	265.621
2891.69	297.621
2892.13	300.621
2892.58	278.621
2893.03	296.621
2893.48	249.621
2893.92	300.621
2894.37	275.621
2894.82	281.621
2895.26	307.621
2895.71	267.621
2896.16	286.621
2896.61	258.621
2897.05	285.621
2897.5	300.621
2897.95	279.621
2898.39	269.621
2898.84	302.621
2899.29	301.621
2899.73	278.621
2900.18	273.621
2900.63	286.621
2901.07	265.621
2901.52	254.621
2901.97	280.621
2902.41	288.621
2902.86	244.621
2903.31	272.621
2903.75	274.621
2904.2	286.621
2904.64	274.621
2905.09	307.621
2905.54	315.621
2905.98	275.621
2906.43	292.621
2906.87	297.621
2907.32	260.621
2907.77	264.621
2908.21	301.621
2908.66	279.621
2909.1	269.621
2909.55	263.621
2909.99	295.621
2910.44	261.621
2910.89	283.621
2911.33	282.621
2911.78	250.621
2912.22	272.621
2912.67	311.621
2913.11	284.621
2913.56	288.621
2914	286.621
2914.45	281.621
2914.9	294.621
2915.34	278.621
2915.78	268.621
2916.23	262.621
2916.68	292.621
2917.12	286.621
2917.57	293.621
2918.01	277.621
2918.45	293.621
2918.9	290.621
2919.35	271.621
2919.79	255.621
2920.23	291.621
2920.68	268.621
2921.12	282.621
2921.57	269.621
2922.01	272.621
2922.46	290.621
2922.9	308.621
2923.35	293.621
2923.79	303.621
2924.24	285.621
2924.68	283.621
2925.12	282.621
2925.57	281.621
2926.01	279.621
2926.46	287.621
2926.9	272.621
2927.34	293.621
2927.79	300.621
2928.23	292.621
2928.68	288.621
2929.12	285.621
2929.56	292.621
2930.01	307.621
2930.45	297.621
2930.89	290.621
2931.34	285.621
2931.78	287.621
2932.23	269.621
2932.67	288.621
2933.11	282.621
2933.56	267.621
2934	277.621
2934.44	290.621
2934.89	275.621
2935.33	286.621
2935.77	273.621
2936.22	294.621
2936.66	282.621
2937.1	267.621
2937.55	290.621
2937.99	281.621
2938.43	286.621
2938.88	319.621
2939.32	291.621
2939.76	264.621
2940.2	273.621
2940.65	290.621
2941.09	298.621
2941.53	295.621
2941.97	307.621
2942.42	285.621
2942.86	298.621
2943.3	291.621
2943.75	292.621
2944.19	301.621
2944.63	306.621
2945.07	250.621
2945.52	269.621
2945.96	297.621
2946.4	295.621
2946.84	293.621
2947.28	272.621
2947.73	279.621
2948.17	289.621
2948.61	297.621
2949.05	287.621
2949.49	301.621
2949.94	273.621
2950.38	280.621
2950.82	298.621
2951.26	292.621
2951.7	286.621
2952.15	297.621
2952.59	323.621
2953.03	293.621
2953.47	291.621
2953.91	282.621
2954.35	296.621
2954.8	309.621
2955.24	281.621
2955.68	279.621
2956.12	298.621
2956.56	292.621
2957	285.621
2957.44	287.621
2957.88	299.621
2958.33	299.621
2958.77	305.621
2959.21	291.621
2959.65	292.621
2960.09	304.621
2960.53	292.621
2960.97	321.621
2961.41	287.621
2961.85	287.621
2962.29	288.621
2962.74	318.621
2963.18	279.621
2963.62	306.621
2964.06	308.621
2964.5	275.621
2964.94	300.621
2965.38	307.621
2965.82	296.621
2966.26	290.621
2966.7	291.621
2967.14	290.621
2967.58	300.621
2968.02	296.621
2968.46	297.482
2968.9	298.45
2969.34	295.599
2969.78	313.231
2970.22	307.891
2970.66	293.382
2971.1	293.104
2971.54	299.304
2971.98	299.915
2972.42	268.947
2972.86	318.2
2973.3	291.121
2973.74	281.453
2974.18	286.088
2974.62	282.687
2975.06	278.764
2975.5	279.696
2975.94	285.908
2976.38	275.15
2976.82	289.404
2977.26	291.438
2977.7	287.557
2978.14	302.318
2978.57	298.434
2979.01	301.027
2979.45	297.341
2979.89	284.015
2980.33	309.425
2980.77	295.436
2981.21	290.527
2981.65	284.607
2982.09	310.089
2982.53	295.451
2982.97	276.804
2983.4	311.075
2983.84	291.585
2984.28	287.322
2984.72	317.54
2985.16	299.097
2985.6	324.275
2986.04	310.4
2986.47	279.038
2986.91	303.815
2987.35	289.648
2987.79	311.926
2988.23	282.84
2988.67	313.968
2989.1	296.405
2989.54	305.677
2989.98	307.036
2990.42	294.785
2990.86	295.949
2991.3	314.238
2991.73	279.576
2992.17	285.506
2992.61	302.54
2993.05	294.485
2993.49	296.099
2993.92	293.563
2994.36	284.616
2994.8	293.452
2995.24	302.364
2995.67	308.945
2996.11	297.475
2996.55	299.534
2996.99	294.232
2997.42	294.039
2997.86	301.974
2998.3	302.48
2998.74	289.35
2999.17	297.054
2999.61	297.635
3000.05	291.624
3000.49	305.515
3000.92	313.847
3001.36	327.917
3001.8	303.27
3002.23	306.584
3002.67	296.931
3003.11	312.251
3003.55	340.712
3003.98	300.152
3004.42	313.772
3004.86	291.005
3005.29	299.382
3005.73	297.588
3006.17	293.31
3006.6	302.972
3007.04	304.908
3007.47	320.441
3007.91	313.896
3008.35	322.477
3008.78	321.67
3009.22	304.071
3009.66	311.13
3010.09	297.63
3010.53	321.815
3010.97	316.237
3011.4	314.118
3011.84	313.774
3012.27	294.662
3012.71	305.735
3013.15	300.824
3013.58	319.234
3014.02	330.707
3014.45	332.712
3014.89	295.65
3015.33	332.604
3015.76	318.653
3016.2	312.246
3016.63	319.96
3017.07	329.126
3017.5	326.53
3017.94	308.066
3018.38	296.784
3018.81	300.449
3019.25	323.615
3019.68	323.247
3020.12	314.219
3020.55	328.926
3020.99	302.246
3021.42	312.695
3021.86	320.336
3022.29	307.842
3022.73	331.7
3023.16	294.494
3023.6	321.82
3024.03	324.755
3024.47	326.174
3024.9	311.086
3025.34	314.099
3025.77	324.945
3026.21	317.754
3026.64	295.35
3027.08	322.4
3027.51	326.735
3027.95	323.073
3028.38	293.45
3028.82	307.202
3029.25	325.092
3029.68	318.391
3030.12	311.915
3030.55	317.824
3030.99	316.297
3031.42	307.656
3031.86	348.222
3032.29	327.653
3032.72	318.171
3033.16	327.091
3033.59	325.973
3034.03	319.034
3034.46	328.594
3034.9	315.22
3035.33	318.829
3035.76	314.148
3036.2	323.811
3036.63	304.914
3037.06	317.634
3037.5	319.554
3037.93	332.949
3038.36	318.137
3038.8	310.532
3039.23	345.056
3039.67	333.385
3040.1	328.185
3040.53	335.853
3040.97	339.056
3041.4	325.379
3041.83	302.379
3042.28	275.379
3042.72	322.301
3043.16	322.513
3043.6	322.965
3044.04	323.122
3044.48	323.1
3044.92	323.671
3045.37	281.379
3045.81	304.379
3046.25	288.379
3046.69	309.379
3047.13	316.379
3047.57	311.379
3048.01	344.379
3048.45	357.379
3048.89	326.17
3049.33	325.379
3049.77	327.379
3050.22	336.379
3050.66	320.379
3051.1	321.379
3051.54	323.379
3051.98	328.379
3052.42	342.379
3052.86	343.379
3053.3	352.379
3053.74	354.379
3054.18	333.379
3054.62	359.379
3055.06	310.379
3055.5	352.379
3055.94	322.379
3056.38	321.379
3056.82	318.379
3057.26	334.379
3057.7	323.379
3058.14	320.379
3058.58	339.379
3059.02	343.379
3059.46	352.379
3059.9	316.379
3060.34	320.379
3060.78	349.379
3061.22	392.379
3061.66	334.379
3062.1	329.379
3062.54	361.379
3062.98	333.379
3063.42	376.379
3063.86	329.379
3064.3	344.379
3064.74	361.379
3065.18	351.379
3065.62	349.379
3066.06	352.379
3066.5	346.379
3066.94	326.379
3067.38	345.379
3067.81	352.379
3068.25	353.379
3068.69	343.379
3069.13	350.379
3069.57	340.379
3070.01	365.379
3070.45	335.379
3070.89	347.379
3071.33	347.379
3071.77	374.379
3072.21	317.379
3072.64	341.379
3073.08	338.379
3073.52	370.379
3073.96	350.379
3074.4	349.379
3074.84	345.379
3075.28	374.379
3075.71	347.379
3076.15	347.379
3076.59	335.379
3077.03	365.379
3077.47	341.379
3077.9	321.379
3078.34	328.379
3078.78	310.379
3079.22	330.379
3079.66	345.379
3080.1	328.379
3080.53	335.379
3080.97	344.379
3081.41	363.379
3081.85	334.379
3082.29	347.379
3082.72	348.379
3083.16	379.379
3083.6	330.379
3084.04	343.379
3084.48	334.379
3084.91	340.379
3085.35	342.379
3085.79	362.379
3086.22	347.379
3086.66	338.379
3087.1	351.379
3087.54	359.379
3087.97	350.379
3088.41	352.379
3088.85	384.379
3089.29	326.379
3089.72	334.379
3090.16	368.379
3090.6	349.379
3091.04	359.379
3091.47	371.379
3091.91	365.379
3092.35	395.379
3092.78	352.379
3093.22	366.379
3093.66	354.379
3094.09	346.379
3094.53	324.379
3094.97	383.379
3095.4	369.379
3095.84	350.379
3096.28	341.379
3096.71	361.379
3097.15	364.379
3097.59	334.379
3098.02	336.379
3098.46	315.379
3098.9	360.187
3099.33	360.362
3099.77	361.212
3100.2	361.112
3100.64	361.179
3101.08	361.429
3101.51	330.379
3101.95	330.379
3102.39	369.379
3102.82	378.379
3103.26	361.379
3103.69	386.379
3104.13	370.379
3104.56	379.379
3105	346.379
3105.44	366.379
3105.87	380.379
3106.31	382.379
3106.74	367.379
3107.18	392.379
3107.61	369.379
3108.05	390.379
3108.49	385.379
3108.92	413.379
3109.36	376.379
3109.79	380.379
3110.23	389.379
3110.66	385.379
3111.1	376.379
3111.53	379.379
3111.97	383.379
3112.4	364.379
3112.84	375.379
3113.27	408.379
3113.71	400.379
3114.14	395.379
3114.58	390.379
3115.01	401.379
3115.45	381.379
3115.88	356.379
3116.32	382.379
3116.75	377.379
3117.19	400.379
3117.62	374.379
3118.06	370.379
3118.49	388.379
3118.93	374.379
3119.36	352.379
3119.79	384.379
3120.23	389.379
3120.66	376.379
3121.1	378.379
3121.53	395.379
3121.96	370.379
3122.4	369.379
3122.83	427.379
3123.27	363.379
3123.7	405.379
3124.14	403.379
3124.57	396.379
3125	394.379
3125.44	376.379
3125.87	393.379
3126.31	383.379
3126.74	377.379
3127.17	386.379
3127.61	412.379
3128.04	411.379
3128.47	413.379
3128.91	411.379
3129.34	410.379
3129.78	403.379
3130.21	361.379
3130.64	432.379
3131.07	374.379
3131.51	382.379
3131.94	418.379
3132.38	372.379
3132.81	429.379
3133.24	406.379
3133.68	425.379
3134.11	425.379
3134.54	417.379
3134.97	428.379
3135.41	375.379
3135.84	374.379
3136.27	393.379
3136.71	429.379
3137.14	415.379
3137.57	385.379
3138	386.379
3138.44	413.379
3138.87	427.379
3139.3	421.379
3139.74	445.379
3140.17	429.379
3140.6	417.379
3141.03	432.379
3141.47	403.379
3141.9	393.379
3142.33	422.379
3142.76	450.379
3143.2	416.379
3143.63	431.379
3144.06	425.379
3144.49	389.379
3144.92	409.379
3145.36	440.379
3145.79	433.379
3146.22	412.379
3146.65	421.379
3147.08	413.379
3147.51	421.379
3147.95	413.379
3148.38	452.379
3148.81	421.379
3149.24	441.379
3149.67	411.379
3150.11	431.379
3150.54	418.379
3150.97	404.379
3151.4	460.379
3151.83	426.379
3152.26	431.379
3152.69	425.379
3153.13	428.379
3153.56	464.379
3153.99	455.379
3154.42	435.379
3154.85	399.379
3155.28	442.379
3155.71	451.379
3156.15	420.379
3156.58	446.379
3157.01	407.379
3157.44	445.379
3157.87	432.379
3158.3	425.379
3158.73	419.379
3159.16	455.379
3159.59	482.379
3160.02	444.379
3160.45	428.379
3160.89	431.379
3161.32	452.379
3161.75	403.379
3162.18	440.379
3162.61	441.379
3163.04	438.379
3163.47	424.379
3163.9	449.379
3164.33	404.379
3164.76	451.379
3165.19	409.379
3165.62	437.379
3166.05	464.379
3166.48	444.379
3166.91	449.379
3167.34	461.379
3167.77	437.379
3168.2	465.379
3168.63	435.379
3169.06	452.379
3169.49	446.379
3169.92	441.379
3170.35	452.379
3170.78	443.379
3171.21	428.379
3171.64	473.379
3172.07	467.379
3172.5	425.379
3172.93	462.379
3173.36	452.379
3173.79	453.379
3174.22	470.379
3174.65	425.379
3175.08	463.379
3175.5	461.379
3175.93	483.379
3176.36	461.379
3176.79	496.379
3177.22	450.379
3177.65	467.379
3178.08	492.379
3178.51	439.379
3178.94	470.379
3179.37	490.379
3179.8	492.379
3180.22	469.379
3180.65	461.379
3181.08	465.379
3181.51	490.379
3181.94	517.379
3182.37	464.379
3182.8	475.379
3183.23	478.379
3183.65	467.379
3184.08	486.379
3184.51	454.379
3184.94	479.379
3185.37	468.379
3185.8	435.379
3186.22	473.379
3186.65	478.379
3187.08	454.379
3187.51	486.379
3187.94	487.379
3188.37	464.379
3188.79	501.379
3189.22	491.379
3189.65	499.379
3190.08	478.379
3190.51	487.379
3190.93	484.379
3191.36	504.379
3191.79	479.379
3192.22	503.379
3192.65	524.379
3193.07	472.379
3193.5	493.379
3193.93	526.379
3194.36	502.379
3194.78	480.379
3195.21	487.379
3195.64	536.379
3196.07	504.379
3196.49	522.379
3196.92	497.379
3197.35	510.379
3197.78	504.379
3198.2	523.379
3198.63	481.379
3199.06	534.379
3199.48	491.379
3199.91	512.379
3200.34	488.379
3200.77	502.379
3201.19	553.379
3201.62	497.379
3202.05	519.379
3202.47	520.379
3202.9	469.379
3203.33	506.379
3203.75	509.379
3204.18	525.379
3204.61	516.379
3205.03	518.379
3205.46	515.379
3205.89	510.379
3206.31	488.379
3206.74	551.379
3207.17	493.379
3207.59	521.379
3208.02	534.379
3208.45	530.379
3208.87	516.379
3209.3	544.379
3209.72	553.379
3210.15	524.379
3210.58	521.379
3211	531.379
3211.43	488.379
3211.85	534.379
3212.28	503.379
3212.71	528.379
3213.13	550.379
3213.56	559.379
3213.98	515.379
3214.41	510.379
3214.83	548.379
3215.26	554.379
3215.69	537.379
3216.11	563.379
3216.54	507.379
3216.96	561.379
3217.39	508.379
3217.81	530.379
3218.24	547.379
3218.67	548.379
3219.09	544.379
3219.52	556.379
3219.94	570.379
3220.37	532.379
3220.79	555.379
3221.22	542.379
3221.64	553.379
3222.07	541.379
3222.49	565.379
3222.92	572.379
3223.34	534.379
3223.77	533.379
3224.19	566.379
3224.62	524.379
3225.04	589.379
3225.46	541.379
3225.89	541.379
3226.31	546.379
3226.74	510.379
3227.16	568.379
3227.59	549.379
3228.01	561.379
3228.44	594.379
3228.86	559.379
3229.29	573.379
3229.71	554.379
3230.14	540.379
3230.56	547.379
3230.98	601.379
3231.41	560.379
3231.83	572.379
3232.26	549.379
3232.68	539.379
3233.1	530.379
3233.53	598.379
3233.95	560.379
3234.38	593.379
3234.8	572.379
3235.22	586.379
3235.65	531.379
3236.07	554.379
3236.49	572.379
3236.92	581.379
3237.34	571.379
3237.77	593.379
3238.19	591.379
3238.61	596.379
3239.04	584.379
3239.46	544.379
3239.88	529.379
3240.31	561.379
3240.73	593.379
3241.15	599.379
3241.58	583.379
3242	561.379
3242.42	566.379
3242.84	605.379
3243.27	577.379
3243.69	623.379
3244.12	597.379
3244.54	615.379
3244.96	588.379
3245.38	609.379
3245.81	589.379
3246.23	579.379
3246.65	602.379
3247.07	575.379
3247.5	563.379
3247.92	611.379
3248.34	621.379
3248.77	618.379
3249.19	573.379
3249.61	599.379
3250.03	589.379
3250.46	580.379
3250.88	579.379
3251.3	619.379
3251.72	581.379
3252.15	572.379
3252.57	639.379
3252.99	611.379
3253.41	549.379
3253.83	630.379
3254.25	609.379
3254.68	593.379
3255.1	614.379
3255.52	609.379
3255.94	595.379
3256.37	602.379
3256.79	626.379
3257.21	629.379
3257.63	650.379
3258.05	616.379
3258.47	615.379
3258.9	595.379
3259.32	613.379
3259.74	631.379
3260.16	599.379
3260.58	615.379
3261	651.379
3261.43	606.379
3261.85	641.379
3262.27	579.379
3262.69	605.379
3263.11	609.379
3263.53	666.379
3263.95	597.379
3264.37	613.379
3264.79	639.379
3265.22	608.379
3265.64	595.379
3266.06	595.379
3266.48	623.379
3266.9	616.379
3267.32	617.379
3267.74	565.379
3268.16	628.379
3268.58	661.379
3269	610.379
3269.42	620.379
3269.84	608.379
3270.27	653.379
3270.69	658.379
3271.11	611.379
3271.53	667.379
3271.95	576.379
3272.37	616.379
3272.79	635.379
3273.21	600.379
3273.63	601.379
3274.05	623.379
3274.47	623.379
3274.89	613.379
3275.31	660.379
3275.73	623.379
3276.15	651.379
3276.57	647.379
3276.99	641.379
3277.41	661.379
3277.83	633.379
3278.25	603.379
3278.67	631.379
3279.09	643.379
3279.51	596.379
3279.93	633.379
3280.35	591.379
3280.77	637.379
3281.19	633.379
3281.61	627.379
3282.03	640.379
3282.45	644.379
3282.86	593.379
3283.29	633.379
3283.7	646.379
3284.12	634.379
3284.54	611.379
3284.96	649.379
3285.38	650.379
3285.8	643.379
3286.22	644.379
3286.64	653.379
3287.06	674.379
3287.48	629.379
3287.9	629.379
3288.31	635.379
3288.73	638.379
3289.15	609.379
3289.57	628.379
3289.99	632.379
3290.41	649.379
3290.83	658.379
3291.25	672.379
3291.66	639.379
3292.08	664.379
3292.5	662.379
3292.92	618.695
3293.34	653.243
3293.76	653.331
3294.18	680.405
3294.59	686.105
3295.01	675.328
3295.43	655.085
3295.85	676.013
3296.27	631.016
3296.68	648.451
3297.1	682.055
3297.52	648.725
3297.94	671.736
3298.36	626.865
3298.77	669.14
3299.19	587.483
3299.61	683.728
3300.03	648.511
3300.45	678.084
3300.86	659.225
3301.28	696.205
3301.7	633.954
3302.12	635.7
3302.53	655.012
3302.95	625.444
3303.37	638.234
3303.79	645.158
3304.2	667.337
3304.62	659.843
3305.04	666.842
3305.46	675.498
3305.87	666.691
3306.29	672.475
3306.71	654.096
3307.12	677.791
3307.54	682.814
3307.96	678.297
3308.38	693.704
3308.79	654.783
3309.21	660.71
3309.63	697.246
3310.04	678.855
3310.46	708.641
3310.88	683.18
3311.29	668.147
3311.71	656.861
3312.13	700.21
3312.54	669.777
3312.96	668.884
3313.38	631.318
3313.79	654.766
3314.21	647.592
3314.63	651.309
3315.04	655.11
3315.46	658.815
3315.88	687.993
3316.29	692.383
3316.71	684.192
3317.13	660.561
3317.54	701.537
3317.96	708.516
3318.37	679.317
3318.79	686.385
3319.21	688.031
3319.62	717.316
3320.04	701.647
3320.45	684.84
3320.87	693.438
3321.29	715.379
3321.7	686.533
3322.12	722.68
3322.53	706.177
3322.95	726.98
3323.37	720.096
3323.78	698.433
3324.2	702.884
3324.61	727.026
3325.03	665.568
3325.44	704.25
3325.86	689.497
3326.27	680.711
3326.69	692.521
3327.1	736.373
3327.52	710.393
3327.94	712.739
3328.35	709.896
3328.76	692.099
3329.18	712.109
3329.6	710.265
3330.01	727.273
3330.43	696.369
3330.84	720.165
3331.26	736.766
3331.67	731.081
3332.08	718
3332.5	705.137
3332.92	724.808
3333.33	745.18
3333.74	733.865
3334.16	734.129
3334.57	736.162
3334.99	726.265
3335.4	711.041
3335.82	694.965
3336.23	728.113
3336.65	718.821
3337.06	725.537
3337.48	743.483
3337.89	720.617
3338.3	771.508
3338.72	723.869
3339.13	747.636
3339.55	727.105
3339.96	735.093
3340.37	750.499
3340.79	734.121
3341.2	758.475
3341.62	739.418
3342.03	756.532
3342.44	767.024
3342.86	761.068
3343.27	732.156
3343.69	724.633
3344.1	749.259
3344.51	732.064
3344.93	762.977
3345.34	733.092
3345.75	762.781
3346.17	779.045
3346.58	758.365
3346.99	775.163
3347.41	747.225
3347.82	744.519
3348.23	755.783
3348.65	758.748
3349.06	770.21
3349.47	737.306
3349.89	752.689
3350.3	750.543
3350.71	785.579
3351.13	783.899
3351.54	760.984
3351.95	789.808
3352.37	785.314
3352.78	794.746
3353.19	777.305
3353.6	775.639
3354.02	777.333
3354.43	800.981
3354.84	779.584
3355.26	760.427
3355.67	789.642
3356.08	760.828
3356.49	775.23
3356.91	774.065
3357.32	772.251
3357.73	755.141
3358.14	752.394
3358.56	766.207
3358.97	767.428
3359.38	812.264
3359.79	755.618
3360.21	771.121
3360.62	787.271
3361.03	775.604
3361.44	799.267
3361.85	819.915
3362.27	778.961
3362.68	741.591
3363.09	799.269
3363.5	800.982
3363.91	793.509
3364.33	794.949
3364.74	796.511
3365.15	797.293
3365.56	798.732
3365.97	808.811
3366.38	810.18
3366.8	749.001
3367.21	744.281
3367.62	784.771
3368.03	831.856
3368.44	791.651
3368.85	793.606
3369.26	810.388
3369.68	802.843
3370.09	796.894
3370.5	812.94
3370.91	836.804
3371.32	866.397
3371.73	825.599
3372.14	867.312
3372.55	856.207
3372.97	881.811
3373.38	863.399
3373.79	882.603
3374.2	849.565
3374.61	858.385
3375.02	833.24
3375.43	861.109
3375.84	861.718
3376.25	881.665
3376.66	845.153
3377.07	849.183
3377.48	876.35
3377.89	845.89
3378.31	845.542
3378.72	857.735
3379.13	863.402
3379.54	816.166
3379.95	879.225
3380.36	846.465
3380.77	846.648
3381.18	852.086
3381.59	849.376
3382	864.513
3382.41	887.688
3382.82	843.78
3383.23	831.581
3383.64	879.047
3384.05	885.412
3384.46	882.732
3384.87	872.059
3385.28	927.58
3385.69	882.949
3386.1	864.922
3386.51	867.603
3386.92	868.353
3387.33	878.967
3387.74	855.992
3388.15	862.174
3388.56	911.416
3388.97	873.195
3389.38	883.72
3389.78	915.413
3390.19	930.822
3390.6	904.75
3391.01	887.671
3391.42	888.924
3391.83	920.901
3392.24	895.683
3392.65	946.04
3393.06	903.26
3393.47	908.792
3393.88	905.273
3394.29	894.245
3394.7	901.2
3395.11	914.512
3395.51	902.668
3395.92	859.316
3396.33	911.852
3396.74	834.508
3397.15	806.556
3397.56	910.968
3397.97	846.393
3398.38	891.482
3398.78	926.429
3399.19	931.98
3399.6	947.102
3400.01	969.09
3400.42	940.152
3400.83	964.14
3401.23	900.639
3401.64	912.549
3402.05	925.917
3402.46	909.315
3402.87	949.979
3403.28	932.679
3403.68	912.712
3404.09	921.118
3404.49	910.118
3404.91	917.118
3405.32	941.578
3405.74	943.403
3406.15	935.118
3406.57	963.118
3406.98	950.118
3407.4	970.118
3407.81	951.118
3408.23	956.118
3408.64	978.118
3409.06	975.118
3409.47	975.118
3409.89	991.118
3410.3	939.118
3410.72	990.118
3411.13	982.118
3411.55	977.118
3411.96	996.118
3412.37	1022.12
3412.79	1005.12
3413.2	992.118
3413.62	1042.12
3414.03	985.118
3414.45	919.118
3414.86	934.118
3415.28	980.49
3415.69	977.116
3416.1	979.182
3416.52	968.263
3416.93	969.891
3417.35	971.026
3417.76	972.749
3418.17	973.938
3418.59	987.293
3419	994.364
3419.42	995.291
3419.83	955.118
3420.24	963.118
3420.66	959.118
3421.07	1000.12
3421.49	1007.12
3421.9	1049.12
3422.31	998.118
3422.73	1068.12
3423.14	1046.12
3423.55	1033.12
3423.97	1076.12
3424.38	1036.12
3424.79	972.118
3425.21	1002.12
3425.62	1038.12
3426.03	1013.12
3426.45	1035.12
3426.86	1032.12
3427.27	1047.12
3427.69	992.118
3428.1	1003.12
3428.51	1012.12
3428.93	1076.12
3429.34	1060.12
3429.75	1018.12
3430.16	1014.12
3430.58	1018.12
3430.99	1040.12
3431.4	1084.12
3431.82	1051.12
3432.23	1066.12
3432.64	1088.12
3433.05	1050.12
3433.47	1033.12
3433.88	1084.12
3434.29	1071.12
3434.7	1046.12
3435.12	1083.12
3435.53	1078.12
3435.94	1125.12
3436.35	1079.12
3436.77	1058.12
3437.18	1113.12
3437.59	1068.12
3438	1007.12
3438.42	1109.12
3438.83	1047.12
3439.24	1107.12
3439.65	1073.12
3440.06	1064.12
3440.48	1089.12
3440.89	1060.12
3441.3	1076.12
3441.71	1139.12
3442.12	1116.12
3442.53	1088.12
3442.95	1083.12
3443.36	1114.12
3443.77	1047.12
3444.18	1093.12
3444.59	1103.12
3445	1073.12
3445.42	1066.12
3445.83	1099.12
3446.24	1127.12
3446.65	1112.12
3447.06	1125.12
3447.47	1102.12
3447.88	1103.12
3448.3	1067.12
3448.71	1091.12
3449.12	1109.12
3449.53	1049.12
3449.94	1135.12
3450.35	1126.12
3450.76	1140.12
3451.17	1173.12
3451.58	1120.12
3452	1140.12
3452.41	1166.12
3452.82	1091.12
3453.23	1143.12
3453.64	1116.12
3454.05	1120.12
3454.46	1106.12
3454.87	1135.12
3455.28	1177.12
3455.69	1161.12
3456.1	1150.12
3456.51	1160.12
3456.92	1146.12
3457.33	1139.12
3457.74	1088.12
3458.15	1179.12
3458.57	1165.12
3458.98	1124.12
3459.39	1149.12
3459.8	1188.12
3460.21	1218.12
3460.62	1130.12
3461.03	1220.12
3461.44	1130.12
3461.85	1161.12
3462.26	1148.12
3462.67	1117.12
3463.08	1146.12
3463.49	1198.12
3463.9	1170.12
3464.31	1183.12
3464.72	1194.12
3465.13	1207.12
3465.53	1220.12
3465.95	1211.12
3466.35	1230.12
3466.76	1176.12
3467.17	1202.12
3467.58	1202.12
3467.99	1192.12
3468.4	1137.12
3468.81	1194.12
3469.22	1169.12
3469.63	1226.12
3470.04	1221.12
3470.45	1231.12
3470.86	1231.12
3471.27	1187.12
3471.68	1207.12
3472.09	1208.12
3472.49	1188.12
3472.9	1164.12
3473.31	1214.12
3473.72	1165.12
3474.13	1207.12
3474.54	1248.12
3474.95	1221.12
3475.36	1209.12
3475.77	1199.12
3476.17	1246.12
3476.58	1177.12
3476.99	1249.12
3477.4	1258.12
3477.81	1249.12
3478.22	1251.12
3478.63	1256.12
3479.03	1249.12
3479.44	1288.12
3479.85	1244.12
3480.26	1284.12
3480.67	1252.12
3481.08	1260.12
3481.48	1212.12
3481.89	1222.12
3482.3	1255.12
3482.71	1222.12
3483.12	1294.12
3483.53	1273.12
3483.93	1301.12
3484.34	1284.12
3484.75	1266.12
3485.16	1228.12
3485.56	1291.12
3485.97	1269.12
3486.38	1230.12
3486.79	1250.12
3487.2	1239.12
3487.6	1212.12
3488.01	1221.12
3488.42	1256.12
3488.83	1292.12
3489.23	1290.12
3489.64	1312.12
3490.05	1308.12
3490.46	1276.12
3490.86	1262.12
3491.27	1315.12
3491.68	1340.12
3492.09	1321.12
3492.49	1319.12
3492.9	1339.12
3493.31	1248.12
3493.71	1372.12
3494.12	1345.12
3494.53	1335.12
3494.94	1307.12
3495.34	1279.12
3495.75	1229.12
3496.16	1289.12
3496.56	1294.12
3496.97	1308.12
3497.38	1342.12
3497.78	1351.12
3498.19	1332.12
3498.6	1346.12
3499	1296.12
3499.41	1351.12
3499.82	1368.12
3500.22	1349.12
3500.63	1340.12
3501.04	1367.12
3501.44	1355.12
3501.85	1312.12
3502.26	1335.12
3502.66	1329.12
3503.07	1346.12
3503.47	1349.12
3503.88	1366.12
3504.29	1356.12
3504.69	1324.12
3505.1	1366.12
3505.51	1318.12
3505.91	1332.12
3506.32	1279.12
3506.72	1318.12
3507.13	1376.12
3507.54	1418.12
3507.94	1410.12
3508.35	1362.12
3508.75	1419.12
3509.16	1325.12
3509.56	1371.12
3509.97	1371.12
3510.37	1370.12
3510.78	1343.12
3511.19	1397.12
3511.59	1395.12
3512	1379.12
3512.4	1382.12
3512.81	1369.12
3513.21	1393.12
3513.62	1377.12
3514.02	1372.12
3514.43	1380.12
3514.83	1362.12
3515.24	1338.12
3515.64	1402.12
3516.05	1356.12
3516.46	1420.12
3516.86	1360.12
3517.26	1417.12
3517.67	1373.12
3518.07	1387.12
3518.48	1416.12
3518.88	1357.12
3519.29	1383.12
3519.69	1377.12
3520.1	1436.12
3520.5	1415.12
3520.91	1392.12
3521.31	1412.12
3521.72	1397.12
3522.12	1425.12
3522.53	1431.12
3522.93	1398.12
3523.33	1405.12
3523.74	1359.12
3524.14	1429.12
3524.55	1402.12
3524.95	1426.12
3525.36	1484.12
3525.76	1432.12
3526.17	1409.12
3526.57	1464.12
3526.97	1403.12
3527.38	1430.12
3527.78	1436.12
3528.19	1383.12
3528.59	1350.12
3528.99	1448.12
3529.4	1424.12
3529.8	1441.12
3530.2	1388.12
3530.61	1440.12
3531.01	1404.12
3531.42	1446.12
3531.82	1396.12
3532.22	1383.12
3532.63	1424.12
3533.03	1438.12
3533.43	1481.12
3533.84	1426.12
3534.24	1417.12
3534.64	1433.12
3535.05	1438.12
3535.45	1452.12
3535.85	1473.12
3536.26	1444.12
3536.66	1444.12
3537.06	1426.12
3537.47	1385.12
3537.87	1353.12
3538.27	1375.12
3538.68	1426.12
3539.08	1441.12
3539.48	1444.12
3539.89	1432.12
3540.29	1409.12
3540.69	1426.12
3541.09	1407.12
3541.5	1409.12
3541.9	1394.12
3542.3	1381.12
3542.7	1433.12
3543.11	1429.12
3543.51	1402.12
3543.91	1419.12
3544.31	1452.12
3544.72	1386.12
3545.12	1382.12
3545.52	1374.12
3545.92	1447.12
3546.33	1397.12
3546.73	1425.12
3547.13	1452.12
3547.53	1388.12
3547.94	1435.12
3548.34	1395.12
3548.74	1418.12
3549.14	1368.12
3549.54	1417.12
3549.95	1459.12
3550.35	1394.12
3550.75	1455.12
3551.15	1482.12
3551.55	1421.12
3551.96	1379.12
3552.36	1388.12
3552.76	1387.12
3553.16	1409.12
3553.56	1463.12
3553.96	1385.12
3554.36	1373.12
3554.77	1402.12
3555.17	1381.12
3555.57	1393.12
3555.97	1387.12
3556.37	1310.12
3556.77	1408.12
3557.17	1369.12
3557.58	1353.12
3557.98	1342.12
3558.38	1391.12
3558.78	1391.12
3559.18	1414.12
3559.58	1383.12
3559.98	1441.12
3560.38	1379.12
3560.79	1375.12
3561.19	1385.12
3561.59	1372.12
3561.99	1376.12
3562.39	1373.12
3562.79	1380.12
3563.19	1357.12
3563.59	1319.12
3563.99	1422.12
3564.39	1347.12
3564.79	1352.12
3565.19	1365.12
3565.59	1329.12
3565.99	1376.12
3566.39	1354.12
3566.8	1273.12
3567.2	1340.12
3567.6	1350.12
3568	1316.12
3568.4	1322.12
3568.8	1385.12
3569.2	1327.12
3569.6	1336.12
3570	1316.12
3570.4	1279.12
3570.8	1301.12
3571.2	1323.12
3571.6	1276.12
3572	1309.12
3572.4	1324.12
3572.8	1334.12
3573.2	1302.12
3573.6	1328.12
3574	1315.12
3574.4	1330.12
3574.8	1354.12
3575.2	1311.12
3575.6	1253.12
3576	1304.12
3576.4	1317.12
3576.79	1304.12
3577.19	1330.12
3577.59	1317.12
3577.99	1300.12
3578.39	1299.12
3578.79	1304.12
3579.19	1267.12
3579.59	1271.12
3579.99	1270.12
3580.39	1212.12
3580.79	1253.12
3581.19	1260.12
3581.59	1287.12
3581.99	1244.12
3582.38	1237.12
3582.78	1276.12
3583.18	1303.12
3583.58	1280.12
3583.98	1253.12
3584.38	1212.12
3584.78	1260.12
3585.18	1264.12
3585.57	1246.12
3585.97	1289.12
3586.37	1194.12
3586.77	1262.12
3587.17	1224.12
3587.57	1233.12
3587.97	1286.12
3588.36	1257.12
3588.76	1203.12
3589.16	1187.12
3589.56	1192.12
3589.96	1186.12
3590.36	1198.12
3590.75	1145.12
3591.15	1155.12
3591.55	1155.12
3591.95	1199.12
3592.35	1198.12
3592.74	1195.12
3593.14	1179.12
3593.54	1206.12
3593.94	1160.12
3594.34	1132.12
3594.73	1206.12
3595.13	1162.12
3595.53	1158.12
3595.93	1133.12
3596.33	1157.12
3596.72	1175.12
3597.12	1144.12
3597.52	1110.12
3597.92	1072.12
3598.31	1151.12
3598.71	1145.12
3599.11	1109.12
3599.51	1126.12
3599.9	1121.12
3600.3	1176.12
3600.7	1115.12
3601.1	1116.12
3601.49	1097.12
3601.89	1150.12
3602.29	1126.12
3602.69	1078.12
3603.08	1113.12
3603.48	1102.12
3603.88	1111.12
3604.27	1087.12
3604.67	1065.12
3605.07	1058.12
3605.46	1081.12
3605.86	1100.12
3606.26	1039.12
3606.65	1106.12
3607.05	1079.12
3607.45	1078.12
3607.84	1080.12
3608.24	1101.12
3608.64	1055.12
3609.03	1058.89
3609.43	1007.97
3609.83	1035.78
3610.22	1025.71
3610.62	957.437
3611.02	997.075
3611.41	1036.13
3611.81	1064.97
3612.2	1007.81
3612.6	1059.33
3613	1013.9
3613.39	1024.46
3613.79	1002.62
3614.19	973.053
3614.58	1007.3
3614.98	1025.11
3615.37	1034.05
3615.77	1023.39
3616.16	991.778
3616.56	1036.85
3616.96	990.017
3617.35	1015.97
3617.75	988.726
3618.14	1013.91
3618.54	970.237
3618.93	947.284
3619.33	936.695
3619.73	898.519
3620.12	876.522
3620.52	879.569
3620.91	845.243
3621.31	912.743
3621.7	892.608
3622.1	912.465
3622.49	946.208
3622.89	897.344
3623.28	906.901
3623.68	901.976
3624.08	928.157
3624.47	924.989
3624.87	924.406
3625.26	921.104
3625.66	892.444
3626.05	896.094
3626.45	895.402
3626.84	876.935
3627.23	869.041
3627.63	924.421
3628.02	864.086
3628.42	876.843
3628.81	874.437
3629.21	923.447
3629.6	899.798
3630	896.178
3630.39	881.025
3630.79	895.764
3631.18	832.438
3631.58	824.273
3631.97	853.965
3632.37	816.33
3632.76	830.934
3633.15	824.76
3633.55	840.048
3633.94	805.008
3634.34	812.441
3634.73	806.614
3635.13	787.851
3635.52	829.42
3635.91	816.641
3636.31	796.532
3636.7	799.129
3637.1	761.443
3637.49	783.776
3637.88	746.729
3638.28	785.815
3638.67	783.347
3639.06	773.271
3639.46	764.555
3639.85	767.225
3640.25	758.304
3640.64	763.463
3641.03	724.38
3641.43	728.951
3641.82	720.37
3642.21	725.369
3642.61	708.203
3643	686.43
3643.39	700.884
3643.79	672.176
3644.18	696.953
3644.57	704.666
3644.97	666.448
3645.36	723.566
3645.75	689.094
3646.15	706.157
3646.54	680.423
3646.93	666.907
3647.33	668.399
3647.72	652.95
3648.11	655.945
3648.5	664.903
3648.9	661.128
3649.29	626.203
3649.68	658.193
3650.08	655.309
3650.47	648.142
3650.86	601.367
3651.25	637.968
3651.65	612.983
3652.04	636.228
3652.43	609.635
3652.82	596.22
3653.22	615.312
3653.61	642.128
3654	584.308
3654.39	588.647
3654.79	607.495
3655.18	581.866
3655.57	561.54
3655.96	596.514
3656.36	564.027
3656.75	559.462
3657.14	536.667
3657.53	548.88
3657.92	545.429
3658.32	534.869
3658.71	541.782
3659.1	545.614
3659.49	549.791
3659.88	536.72
3660.27	534.476
3660.67	521.984
3661.06	515.565
3661.45	510.276
3661.84	504.027
3662.23	513.596
3662.62	491.279
3663.02	502.229
3663.41	492.587
3663.8	461.695
3664.19	473.811
3664.58	449.85
3664.97	468.674
3665.36	481.296
3665.76	485.865
3666.15	449.179
3666.54	459.282
3666.93	434.107
3667.32	449.072
3667.71	457.391
3668.1	451.219
3668.49	419.363
3668.88	454.013
3669.28	430.177
3669.67	424.22
3670.06	399.973
3670.45	402.928
3670.84	415.623
3671.23	401.01
3671.62	411.089
3672.01	405.828
3672.4	411.148
3672.79	421.42
3673.18	390.262
3673.57	415.429
3673.96	397.474
3674.36	382.745
3674.75	389.397
3675.14	358.098
3675.53	321.73
3675.92	303.01
3676.31	272.241
3676.7	236.047
3677.09	238.021
3677.48	242.171
3677.87	258.242
3678.26	282.53
3678.65	291.929
3679.04	344.196
3679.43	346.209
3679.82	350.632
3680.21	350.772
3680.6	334.461
3680.99	331.03
3681.38	318.634
3681.77	319.575
3682.16	338.537
3682.55	351.821
3682.94	347.463
3683.33	307.192
3683.72	310.901
3684.11	328.31
3684.5	316.567
3684.89	341.509
3685.27	292.756
3685.66	321.661
3686.05	306.751
3686.44	321.899
3686.83	324.174
3687.22	305.904
3687.61	313.125
3688	315.012
3688.39	311.38
3688.78	309.522
3689.17	317.614
3689.56	301.835
3689.95	325.928
3690.33	276.455
3690.72	317.406
3691.11	293.634
3691.5	276.164
3691.89	289.926
3692.28	289.99
3692.67	278.575
3693.06	279.326
3693.45	288.094
3693.83	269.602
3694.22	272.997
3694.61	275.085
3695	270.221
3695.39	265.713
3695.78	274.29
3696.17	296.637
3696.55	247.651
3696.94	268.807
3697.33	272.716
3697.72	252.448
3698.11	240.729
3698.5	278.412
3698.88	257.115
3699.27	269.51
3699.66	242.581
3700.05	256.437
3700.44	248.092
3700.82	223.329
3701.21	271.036
3701.6	285.698
3701.99	265.093
3702.38	235.808
3702.76	221.187
3703.15	262.873
3703.54	262.483
3703.93	265.052
3704.32	258.625
3704.7	232.834
3705.09	227.97
3705.48	267.563
3705.87	243.541
3706.25	270.698
3706.52	231.698
3706.92	210.698
3707.31	206.698
3707.71	195.698
3708.1	206.698
3708.5	245.698
3708.89	215.698
3709.29	212.698
3709.68	205.698
3710.07	237.698
3710.47	229.698
3710.86	217.698
3711.26	250.698
3711.65	210.698
3712.05	206.698
3712.44	214.698
3712.83	214.698
3713.23	216.698
3713.62	226.698
3714.02	216.698
3714.41	198.698
3714.8	209.698
3715.2	211.698
3715.59	214.698
3715.99	217.698
3716.38	217.698
3716.77	208.698
3717.17	207.698
3717.56	225.698
3717.95	214.698
3718.35	216.698
3718.74	220.698
3719.14	192.698
3719.53	238.698
3719.92	217.698
3720.32	207.698
3720.71	184.698
3721.1	216.698
3721.5	203.698
3721.89	195.698
3722.28	210.698
3722.68	190.698
3723.07	212.698
3723.46	225.698
3723.85	200.698
3724.25	175.698
3724.64	221.698
3725.03	177.698
3725.43	178.698
3725.82	159.698
3726.21	131.698
3726.61	154.698
3727	150.698
3727.39	152.698
3727.78	168.698
3728.18	132.698
3728.57	153.698
3728.96	178.698
3729.35	136.698
3729.75	173.698
3730.14	195.698
3730.53	186.698
3730.92	211.698
3731.32	189.698
3731.71	163.698
3732.1	184.698
3732.49	212.698
3732.89	167.698
3733.28	203.698
3733.67	207.698
3734.06	178.698
3734.46	206.698
3734.85	198.698
3735.24	195.698
3735.63	210.698
3736.02	171.698
3736.42	202.698
3736.81	196.698
3737.2	205.698
3737.59	189.698
3737.98	165.698
3738.38	182.698
3738.77	205.698
3739.16	192.698
3739.55	178.698
3739.94	157.698
3740.33	178.698
3740.73	174.698
3741.12	193.698
3741.51	194.698
3741.9	185.698
3742.29	164.698
3742.68	175.698
3743.07	178.698
3743.47	186.698
3743.86	181.698
3744.25	198.698
3744.64	186.698
3745.03	177.698
3745.42	152.698
3745.81	186.698
3746.2	176.698
3746.6	170.698
3746.99	176.698
3747.38	173.698
3747.77	188.698
3748.16	186.698
3748.55	155.698
3748.94	182.698
3749.33	190.698
3749.72	164.698
3750.11	146.698
3750.5	174.698
3750.9	178.698
3751.29	154.698
3751.68	181.698
3752.07	191.698
3752.46	178.698
3752.85	195.698
3753.24	170.698
3753.63	179.698
3754.02	171.698
3754.41	196.698
3754.8	166.698
3755.19	179.698
3755.58	177.698
3755.97	176.698
3756.36	171.698
3756.75	184.698
3757.14	185.698
3757.53	155.698
3757.92	181.698
3758.31	179.698
3758.7	183.698
3759.09	168.698
3759.48	179.698
3759.87	160.698
3760.26	163.698
3760.65	168.698
3761.04	188.698
3761.43	175.698
3761.82	178.698
3762.21	171.698
3762.6	146.698
3762.99	159.698
3763.38	169.698
3763.77	155.698
3764.16	204.698
3764.55	173.698
3764.94	184.698
3765.33	169.698
3765.72	177.698
3766.1	173.698
3766.49	169.698
3766.88	181.698
3767.27	193.698
3767.66	145.698
3768.05	158.698
3768.44	182.698
3768.83	160.698
3769.22	162.698
3769.61	184.698
3770	181.698
3770.39	181.698
3770.77	161.698
3771.16	172.698
3771.55	182.698
3771.94	165.698
3772.33	184.698
3772.72	171.698
3773.11	168.698
3773.5	181.698
3773.88	157.698
3774.27	161.698
3774.66	172.698
3775.05	159.698
3775.44	145.698
3775.83	160.698
3776.21	171.698
3776.6	189.698
3776.99	165.698
3777.38	175.698
3777.77	181.698
3778.16	187.698
3778.54	179.698
3778.93	175.698
3779.32	180.698
3779.71	183.698
3780.1	168.698
3780.48	166.698
3780.87	188.698
3781.26	172.698
3781.65	165.698
3782.04	179.698
3782.42	171.698
3782.81	171.698
3783.2	160.698
3783.59	115.698
3783.98	155.698
3784.36	181.698
3784.75	149.698
3785.14	171.698
3785.53	189.698
3785.91	153.698
3786.3	161.698
3786.69	169.698
3787.08	168.698
3787.46	197.698
3787.85	166.698
3788.24	153.698
3788.62	146.698
3789.01	169.698
3789.4	144.698
3789.79	163.698
3790.17	165.698
3790.56	155.698
3790.95	142.698
3791.33	185.698
3791.72	162.698
3792.11	164.698
3792.49	155.698
3792.88	173.698
3793.27	167.698
3793.66	142.698
3794.04	168.698
3794.43	143.698
3794.82	186.698
3795.2	191.698
3795.59	166.698
3795.98	188.698
3796.36	166.698
3796.75	161.698
3797.13	181.698
3797.52	152.698
3797.91	160.698
3798.29	164.698
3798.68	149.698
3799.07	157.698
3799.45	129.698
3799.84	147.698
3800.23	159.698
3800.61	155.698
3801	163.698
3801.38	170.698
3801.77	165.698
3802.16	167.698
3802.54	144.698
3802.93	130.698
3803.31	179.698
3803.7	153.698
3804.09	150.698
3804.47	175.698
3804.86	133.698
3805.24	154.698
3805.63	201.698
3806.02	157.698
3806.4	146.698
3806.79	163.698
3807.17	168.698
3807.56	180.698
3807.94	146.698
3808.33	147.698
3808.71	180.698
3809.1	142.698
3809.49	174.698
3809.87	171.698
3810.26	157.698
3810.64	160.698
3811.03	177.698
3811.41	168.698
3811.8	169.698
3812.18	152.698
3812.57	189.698
3812.95	133.698
3813.34	152.698
3813.72	178.698
3814.11	161.698
3814.49	152.698
3814.88	169.698
3815.26	129.698
3815.65	160.698
3816.03	170.698
3816.42	147.698
3816.8	176.698
3817.18	164.698
3817.57	187.698
3817.95	126.698
3818.34	136.698
3818.72	151.698
3819.11	172.698
3819.49	149.698
3819.88	176.698
3820.26	138.698
3820.65	148.698
3821.03	153.698
3821.41	151.698
3821.8	176.698
3822.18	157.698
3822.57	174.698
3822.95	154.698
3823.33	171.698
3823.72	178.698
3824.1	148.698
3824.49	160.698
3824.87	172.698
3825.26	152.698
3825.64	176.698
3826.02	133.698
3826.41	158.698
3826.79	169.698
3827.18	176.698
3827.56	142.698
3827.94	171.698
3828.33	156.698
3828.71	178.698
3829.09	191.698
3829.48	168.698
3829.86	145.698
3830.24	171.698
3830.63	163.698
3831.01	139.698
3831.39	172.698
3831.78	162.698
3832.16	180.698
3832.54	163.698
3832.93	141.698
3833.31	149.698
3833.69	164.698
3834.08	158.698
3834.46	152.698
3834.84	156.698
3835.23	187.698
3835.61	160.698
3835.99	159.698
3836.38	152.698
3836.76	157.698
3837.14	168.698
3837.52	167.698
3837.91	173.698
3838.29	174.698
3838.67	165.698
3839.05	152.698
3839.44	162.698
3839.82	170.698
3840.2	184.698
3840.58	156.698
3840.97	173.698
3841.35	150.698
3841.73	162.698
3842.11	156.698
3842.5	163.698
3842.88	156.698
3843.26	163.698
3843.64	152.698
3844.03	194.698
3844.41	188.698
3844.79	163.698
3845.17	163.698
3845.55	147.698
3845.94	156.698
3846.32	158.698
3846.7	146.698
3847.08	173.698
3847.46	164.698
3847.85	122.698
3848.23	184.698
3848.61	159.698
3848.99	147.698
3849.37	170.698
3849.75	162.698
3850.14	168.698
3850.52	150.698
3850.9	158.698
3851.28	164.698
3851.66	159.698
3852.04	149.698
3852.43	169.698
3852.81	160.698
3853.19	183.698
3853.57	157.698
3853.95	162.698
3854.33	196.698
3854.71	153.698
3855.1	179.698
3855.48	174.698
3855.86	170.698
3856.24	128.698
3856.62	170.698
3857	158.698
3857.38	150.698
3857.76	168.698
3858.14	147.698
3858.53	169.698
3858.91	145.698
3859.29	183.698
3859.67	166.698
3860.05	166.698
3860.43	156.698
3860.81	150.698
3861.19	171.698
3861.57	144.698
3861.95	142.698
3862.33	170.698
3862.71	156.698
3863.09	158.698
3863.47	157.698
3863.85	171.698
3864.23	133.698
3864.62	155.698
3865	161.698
3865.38	186.698
3865.76	163.698
3866.14	133.698
3866.52	168.698
3866.9	150.698
3867.28	163.698
3867.66	145.698
3868.04	166.698
3868.42	171.698
3868.8	165.698
3869.18	156.698
3869.56	154.698
3869.94	133.698
3870.32	143.698
3870.7	162.698
3871.08	153.698
3871.46	164.698
3871.83	156.698
3872.21	132.698
3872.59	140.698
3872.97	148.698
3873.35	161.698
3873.73	133.698
3874.11	168.698
3874.49	172.698
3874.87	163.698
3875.25	150.698
3875.63	188.698
3876.01	155.698
3876.39	170.698
3876.77	152.698
3877.15	136.698
3877.53	177.698
3877.91	166.698
3878.28	148.698
3878.66	133.698
3879.04	161.698
3879.42	158.698
3879.8	153.698
3880.18	165.698
3880.56	175.698
3880.94	156.698
3881.32	136.698
3881.69	150.698
3882.07	148.698
3882.45	153.698
3882.83	162.698
3883.21	157.698
3883.59	134.698
3883.97	146.698
3884.35	195.698
3884.72	144.698
3885.1	158.698
3885.48	148.698
3885.86	157.698
3886.24	169.698
3886.62	168.698
3886.99	171.698
3887.37	135.698
3887.75	166.698
3888.13	158.698
3888.51	158.698
3888.89	164.698
3889.26	139.698
3889.64	145.698
3890.02	147.698
3890.4	138.698
3890.78	178.698
3891.15	152.698
3891.53	154.698
3891.91	149.698
3892.29	153.698
3892.66	171.698
3893.04	160.698
3893.42	173.698
3893.8	135.698
3894.18	155.698
3894.55	166.698
3894.93	168.698
3895.31	158.698
3895.69	161.698
3896.06	155.698
3896.44	173.698
3896.82	133.698
3897.2	140.698
3897.57	162.698
3897.95	154.698
3898.33	155.698
3898.7	153.698
3899.08	136.698
3899.46	156.698
3899.84	146.698
3900.21	157.698
3900.59	159.698
3900.97	146.698
3901.34	176.698
3901.72	150.698
3902.1	159.698
3902.48	158.698
3902.85	145.698
3903.23	156.698
3903.61	146.698
3903.98	148.698
3904.36	169.698
3904.74	156.698
3905.11	151.698
3905.49	156.698
3905.87	143.698
3906.24	145.698
3906.62	166.698
3906.99	183.698
3907.37	160.698
3907.75	150.698
3908.12	138.698
3908.5	148.698
3908.88	177.698
3909.25	165.698
3909.63	152.698
3910.01	132.698
3910.38	173.698
3910.76	157.698
3911.13	141.698
3911.51	148.698
3911.89	150.698
3912.26	172.698
3912.64	153.698
3913.01	153.698
3913.39	160.698
3913.77	168.698
3914.14	134.698
3914.52	148.698
3914.89	151.698
3915.27	146.698
3915.65	139.698
3916.02	142.698
3916.4	148.698
3916.77	151.698
3917.15	137.698
3917.52	170.698
3917.9	159.698
3918.27	142.698
3918.65	172.698
3919.02	156.698
3919.4	132.698
3919.77	147.698
3920.15	133.698
3920.53	150.698
3920.9	146.698
3921.28	133.698
3921.65	101.698
3922.03	134.698
3922.4	160.698
3922.78	163.698
3923.15	153.698
3923.53	150.698
3923.9	155.698
3924.28	158.698
3924.65	154.698
3925.03	161.698
3925.4	155.698
3925.77	153.698
3926.15	172.698
3926.52	151.698
3926.9	154.698
3927.27	159.698
3927.65	184.698
3928.02	144.698
3928.4	168.698
3928.77	164.698
3929.15	141.698
3929.52	150.698
3929.89	131.698
3930.27	160.698
3930.64	145.698
3931.02	148.698
3931.39	185.698
3931.77	150.698
3932.14	153.698
3932.51	132.698
3932.89	159.698
3933.26	153.698
3933.64	159.698
3934.01	160.698
3934.38	168.698
3934.76	165.698
3935.13	154.698
3935.51	118.698
3935.88	137.698
3936.25	133.698
3936.63	145.698
3937	130.698
3937.38	156.698
3937.75	161.698
3938.12	166.698
3938.5	154.698
3938.87	165.698
3939.24	172.698
3939.62	134.698
3939.99	151.698
3940.36	157.698
3940.74	140.698
3941.11	154.698
3941.48	131.698
3941.86	143.698
3942.23	117.698
3942.6	143.698
3942.98	166.698
3943.35	147.698
3943.72	171.698
3944.1	139.698
3944.47	146.698
3944.84	140.698
3945.21	162.698
3945.59	131.698
3945.96	136.698
3946.33	152.698
3946.71	149.698
3947.08	130.698
3947.45	148.698
3947.82	136.698
3948.2	144.698
3948.57	153.698
3948.94	135.698
3949.32	151.698
3949.69	136.698
3950.06	154.698
3950.43	151.698
3950.81	172.698
3951.18	159.698
3951.55	158.698
3951.92	139.698
3952.29	140.698
3952.67	132.698
3953.04	167.698
3953.41	134.698
3953.78	130.698
3954.16	149.698
3954.53	143.698
3954.9	146.698
3955.27	154.698
3955.64	171.698
3956.02	140.698
3956.39	144.698
3956.76	141.698
3957.13	144.698
3957.5	139.698
3957.87	145.698
3958.25	153.698
3958.62	150.698
3958.99	138.698
3959.36	144.698
3959.73	143.698
3960.11	153.698
3960.48	156.698
3960.85	163.698
3961.22	147.698
3961.59	150.698
3961.96	153.698
3962.33	149.698
3962.71	157.698
3963.08	147.698
3963.45	136.698
3963.82	161.698
3964.19	150.698
3964.56	145.698
3964.93	130.698
3965.3	169.698
3965.68	163.698
3966.05	152.698
3966.42	166.698
3966.79	154.698
3967.16	121.698
3967.53	156.698
3967.9	134.698
3968.27	141.698
3968.64	168.698
3969.01	145.698
3969.38	146.698
3969.75	166.698
3970.12	120.698
3970.5	125.698
3970.87	175.698
3971.24	158.698
3971.61	141.698
3971.98	180.698
3972.35	122.698
3972.72	158.698
3973.09	163.698
3973.46	151.698
3973.83	148.698
3974.2	145.698
3974.57	139.698
3974.94	169.698
3975.31	139.698
3975.68	169.698
3976.05	130.698
3976.42	140.698
3976.79	146.698
3977.16	142.698
3977.53	147.698
3977.9	157.698
3978.27	134.698
3978.64	168.698
3979.01	166.698
3979.38	154.698
3979.75	156.698
3980.12	146.698
3980.49	150.698
3980.86	138.698
3981.23	148.698
3981.6	163.698
3981.97	160.698
3982.34	146.698
3982.71	151.698
3983.08	142.698
3983.45	156.698
3983.82	137.698
3984.19	162.698
3984.55	147.698
3984.92	165.698
3985.29	163.698
3985.66	149.698
3986.03	145.698
3986.4	171.698
3986.77	149.698
3987.14	158.698
3987.51	160.698
3987.88	131.698
3988.25	164.698
3988.61	153.698
3988.98	171.698
3989.35	149.698
3989.72	161.698
3990.09	132.698
3990.46	131.698
3990.83	134.698
3991.2	123.698
3991.56	151.698
3991.93	132.698
3992.3	153.698
3992.67	166.698
3993.04	129.698
3993.41	165.698
3993.78	159.698
3994.15	162.698
3994.51	157.698
3994.88	156.698
3995.25	164.698
3995.62	162.698
3995.99	138.698
3996.36	168.698
3996.72	167.698
3997.09	156.698
3997.46	160.698
3997.83	163.698
3998.2	151.698
3998.56	164.698
3998.93	137.698
3999.3	172.698
3999.67	156.698
4000.04	120.698
