19.7123	3566.24
20.3887	3621.24
21.0651	3457.24
21.7414	3493.24
22.4176	3514.24
23.0939	3490.24
23.77	3467.24
24.4462	3433.24
25.1222	3485.24
25.7983	3510.24
26.4742	3564.24
27.1502	3475.24
27.8261	3500.24
28.5019	3420.24
29.1777	3565.24
29.8534	3419.24
30.5291	3650.24
31.2048	3551.24
31.8804	3524.24
32.5559	3596.24
33.2314	3673.24
33.9069	3626.24
34.5823	3635.24
35.2577	3730.24
35.933	3770.24
36.6083	3736.24
37.2835	3817.24
37.9587	3827.24
38.6338	3747.24
39.3066	3742.24
39.9817	3865.24
40.6566	3830.24
41.3316	4003.24
42.0065	3937.24
42.6813	3900.24
43.3539	4009.24
44.0286	3864.24
44.7033	3923.24
45.378	3930.24
46.0526	3989.24
46.7249	4018.24
47.3994	3848.24
48.0739	3965.24
48.7483	4007.24
49.4204	4049.24
50.0947	4121.24
50.769	3916.24
51.4433	3907.24
52.1152	3995.24
52.7893	4034.24
53.4634	4076.24
54.1352	3909.24
54.8092	3949.24
55.4831	4019.24
56.1548	3928.24
56.8286	4004.24
57.5024	4056.24
58.1739	4131.24
58.8477	4066.24
59.5213	4145.24
60.1927	3977.24
60.8663	4000.24
61.5375	3926.24
62.211	4024.24
62.8845	3963.24
63.5556	3938.24
64.2289	3969.24
64.8999	3873.24
65.5732	4023.24
66.2441	3984.24
66.9173	3950.24
67.5881	3979.24
68.2612	3952.24
68.9319	3841.24
69.6049	3832.24
70.2755	3849.24
70.9484	3903.24
71.619	3909.24
72.2918	4029.24
72.9622	3946.24
73.6349	3804.24
74.3053	3910.24
74.9756	3936.24
75.6482	3740.24
76.3184	3903.24
76.9909	3819.24
77.661	3837.24
78.3311	3837.24
79.0034	3910.24
79.6734	3852.24
80.3433	3834.24
81.0155	3801.24
81.6854	3870.24
82.3552	3952.24
83.0272	3846.24
83.6969	3874.24
84.3666	3790.24
85.0385	3618.24
85.7081	3815.24
86.3776	3877.24
87.0471	3820.24
87.7188	3788.24
88.3882	3842.24
89.0575	3770.24
89.7268	3748.24
90.3961	3842.24
91.0676	3779.24
91.7367	3845.24
92.4059	3849.24
93.0749	3707.24
93.7439	3707.24
94.4152	3772.24
95.0841	3856.24
95.753	3912.24
96.4218	3715.24
97.0906	3785.24
97.7594	3744.24
98.4281	3732.24
99.0967	3837.24
99.7676	3725.24
100.436	3701.24
101.105	3763.24
101.773	3732.24
102.442	3710.24
103.11	3759.24
103.778	3680.24
104.447	3676.24
105.115	3712.24
105.783	3704.24
106.451	3700.24
107.119	3682.24
107.787	3592.24
108.455	3672.24
109.123	3696.24
109.791	3586.24
110.459	3657.24
111.127	3633.24
111.795	3694.24
112.462	3584.24
113.13	3646.24
113.795	3659.24
114.463	3631.24
115.13	3591.24
115.798	3595.24
116.465	3564.24
117.133	3531.24
117.8	3483.24
118.467	3533.24
119.132	3506.24
119.8	3495.24
120.467	3387.24
121.134	3509.24
121.801	3346.24
122.466	3479.24
123.133	3518.24
123.8	3502.24
124.467	3588.24
125.133	3483.24
125.798	3503.24
126.465	3441.24
127.131	3514.24
127.796	3487.24
128.462	3359.24
129.129	3300.24
129.796	3428.72
130.46	3415.68
131.126	3397.39
131.793	3370
132.457	3338.11
133.123	3301.69
133.789	3295.92
134.453	3318.89
135.119	3351.63
135.783	3361.93
136.449	3360.84
137.115	3204.24
137.779	3355.32
138.445	3288.24
139.108	3319.24
139.774	3307.24
140.438	3274.24
141.104	3382.24
141.769	3233.24
142.433	3281.24
143.098	3286.24
143.762	3181.24
144.427	3309.24
145.09	3281.24
145.756	3245.24
146.419	3378.24
147.084	3315.24
147.747	3274.24
148.41	3269.24
149.075	3210.24
149.738	3214.24
150.403	3232.24
151.066	3288.24
151.731	3334.24
152.394	3288.24
153.056	3247.24
153.721	3318.24
154.384	3197.24
155.046	3294.24
155.711	3382.24
156.374	3277.24
157.036	3253.24
157.701	3201.24
158.363	3204.24
159.025	3131.24
159.69	3194.24
160.352	3213.24
161.014	3262.24
161.676	3160.24
162.34	3134.24
163.002	3084.24
163.664	3149.24
164.326	3116.24
164.99	3156.24
165.652	3199.24
166.314	3057.24
166.975	3044.24
167.637	3156.24
168.301	3091.24
168.962	3129.24
169.624	3070.24
170.285	3053.24
170.947	3107.24
171.608	3098.24
172.272	3090.24
172.933	3087.24
173.594	3064.24
174.255	3110.24
174.917	3039.24
175.578	3162.24
176.239	3101.24
176.9	3062.24
177.561	3041.24
178.222	3041.24
178.882	3108.24
179.543	3063.24
180.204	3080.24
180.865	3004.24
181.526	3026.24
182.186	3053.24
182.847	3042.24
183.507	2952.24
184.168	2933.24
184.828	2878.24
185.489	2915.24
186.149	2924.24
186.809	2928.24
187.47	2949.24
188.13	2913.24
188.79	2972.24
189.45	2984.24
190.11	2958.24
190.768	2936.24
191.428	2920.24
192.088	2961.24
192.748	2988.24
193.408	2968.24
194.068	2965.24
194.728	2981.24
195.385	2977.24
196.045	2882.24
196.705	2859.24
197.364	2893.24
198.021	2811.24
198.681	2860.24
199.34	2918.24
200	2906.24
200.657	2904.24
201.316	2984.24
201.976	3009.24
202.635	2837.24
203.292	2817.24
203.951	2935.24
204.61	2873.24
205.267	2912.24
205.926	2893.24
206.585	2880.24
207.242	2894.24
207.9	2873.24
208.559	2792.24
209.216	2869.24
209.875	2886.24
210.533	2880.24
211.19	2815.24
211.848	2804.24
212.505	2799.24
213.163	2778.24
213.819	2712.24
214.478	2649.24
215.134	2829.61
215.792	2805.96
216.451	2803.01
217.107	2780.98
217.765	2778.35
218.421	2775.34
219.079	2804.82
219.735	2801.08
220.391	2807.25
221.049	2628.24
221.704	2724.24
222.362	2712.24
223.018	2762.24
223.675	2824.24
224.331	2802.24
224.989	2827.24
225.644	2754.24
226.3	2840.24
226.957	2805.24
227.612	2761.24
228.268	2854.24
228.925	2798.24
229.58	2791.24
230.235	2840.24
230.893	2702.24
231.548	2794.24
232.203	2777.24
232.86	2754.24
233.515	2748.24
234.17	2750.24
234.827	2795.24
235.481	2839.24
236.136	2742.24
236.791	2786.24
237.448	2764.24
238.102	2739.24
238.757	2838.24
239.411	2736.24
240.066	2786.24
240.722	2741.24
241.377	2726.24
242.031	2691.24
242.685	2754.24
243.339	2761.24
243.993	2754.24
244.648	2776.24
245.304	2734.24
245.958	2793.24
246.612	2762.24
247.266	2718.24
247.92	2789.24
248.574	2805.24
249.227	2761.24
249.881	2740.24
250.535	2712.24
251.189	2761.24
251.842	2761.24
252.496	2782.24
253.149	2725.24
253.803	2788.24
254.456	2732.24
255.11	2718.24
255.763	2707.24
256.416	2806.24
257.07	2771.24
257.723	2768.24
258.376	2747.24
259.029	2728.24
259.682	2733.24
260.335	2770.24
260.988	2746.24
261.641	2744.24
262.294	2781.24
262.947	2701.24
263.598	2714.24
264.251	2740.24
264.903	2747.24
265.556	2684.24
266.209	2685.24
266.861	2724.24
267.512	2648.24
268.164	2699.24
268.817	2677.24
269.469	2709.24
270.121	2718.24
270.772	2607.24
271.424	2642.24
272.076	2762.24
272.728	2690.24
273.378	2785.24
274.03	2695.24
274.682	2708.24
275.332	2728.24
275.984	2740.24
276.636	2703.24
277.288	2773.24
277.938	2786.24
278.59	2679.24
279.239	2666.24
279.891	2784.24
280.542	2689.24
281.192	2764.24
281.843	2791.24
282.495	2739.24
283.144	2676.24
283.796	2684.24
284.445	2680.24
285.096	2666.24
285.745	2725.24
286.397	2779.24
287.048	2694.24
287.697	2701.24
288.348	2737.24
288.997	2637.24
289.648	2709.24
290.297	2737.24
290.948	2706.24
291.596	2789.24
292.247	2712.24
292.896	2734.24
293.544	2686.24
294.195	2735.24
294.844	2738.24
295.494	2698.24
296.143	2712.24
296.793	2756.24
297.441	2714.24
298.09	2750.24
298.74	2677.24
299.388	2662.24
300.036	2707.24
300.687	2745.24
301.335	2743.24
301.983	2779.24
302.633	2697.24
303.281	2707.24
303.929	2743.24
304.579	2799.24
305.227	2714.24
305.874	2738.24
306.522	2707.24
307.172	2703.24
307.819	2686.24
308.467	2704.24
309.114	2766.24
309.764	2738.24
310.412	2692.24
311.059	2657.24
311.706	2666.24
312.354	2696.24
313.003	2751.24
313.65	2669.24
314.297	2661.24
314.944	2752.24
315.592	2727.24
316.239	2734.24
316.886	2729.24
317.535	2751.24
318.182	2726.24
318.828	2722.24
319.475	2726.24
320.122	2744.24
320.769	2679.24
321.415	2671.24
322.062	2747.24
322.709	2749.24
323.355	2733.24
324.002	2674.24
324.648	2770.24
325.294	2785.24
325.941	2737.24
326.587	2759.24
327.233	2741.24
327.88	2776.24
328.526	2724.24
329.172	2738.24
329.818	2755.24
330.464	2732.24
331.11	2741.24
331.754	2733.24
332.4	2776.24
333.046	2727.24
333.692	2809.24
334.337	2776.24
334.983	2753.24
335.629	2754.24
336.275	2754.24
336.918	2816.24
337.564	2745.24
338.209	2767.24
338.855	2755.24
339.5	2795.24
340.143	2789.24
340.789	2824.24
341.434	2776.24
342.079	2772.24
342.722	2783.24
343.367	2799.24
344.012	2726.24
344.658	2764.24
345.3	2705.24
345.945	2782.24
346.59	2738.24
347.233	2799.24
347.878	2773.24
348.523	2692.24
349.165	2812.24
349.81	2797.24
350.455	2783.24
351.097	2807.24
351.742	2849.24
352.384	2767.24
353.029	2713.24
353.673	2780.24
354.315	2788.24
354.96	2776.24
355.602	2802.24
356.246	2794.24
356.888	2832.24
357.533	2816.24
358.175	2861.24
358.819	2786.24
359.461	2841.24
360.105	2856.24
360.746	2908.24
361.39	2770.24
362.032	2691.24
362.676	2799.24
363.318	2787.24
363.961	2831.24
364.603	2887.24
365.247	2889.24
365.888	2836.24
366.529	2875.24
367.173	2828.24
367.814	2863.24
368.456	2797.24
369.099	2886.24
369.74	2851.24
370.381	2783.24
371.025	2871.24
371.666	2838.24
372.307	2856.24
372.95	2844.24
373.591	2874.24
374.232	2834.24
374.875	2812.24
375.516	2840.24
376.156	2909.24
376.797	2796.24
377.44	2895.24
378.081	2793.24
378.721	2886.24
379.362	2901.24
380.002	2927.24
380.645	2830.24
381.285	2884.24
381.926	2843.24
382.566	2907.24
383.206	2926.24
383.847	2928.24
384.489	2938.24
385.129	2912.24
385.769	2872.24
386.409	2867.24
387.049	2861.24
387.689	3010.24
388.329	2999.24
388.969	2950.24
389.609	2936.24
390.249	2887.24
390.889	2920.24
391.528	2922.24
392.168	2919.24
392.81	2989.24
393.449	2980.24
394.089	2967.24
394.726	2936.24
395.366	2955.24
396.005	2865.24
396.645	2915.24
397.284	2914.24
397.923	2982.24
398.562	3001.24
399.202	3033.24
399.841	2936.24
400.48	2874.24
401.119	2998.24
401.758	2961.24
402.397	2963.24
403.034	2952.24
403.673	2914.24
404.311	2995.24
404.95	3016.24
405.589	3008.24
406.228	2988.24
406.864	2993.24
407.503	3082.24
408.142	2964.24
408.78	3070.24
409.419	3030.24
410.055	3024.24
410.693	3025.24
411.332	3056.24
411.968	3047.24
412.606	3032.24
413.244	3092.24
413.883	3113.24
414.519	3024.24
415.157	3045.24
415.795	3099.24
416.431	3047.24
417.069	3088.24
417.707	3070.24
418.342	3089.24
418.98	3156.24
419.616	3123.24
420.254	3070.24
420.891	3122.24
421.527	3140.24
422.165	3216.24
422.8	3138.24
423.438	3165.24
424.075	3160.24
424.71	3097.24
425.348	3141.24
425.983	3282.24
426.62	3190.24
427.256	3167.24
427.893	3206.24
428.528	3238.24
429.165	3112.24
429.8	3214.24
430.435	3267.24
431.072	3209.24
431.707	3204.24
432.344	3242.24
432.979	3250.24
433.615	3224.24
434.25	3271.24
434.885	3306.24
435.521	3249.24
436.156	3245.24
436.79	3254.24
437.427	3353.24
438.061	3267.24
438.696	3278.24
439.332	3336.24
439.967	3192.24
440.601	3325.24
441.237	3277.24
441.871	3283.24
442.505	3358.24
443.142	3336.24
443.776	3322.24
444.41	3299.24
445.044	3372.24
445.678	3393.24
446.314	3360.24
446.947	3358.24
447.581	3392.24
448.215	3404.24
448.849	3420.24
449.484	3412.24
450.118	3401.24
450.752	3407.24
451.385	3427.24
452.018	3332.24
452.652	3432.24
453.285	3409.24
453.921	3377.24
454.554	3394.24
455.187	3427.24
455.821	3448.24
456.454	3537.24
457.087	3468.24
457.72	3396.24
458.353	3411.24
458.986	3504.24
459.619	3519.24
460.252	3511.24
460.885	3522.24
461.518	3483.24
462.15	3467.24
462.783	3486.24
463.416	3620.24
464.048	3530.24
464.681	3448.24
465.314	3516.24
465.946	3541.24
466.579	3477.24
467.209	3541.24
467.841	3587.24
468.474	3603.24
469.106	3564.24
469.738	3524.24
470.371	3594.24
471.003	3542.24
471.633	3624.24
472.265	3605.24
472.897	3565.24
473.529	3704.24
474.161	3614.24
474.791	3496.24
475.423	3567.24
476.054	3584.24
476.686	3646.24
477.318	3623.24
477.948	3570.24
478.579	3592.24
479.211	3570.24
479.84	3542.24
480.472	3598.24
481.103	3629.24
481.733	3575.24
482.364	3589.24
482.996	3684.24
483.625	3632.24
484.256	3649.24
484.887	3540.24
485.516	3670.24
486.148	3636.24
486.779	3632.24
487.408	3527.24
488.039	3526.24
488.668	3649.24
489.298	3517.24
489.927	3599.24
490.558	3537.24
491.187	3583.24
491.818	3639.24
492.446	3611.24
493.077	3571.24
493.705	3481.24
494.336	3480.24
494.964	3450.24
495.595	3539.24
496.223	3530.24
496.854	3531.24
497.482	3377.24
498.112	3451.24
498.741	3510.24
499.371	3476.24
499.999	3436.24
500.627	3408.24
501.257	3436.24
501.885	3290.24
502.513	3329.24
503.143	3347.24
503.771	3382.24
504.399	3267.24
505.029	3385.24
505.656	3226.24
506.284	3335.24
506.914	3139.24
507.541	3268.24
508.169	3191.24
508.796	3297.24
509.426	3227.24
510.054	3244.24
510.681	3112.24
511.308	3158.24
511.938	3073.24
512.565	3123.24
513.192	3092.24
513.819	3070.24
514.446	3059.24
515.076	2983.24
515.703	3019.24
516.33	2951.24
516.957	2950.24
517.584	2879.24
518.21	2914.24
518.837	2943.24
519.464	2909.24
520.093	2901.24
520.72	2886.24
521.346	2767.24
521.973	2777.24
522.6	2846.24
523.226	2766.24
523.853	2776.24
524.479	2733.24
525.105	2680.24
525.732	2777.24
526.358	2698.24
526.984	2699.24
527.611	2740.24
528.237	2753.24
528.863	2690.24
529.489	2689.24
530.115	2660.24
530.741	2548.24
531.365	2685.24
531.991	2653.24
532.617	2599.24
533.243	2536.24
533.869	2553.24
534.495	2631.24
535.12	2588.24
535.746	2499.24
536.369	2548.24
536.995	2549.24
537.621	2537.24
538.246	2464.24
538.872	2454.24
539.495	2440.24
540.12	2416.24
540.746	2444.24
541.371	2421.24
541.994	2451.24
542.62	2388.24
543.245	2487.24
543.87	2366.24
544.493	2385.24
545.118	2399.24
545.743	2384.24
546.366	2392.24
546.991	2459.24
547.616	2466.24
548.238	2420.24
548.863	2447.24
549.488	2354.24
550.111	2438.24
550.735	2372.24
551.36	2352.24
551.982	2443.24
552.607	2425.24
553.229	2425.24
553.854	2375.24
554.476	2304.24
555.101	2258.24
555.723	2325.24
556.347	2224.24
556.969	2238.24
557.594	2256.24
558.216	2293.24
558.84	2292.24
559.462	2312.24
560.086	2329.88
560.708	2368.88
561.332	2295.47
561.954	2323.89
562.578	2243.4
563.199	2228.95
563.821	2264.44
564.445	2234.22
565.066	2266
565.69	2231.77
566.312	2267.85
566.933	2283.34
567.557	2223.91
568.178	2250.02
568.799	2248.47
569.423	2205.61
570.044	2208.9
570.665	2197.33
571.289	2268.12
571.91	2192.12
572.531	2204.19
573.152	2190.93
573.775	2133.24
574.396	2160.03
575.017	2170.12
575.638	2134.42
576.261	2183.25
576.882	2150.82
577.503	2083.94
578.123	2154.4
578.744	2109.25
579.365	2164.05
579.987	2107.12
580.608	2078.34
581.229	2103
581.849	2088.78
582.47	2087.74
583.09	2145.29
583.71	2120.53
584.331	2125.69
584.951	2057.22
585.571	2044.28
586.194	1973.63
586.814	2033.79
587.434	2065.98
588.054	1997.89
588.674	2052.14
589.294	2015.64
589.914	1973.01
590.534	2028.45
591.154	1983.29
591.774	1983.13
592.391	1975.79
593.011	2005.96
593.631	1961.2
594.25	1965.64
594.87	1963.61
595.49	1983.78
596.109	1950.23
596.729	1932.94
597.348	1923.67
597.967	1970.26
598.585	1926.35
599.204	1916.16
599.823	1914.91
600.443	1885.08
601.062	1911.58
601.681	1914.84
602.298	1872.46
602.917	1848.51
603.536	1829.19
604.155	1834.33
604.772	1828.37
605.391	1824.1
606.01	1832.06
606.629	1781.5
607.245	1801.05
607.864	1773.73
608.483	1791.22
609.099	1766.05
609.718	1740.35
610.337	1744.04
610.953	1701.77
611.572	1728.38
612.19	1720.29
612.806	1757.44
613.425	1755.47
614.043	1714.1
614.659	1765.65
615.278	1757.55
615.894	1759.34
616.512	1713.5
617.128	1745.42
617.746	1725.8
618.364	1761.72
618.98	1763.16
619.598	1667.08
620.214	1692.99
620.832	1671.58
621.448	1703.91
622.065	1685.27
622.681	1727.75
623.297	1706.3
623.914	1689.09
624.53	1696.51
625.148	1703.14
625.763	1728.05
626.381	1659.74
626.996	1702.05
627.611	1666.55
628.229	1714.64
628.844	1684.11
629.459	1718.27
630.076	1675.53
630.692	1678.25
631.307	1641.94
631.924	1719.61
632.539	1684.75
633.154	1651.61
633.771	1670.05
634.386	1629.55
635.001	1666.03
635.615	1609.87
636.232	1611.38
636.847	1608.22
637.462	1629.61
638.076	1594.62
638.693	1662.97
639.308	1640.96
639.922	1642.1
640.537	1655.77
641.151	1590.03
641.768	1623.07
642.382	1646.67
642.996	1576.02
643.611	1596.07
644.225	1595.57
644.839	1599.77
645.453	1603.12
646.067	1553.3
646.681	1608.35
647.295	1557.56
647.912	1588.1
648.526	1596.08
649.139	1601.73
649.753	1565.28
650.367	1613.26
650.981	1576.36
651.595	1526.86
652.208	1637.41
652.822	1580.83
653.436	1569.76
653.707	1558.76
654.329	1506.76
654.953	1526.76
655.576	1506.76
656.198	1513.76
656.822	1530.76
657.444	1609.76
658.066	1555.76
658.688	1553.76
659.312	1585.76
659.933	1564.76
660.555	1572.76
661.177	1557.76
661.801	1576.76
662.422	1480.76
663.044	1435.76
663.666	1535.92
664.287	1527.48
664.911	1516.29
665.532	1507.96
666.154	1485.56
666.775	1482.57
667.396	1480.41
668.018	1510.55
668.639	1511.6
669.262	1357.76
669.883	1435.76
670.504	1472.76
671.126	1552.76
671.747	1550.76
672.368	1554.76
672.989	1481.76
673.609	1499.76
674.23	1519.76
674.851	1548.76
675.472	1467.76
676.093	1523.76
676.713	1491.76
677.334	1505.76
677.955	1514.76
678.575	1516.76
679.196	1513.76
679.816	1547.76
680.437	1457.76
681.057	1500.76
681.677	1525.76
682.298	1523.76
682.918	1482.76
683.538	1480.76
684.159	1497.76
684.779	1509.76
685.397	1536.76
686.017	1480.76
686.637	1513.76
687.257	1436.76
687.877	1409.76
688.497	1493.76
689.115	1372.76
689.734	1480.76
690.354	1437.76
690.974	1460.76
691.594	1453.76
692.211	1451.76
692.831	1447.76
693.45	1426.76
694.07	1442.76
694.687	1446.76
695.307	1433.76
695.926	1444.76
696.546	1470.76
697.163	1391.76
697.782	1430.76
698.401	1383.76
699.019	1398.76
699.638	1442.76
700.257	1389.76
700.874	1435.76
701.493	1410.76
702.112	1362.76
702.729	1441.76
703.348	1431.76
703.967	1401.76
704.583	1441.76
705.202	1391.76
705.819	1409.76
706.438	1405.76
707.054	1385.76
707.673	1422.76
708.291	1424.76
708.908	1383.76
709.526	1413.76
710.143	1357.76
710.761	1348.76
711.377	1412.76
711.996	1321.76
712.612	1396.76
713.23	1376.76
713.846	1320.76
714.462	1307.76
715.081	1311.76
715.697	1324.76
716.315	1311.76
716.931	1369.76
717.549	1349.76
718.164	1309.76
718.78	1315.76
719.398	1337.76
720.014	1329.76
720.629	1373.76
721.247	1377.76
721.863	1327.76
722.478	1430.76
723.096	1348.76
723.711	1309.76
724.327	1329.76
724.944	1354.76
725.56	1330.76
726.175	1267.76
726.792	1339.76
727.408	1375.76
728.023	1332.76
728.638	1311.76
729.255	1331.76
729.87	1306.76
730.485	1357.76
731.1	1375.76
731.715	1364.76
732.332	1330.76
732.947	1358.76
733.562	1345.76
734.177	1340.76
734.791	1392.76
735.406	1404.76
736.021	1352.76
736.637	1328.76
737.252	1373.76
737.867	1333.76
738.481	1320.76
739.096	1355.76
739.71	1248.76
740.324	1323.76
740.939	1266.76
741.553	1234.76
742.167	1179.76
742.781	1308.72
743.396	1308.41
744.01	1294.62
744.624	1294.2
745.238	1293.73
745.852	1292.34
746.466	1304.94
747.08	1303.44
747.694	1161.76
748.307	1259.76
748.921	1228.76
749.535	1279.76
750.149	1343.76
750.762	1314.76
751.376	1298.76
751.99	1284.76
752.603	1324.76
753.215	1301.76
753.828	1359.76
754.441	1288.76
755.055	1325.76
755.668	1338.76
756.282	1258.76
756.893	1361.76
757.506	1311.76
758.119	1297.76
758.732	1259.76
759.345	1368.76
759.956	1330.76
760.569	1277.76
761.182	1255.76
761.795	1246.76
762.406	1367.76
763.019	1324.76
763.632	1353.76
764.243	1247.76
764.855	1281.76
765.468	1327.76
766.081	1272.76
766.691	1301.76
767.304	1255.76
767.916	1308.76
768.527	1279.76
769.139	1280.76
769.75	1263.76
770.362	1266.76
770.974	1252.76
771.584	1260.76
772.197	1343.76
772.807	1276.76
773.419	1287.76
774.031	1345.76
774.641	1334.76
775.253	1270.76
775.863	1302.76
776.475	1273.76
777.085	1255.76
777.697	1298.76
778.307	1325.76
778.919	1219.76
779.528	1241.76
780.14	1269.76
780.75	1307.76
781.359	1280.76
781.971	1218.76
782.58	1345.76
783.192	1302.76
783.801	1318.76
784.413	1295.76
785.022	1278.76
785.631	1238.76
786.243	1288.76
786.852	1388.76
787.461	1262.76
788.072	1284.76
788.681	1227.76
789.29	1214.76
789.901	1214.76
790.51	1268.76
791.119	1299.76
791.73	1257.76
792.339	1225.76
792.948	1240.76
793.557	1221.76
794.167	1240.76
794.776	1225.76
795.385	1218.76
795.993	1245.76
796.604	1217.76
797.213	1270.76
797.821	1235.76
798.429	1219.76
799.038	1229.76
799.646	1232.76
800.257	1241.76
800.865	1234.76
801.473	1261.76
802.081	1246.76
802.69	1183.76
803.298	1249.76
803.906	1186.76
804.514	1276.76
805.124	1267.76
805.732	1241.76
806.34	1192.76
806.948	1245.76
807.555	1198.76
808.163	1163.76
808.771	1180.76
809.379	1178.76
809.986	1156.76
810.594	1219.76
811.202	1163.76
811.809	1201.76
812.417	1174.76
813.024	1176.76
813.632	1169.76
814.239	1198.76
814.846	1209.76
815.454	1191.76
816.059	1169.76
816.666	1123.76
817.273	1187.76
817.881	1101.76
818.488	1097.76
819.095	1149.76
819.702	1180.76
820.309	1134.76
820.914	1131.76
821.521	1120.76
822.128	1170.76
822.734	1161.76
823.341	1146.76
823.946	1115.76
824.553	1146.76
825.159	1121.76
825.766	1108.76
826.37	1111.76
826.977	1141.76
827.583	1110.76
828.19	1112.76
828.794	1138.76
829.401	1166.76
830.007	1086.76
830.611	1100.76
831.218	1133.76
831.824	1122.76
832.428	1166.76
833.034	1150.76
833.64	1117.76
834.244	1130.76
834.85	1086.76
835.456	1087.76
836.06	1163.76
836.666	1117.76
837.27	1137.76
837.876	1142.76
838.482	1123.76
839.085	1101.76
839.691	1179.76
840.295	1108.76
840.9	1066.76
841.504	1137.76
842.109	1144.76
842.713	1099.76
843.318	1167.76
843.922	1078.76
844.527	1123.76
845.13	1155.76
845.736	1157.76
846.339	1112.76
846.942	1146.76
847.547	1146.76
848.15	1095.76
848.756	1130.76
849.359	1203.76
849.962	1160.76
850.567	1101.76
851.17	1167.76
851.774	1163.76
852.377	1169.76
852.98	1139.76
853.585	1218.76
854.188	1124.76
854.79	1195.76
855.395	1161.76
855.998	1147.76
856.6	1160.76
857.203	1181.76
857.807	1133.76
858.41	1220.76
859.012	1146.76
859.614	1174.76
860.219	1198.76
860.821	1198.76
861.423	1187.76
862.025	1165.76
862.628	1198.76
863.232	1243.76
863.834	1219.76
864.436	1231.76
865.038	1194.76
865.64	1194.76
866.242	1206.76
866.844	1240.76
867.447	1157.76
868.049	1214.76
868.651	1196.76
869.253	1216.76
869.854	1222.76
870.456	1224.76
871.058	1206.76
871.659	1261.76
872.261	1242.76
872.862	1236.76
873.464	1193.76
874.065	1261.76
874.666	1294.76
875.268	1201.76
875.869	1250.76
876.47	1219.76
877.071	1250.76
877.673	1243.76
878.274	1233.76
878.875	1246.76
879.476	1247.76
880.077	1191.76
880.676	1209.76
881.277	1286.76
881.878	1302.76
882.479	1274.76
883.079	1235.76
883.68	1264.76
884.281	1290.76
884.882	1302.76
885.48	1345.76
886.081	1318.76
886.681	1237.76
887.282	1251.76
887.882	1318.76
888.481	1275.76
889.081	1271.76
889.682	1262.76
890.282	1288.76
890.88	1280.76
891.48	1232.76
892.081	1258.76
892.679	1280.76
893.279	1275.76
893.879	1291.76
894.479	1335.76
895.077	1321.76
895.677	1278.76
896.277	1290.76
896.875	1322.76
897.475	1247.76
898.073	1341.76
898.672	1337.76
899.272	1351.76
899.87	1280.76
900.469	1266.76
901.067	1327.76
901.667	1328.76
902.266	1326.76
902.864	1363.76
903.463	1321.76
904.06	1299.76
904.66	1381.76
905.257	1342.76
905.857	1341.76
906.454	1340.76
907.053	1304.76
907.65	1411.76
908.249	1325.76
908.846	1364.76
909.443	1364.76
910.043	1331.76
910.639	1320.76
911.238	1375.76
911.835	1341.76
912.432	1379.76
913.031	1362.76
913.628	1373.76
914.227	1368.76
914.823	1352.76
915.42	1333.76
916.019	1376.76
916.615	1343.76
917.212	1355.76
917.81	1381.76
918.407	1371.76
919.003	1397.76
919.599	1371.76
920.198	1332.76
920.794	1362.76
921.39	1390.76
921.987	1335.76
922.585	1321.76
923.181	1339.76
923.777	1338.76
924.373	1380.76
924.969	1331.76
925.567	1341.76
926.163	1311.76
926.759	1361.76
927.355	1375.76
927.951	1409.76
928.547	1428.76
929.144	1377.76
929.74	1352.76
930.336	1333.76
930.931	1327.76
931.527	1365.76
932.123	1330.76
932.718	1360.76
933.314	1343.76
933.909	1339.76
934.504	1359.76
935.1	1340.76
935.695	1334.76
936.29	1360.76
936.886	1336.76
937.481	1323.76
938.076	1339.76
938.671	1378.76
939.266	1377.76
939.861	1352.76
940.456	1349.76
941.051	1390.76
941.646	1331.76
942.241	1322.76
942.836	1395.76
943.431	1323.76
944.024	1400.76
944.618	1354.76
945.213	1408.76
945.808	1351.76
946.402	1373.76
946.997	1361.76
947.592	1413.76
948.184	1372.76
948.778	1379.76
949.373	1404.76
949.967	1355.76
950.562	1440.76
951.154	1390.76
951.748	1362.76
952.342	1390.76
952.937	1369.76
953.529	1377.76
954.123	1362.76
954.717	1356.76
955.309	1450.76
955.903	1377.76
956.497	1387.76
957.089	1401.76
957.683	1389.76
958.277	1359.76
958.868	1323.76
959.462	1396.76
960.056	1363.76
960.648	1324.76
961.241	1390.76
961.833	1386.76
962.427	1341.76
963.02	1363.76
963.612	1346.76
964.205	1410.76
964.796	1395.76
965.39	1382.76
965.981	1393.76
966.574	1324.76
967.166	1369.76
967.759	1376.76
968.35	1346.76
968.943	1390.76
969.534	1346.76
970.128	1379.76
970.718	1349.76
971.309	1377.76
971.902	1370.76
972.493	1401.76
973.086	1370.76
973.677	1384.76
974.268	1422.76
974.861	1378.76
975.451	1325.76
976.044	1369.76
976.635	1376.76
977.225	1341.76
977.818	1365.76
978.408	1331.76
978.999	1350.76
979.591	1363.76
980.182	1329.76
980.772	1421.76
981.362	1383.76
981.955	1393.76
982.545	1324.76
983.135	1372.76
983.725	1357.76
984.318	1385.76
984.908	1384.76
985.498	1367.76
986.088	1385.76
986.678	1363.76
987.268	1379.76
987.86	1352.76
988.449	1331.76
989.039	1337.76
989.629	1373.76
990.219	1315.76
990.808	1322.76
991.398	1349.76
991.988	1372.76
992.579	1338.76
993.169	1362.76
993.759	1331.76
994.348	1323.76
994.938	1315.76
995.527	1360.76
996.116	1351.76
996.706	1349.76
997.295	1355.76
997.884	1329.76
998.473	1324.76
999.063	1263.76
999.652	1321.76
1000.24	1318.76
1000.83	1357.76
1001.42	1348.76
1002.01	1313.76
1002.59	1349.76
1003.18	1304.76
1003.77	1301.76
1004.36	1329.76
1004.95	1321.76
1005.54	1253.76
1006.13	1324.76
1006.72	1337.76
1007.3	1322.76
1007.89	1306.76
1008.48	1323.76
1009.07	1324.76
1009.66	1355.76
1010.24	1357.76
1010.83	1281.76
1011.42	1327.76
1012.01	1300.76
1012.6	1333.76
1013.18	1302.76
1013.77	1348.76
1014.36	1315.76
1014.95	1350.76
1015.53	1297.76
1016.12	1358.76
1016.71	1411.76
1017.3	1331.76
1017.88	1339.76
1018.47	1262.76
1019.06	1291.76
1019.65	1375.76
1020.23	1311.76
1020.82	1318.76
1021.4	1296.76
1021.99	1319.76
1022.58	1322.76
1023.17	1317.76
1023.75	1318.76
1024.34	1286.76
1024.93	1266.76
1025.51	1337.49
1026.1	1327.81
1026.68	1298.86
1027.27	1249.06
1027.86	1290.14
1028.44	1327.29
1029.03	1287.79
1029.62	1286.7
1030.2	1278.84
1030.79	1258.14
1031.37	1261.47
1031.96	1272.96
1032.55	1240.9
1033.13	1273.27
1033.72	1222.45
1034.3	1235.47
1034.89	1291.82
1035.47	1297.28
1036.06	1292.84
1036.65	1310.1
1037.23	1233.62
1037.82	1294.12
1038.4	1310.41
1038.99	1259.5
1039.57	1308.52
1040.16	1315.24
1040.74	1279.29
1041.33	1285.4
1041.91	1296.94
1042.5	1285.43
1043.08	1296.37
1043.67	1276.67
1044.25	1234.86
1044.83	1185.29
1045.42	1211.32
1046.01	1195.7
1046.59	1187.48
1047.17	1224.13
1047.76	1201.7
1048.34	1249.25
1048.93	1273.16
1049.51	1275.49
1050.1	1237.54
1050.68	1219.31
1051.26	1219.16
1051.85	1219.25
1052.43	1237.85
1053.01	1176.63
1053.6	1241.69
1054.18	1203.33
1054.76	1213.22
1055.35	1237.06
1055.93	1204.9
1056.52	1266.9
1057.1	1248.47
1057.68	1229.01
1058.27	1179.62
1058.85	1231.09
1059.43	1200.91
1060.02	1185.88
1060.6	1203.14
1061.18	1174.42
1061.76	1206.4
1062.35	1206.96
1062.93	1152.3
1063.51	1233.67
1064.09	1231.25
1064.68	1195.62
1065.26	1196.51
1065.84	1231.22
1066.43	1192.2
1067.01	1187.53
1067.59	1203.96
1068.17	1241.34
1068.76	1160.68
1069.34	1215.05
1069.92	1183.47
1070.5	1184.24
1071.08	1129.11
1071.67	1173.11
1072.25	1151
1072.83	1201
1073.41	1173.74
1073.99	1175.05
1074.58	1189.22
1075.16	1167.51
1075.74	1134.34
1076.32	1181.9
1076.9	1168.04
1077.48	1142.24
1078.06	1188.83
1078.64	1139.22
1079.23	1134.62
1079.81	1188.12
1080.39	1152.49
1080.97	1166.81
1081.55	1163.04
1082.13	1159.87
1082.71	1153.05
1083.29	1203.11
1083.87	1128.68
1084.45	1140.05
1085.03	1154.4
1085.62	1107.31
1086.2	1130.29
1086.78	1121.46
1087.36	1177.73
1087.94	1115.63
1088.52	1124.31
1089.1	1145.96
1089.68	1148.67
1090.26	1123.37
1090.84	1151.66
1091.42	1141.86
1092	1133.17
1092.58	1126.64
1093.16	1139.35
1093.74	1149.6
1094.32	1128.47
1094.9	1182.89
1095.48	1095.37
1096.06	1124.58
1096.64	1143.77
1097.22	1120.6
1097.79	1137.72
1098.37	1145.35
1098.95	1120.9
1099.53	1085.96
1100.11	1095.65
1100.69	1118.45
1101.27	1130.71
1101.85	1085.15
1102.43	1078.05
1103.01	1095.8
1103.58	1115.48
1104.16	1093.91
1104.74	1088.83
1105.32	1077.82
1105.9	1049.46
1106.48	1089.39
1107.06	1082.47
1107.64	1069.25
1108.21	1054.6
1108.79	1085.7
1109.37	1055.63
1109.95	1061.62
1110.53	1060.55
1111.1	1046.51
1111.68	1043.03
1112.26	1069.38
1112.84	1035.85
1113.42	1059.51
1113.99	1040.47
1114.57	1039.29
1115.15	1041.43
1115.73	1012.38
1116.3	1015.74
1116.88	1040.58
1117.46	1043.85
1118.04	1059.96
1118.61	1041.6
1119.19	1024.38
1119.77	1053.51
1120.35	1040.51
1120.92	1017.46
1121.5	1017.88
1122.08	1008.38
1122.65	986.111
1123.23	893.945
1123.81	999.578
1124.39	988.472
1124.96	985.622
1125.54	996
1126.11	993.896
1126.69	991.874
1127.27	977.685
1127.85	974.371
1128.42	862.195
1129	933.52
1129.57	929.415
1130.15	959.78
1130.72	994.201
1131.3	1057.73
1131.88	964.376
1132.45	978.449
1133.03	1024.8
1133.61	975.201
1134.18	941.186
1134.76	968.128
1135.33	1011.6
1135.91	951.394
1136.48	972.941
1137.06	988.529
1137.63	962.862
1138.21	1000.76
1138.78	920.169
1139.36	958.442
1139.93	967.15
1140.51	947.516
1141.09	970.493
1141.66	963.73
1142.23	948.821
1142.81	947.776
1143.38	905.859
1143.96	957.901
1144.53	892.347
1145.11	907.791
1145.68	965.821
1146.26	904.106
1146.83	926.824
1147.41	934.872
1147.98	907.651
1148.56	934.708
1149.13	964.239
1149.71	900.732
1150.28	932.997
1150.85	912.681
1151.43	949.829
1152	896.012
1152.58	897.013
1153.15	904.328
1153.72	883.629
1154.3	878.705
1154.87	866.825
1155.45	848.757
1156.02	891.153
1156.59	867.69
1157.17	864.653
1157.74	878.234
1158.31	839.624
1158.89	847.085
1159.46	872.868
1160.03	847.681
1160.61	881.791
1161.18	887.228
1161.75	871.075
1162.32	918.55
1162.9	836.297
1163.47	843.814
1164.04	865.367
1164.62	866.373
1165.19	872.597
1165.76	829.026
1166.33	816.639
1166.91	822.993
1167.48	874.189
1168.05	823.42
1168.62	794.461
1169.2	841.993
1169.77	831.558
1170.34	811.785
1170.91	812.425
1171.48	769.851
1172.06	809.039
1172.18	764.039
1172.76	790.039
1173.34	776.039
1173.92	804.039
1174.5	768.039
1175.08	777.039
1175.66	794.039
1176.24	783.039
1176.82	834.039
1177.4	807.039
1177.98	810.039
1178.56	765.039
1179.14	771.039
1179.72	792.039
1180.3	761.039
1180.88	777.039
1181.46	732.039
1182.04	727.039
1182.62	716.039
1183.2	789.039
1183.78	752.039
1184.36	780.039
1184.94	781.039
1185.52	746.039
1186.09	729.039
1186.67	726.039
1187.25	754.039
1187.83	713.039
1188.41	759.039
1188.99	742.039
1189.57	778.039
1190.15	765.039
1190.73	719.039
1191.3	760.039
1191.88	738.039
1192.46	700.039
1193.04	740.039
1193.62	709.039
1194.2	712.039
1194.78	706.039
1195.35	673.039
1195.93	668.039
1196.51	662.039
1197.09	626.039
1197.67	560.039
1198.24	558.039
1198.82	675.115
1199.4	673.289
1199.98	671.245
1200.56	524.039
1201.13	578.039
1201.71	614.039
1202.29	623.039
1202.87	622.039
1203.45	650.039
1204.02	647.039
1204.6	605.039
1205.18	684.039
1205.75	663.039
1206.33	667.039
1206.91	611.039
1207.49	610.039
1208.06	645.039
1208.64	625.039
1209.22	648.039
1209.79	620.039
1210.37	639.039
1210.95	610.039
1211.52	615.039
1212.1	643.039
1212.68	619.039
1213.25	665.039
1213.83	612.039
1214.41	576.039
1214.98	619.039
1215.56	586.039
1216.14	585.039
1216.71	623.039
1217.29	587.039
1217.86	596.039
1218.44	615.039
1219.02	617.039
1219.59	624.039
1220.17	563.039
1220.74	590.039
1221.32	622.039
1221.9	615.039
1222.47	617.039
1223.05	607.039
1223.62	584.039
1224.2	559.039
1224.77	583.039
1225.35	576.039
1225.92	617.039
1226.5	589.039
1227.08	568.039
1227.65	581.039
1228.23	583.039
1228.8	593.039
1229.38	572.039
1229.95	601.039
1230.53	553.039
1231.1	580.039
1231.67	540.039
1232.25	598.039
1232.83	574.039
1233.4	564.039
1233.97	563.039
1234.55	613.039
1235.12	591.039
1235.7	580.039
1236.27	594.039
1236.85	582.039
1237.42	566.039
1237.99	582.039
1238.57	552.039
1239.14	572.039
1239.72	538.039
1240.29	610.039
1240.86	551.039
1241.44	536.039
1242.01	580.039
1242.59	552.039
1243.16	574.039
1243.73	574.039
1244.31	560.039
1244.88	552.039
1245.45	548.039
1246.03	535.039
1246.6	544.039
1247.17	566.039
1247.75	592.039
1248.32	541.039
1248.89	529.039
1249.47	561.039
1250.04	511.039
1250.61	543.039
1251.18	555.039
1251.76	562.039
1252.33	537.039
1252.9	556.039
1253.48	558.039
1254.05	546.039
1254.62	547.039
1255.19	543.039
1255.77	606.039
1256.34	598.039
1256.91	542.039
1257.48	585.039
1258.06	551.039
1258.63	539.039
1259.2	577.039
1259.77	543.039
1260.34	553.039
1260.92	553.039
1261.49	547.039
1262.06	554.039
1262.63	541.039
1263.2	535.039
1263.78	528.039
1264.35	564.039
1264.92	565.039
1265.49	538.039
1266.06	574.039
1266.63	550.039
1267.2	524.039
1267.78	532.039
1268.35	531.039
1268.92	481.039
1269.49	558.039
1270.06	534.039
1270.63	525.039
1271.2	551.039
1271.77	528.039
1272.34	562.039
1272.92	507.039
1273.49	514.039
1274.06	535.039
1274.63	512.039
1275.2	556.039
1275.77	532.039
1276.34	528.039
1276.91	568.039
1277.48	536.039
1278.05	530.039
1278.62	524.039
1279.19	556.039
1279.76	544.039
1280.33	511.039
1280.9	504.039
1281.47	540.039
1282.04	509.039
1282.61	521.039
1283.18	499.039
1283.75	542.039
1284.32	510.039
1284.89	511.039
1285.46	493.039
1286.03	523.039
1286.6	550.039
1287.17	541.039
1287.74	512.039
1288.31	537.039
1288.88	473.039
1289.45	538.039
1290.01	476.039
1290.58	525.039
1291.15	516.039
1291.72	536.039
1292.29	564.039
1292.86	553.039
1293.43	538.039
1294	548.039
1294.57	535.039
1295.13	509.039
1295.7	497.039
1296.27	492.039
1296.84	535.039
1297.41	521.039
1297.98	528.039
1298.55	469.039
1299.11	527.039
1299.68	539.039
1300.25	518.039
1300.82	537.039
1301.39	531.039
1301.95	533.039
1302.52	570.039
1303.09	532.039
1303.66	546.039
1304.23	526.039
1304.79	537.039
1305.36	492.039
1305.93	528.039
1306.5	521.039
1307.06	530.039
1307.63	500.039
1308.2	560.039
1308.77	512.039
1309.33	523.039
1309.9	525.039
1310.47	480.039
1311.04	506.039
1311.6	523.039
1312.17	523.039
1312.74	576.039
1313.3	525.039
1313.87	535.039
1314.44	477.039
1315	504.039
1315.57	513.039
1316.14	524.039
1316.7	499.039
1317.27	540.039
1317.84	541.039
1318.4	518.039
1318.97	565.039
1319.54	538.039
1320.1	515.039
1320.67	538.039
1321.23	534.039
1321.8	529.039
1322.37	544.039
1322.93	505.039
1323.5	526.039
1324.06	516.039
1324.63	485.039
1325.2	511.039
1325.76	507.039
1326.33	549.039
1326.89	517.039
1327.46	507.039
1328.02	529.039
1328.59	505.039
1329.15	492.039
1329.72	527.039
1330.29	536.039
1330.85	531.039
1331.42	511.039
1331.98	515.039
1332.55	524.039
1333.11	528.039
1333.68	503.039
1334.24	541.039
1334.81	515.039
1335.37	522.039
1335.93	516.039
1336.5	504.039
1337.06	503.039
1337.63	526.039
1338.19	516.039
1338.76	506.039
1339.32	538.039
1339.89	536.039
1340.45	510.039
1341.02	509.039
1341.58	540.039
1342.14	489.039
1342.71	521.039
1343.27	528.039
1343.84	530.039
1344.4	516.039
1344.96	514.039
1345.53	522.039
1346.09	508.039
1346.65	493.039
1347.22	504.039
1347.78	499.039
1348.35	516.039
1348.91	519.039
1349.47	566.039
1350.04	552.039
1350.6	539.039
1351.16	500.039
1351.73	515.039
1352.29	504.039
1352.85	524.039
1353.41	508.039
1353.98	509.039
1354.54	503.039
1355.1	514.039
1355.67	508.039
1356.23	505.039
1356.79	525.039
1357.35	514.039
1357.92	536.039
1358.48	503.039
1359.04	543.039
1359.6	534.039
1360.17	505.039
1360.73	510.039
1361.29	511.039
1361.85	503.039
1362.42	526.039
1362.98	534.039
1363.54	537.039
1364.1	535.039
1364.66	538.039
1365.23	488.039
1365.79	525.039
1366.35	503.039
1366.91	514.039
1367.47	502.039
1368.03	517.039
1368.6	522.039
1369.16	534.039
1369.72	511.039
1370.28	525.039
1370.84	489.039
1371.4	520.039
1371.96	502.039
1372.53	508.039
1373.09	537.039
1373.65	491.039
1374.21	523.039
1374.77	504.039
1375.33	517.039
1375.89	544.039
1376.45	485.039
1377.01	516.039
1377.57	515.039
1378.13	494.039
1378.69	506.039
1379.26	485.039
1379.82	507.039
1380.38	519.039
1380.94	528.039
1381.5	531.039
1382.06	549.039
1382.62	507.039
1383.18	518.039
1383.74	521.039
1384.3	534.039
1384.86	522.039
1385.42	512.039
1385.98	514.039
1386.54	531.039
1387.1	530.039
1387.66	502.039
1388.22	491.039
1388.78	499.039
1389.34	519.039
1389.89	489.039
1390.45	511.039
1391.01	546.039
1391.57	540.039
1392.13	533.039
1392.69	514.039
1393.25	501.039
1393.81	519.039
1394.37	486.039
1394.93	496.039
1395.49	525.039
1396.05	503.039
1396.6	522.039
1397.16	512.039
1397.72	517.039
1398.28	484.039
1398.84	507.039
1399.4	503.039
1399.96	486.039
1400.52	515.039
1401.07	520.039
1401.63	538.039
1402.19	508.039
1402.75	506.039
1403.31	503.039
1403.86	500.039
1404.42	511.039
1404.98	514.039
1405.54	507.039
1406.1	511.039
1406.66	487.039
1407.21	516.039
1407.77	497.039
1408.33	508.039
1408.88	490.039
1409.44	473.039
1410	496.039
1410.56	535.039
1411.12	509.039
1411.67	525.039
1412.23	491.039
1412.79	509.039
1413.34	538.039
1413.9	516.039
1414.46	510.039
1415.02	448.039
1415.57	508.039
1416.13	525.039
1416.69	506.039
1417.24	508.039
1417.8	493.039
1418.36	481.039
1418.91	531.039
1419.47	521.039
1420.03	532.039
1420.58	494.039
1421.14	491.039
1421.7	501.039
1422.25	524.039
1422.81	532.039
1423.37	541.039
1423.92	497.039
1424.48	495.039
1425.03	510.039
1425.59	527.039
1426.15	495.039
1426.7	517.039
1427.26	467.039
1427.81	514.039
1428.37	524.039
1428.93	536.039
1429.48	491.039
1430.04	514.039
1430.59	524.039
1431.15	495.039
1431.7	509.039
1432.26	524.039
1432.81	489.039
1433.37	509.039
1433.92	497.039
1434.48	505.039
1435.03	492.039
1435.59	501.039
1436.14	516.039
1436.7	501.039
1437.25	531.039
1437.81	493.039
1438.36	495.039
1438.92	493.039
1439.47	480.039
1440.03	513.039
1440.58	489.039
1441.14	503.039
1441.69	505.039
1442.25	487.039
1442.8	530.039
1443.35	493.039
1443.91	509.039
1444.46	498.039
1445.02	505.039
1445.57	517.039
1446.13	516.039
1446.68	515.039
1447.23	489.039
1447.79	512.039
1448.34	553.039
1448.89	508.039
1449.45	490.039
1450	507.039
1450.55	507.039
1451.11	485.039
1451.66	531.039
1452.22	477.039
1452.77	502.039
1453.32	520.039
1453.88	496.039
1454.43	466.039
1454.98	525.039
1455.54	514.039
1456.09	517.039
1456.64	491.039
1457.19	489.039
1457.75	483.039
1458.3	461.039
1458.85	506.039
1459.41	489.039
1459.96	492.039
1460.51	502.039
1461.06	502.039
1461.62	500.039
1462.17	538.039
1462.72	496.039
1463.27	550.039
1463.83	501.039
1464.38	521.039
1464.93	543.039
1465.48	496.039
1466.03	479.039
1466.59	494.039
1467.14	516.039
1467.69	505.039
1468.24	488.039
1468.79	517.039
1469.34	525.039
1469.9	493.039
1470.45	522.039
1471	479.039
1471.55	535.039
1472.1	528.039
1472.66	520.039
1473.21	512.039
1473.76	462.039
1474.31	492.039
1474.86	504.039
1475.41	509.039
1475.96	534.039
1476.52	516.039
1477.07	482.039
1477.62	492.039
1478.17	510.039
1478.72	503.039
1479.27	532.039
1479.82	506.039
1480.37	544.039
1480.92	489.039
1481.47	447.039
1482.02	498.039
1482.57	435.039
1483.12	452.039
1483.67	508.039
1484.22	507.039
1484.77	509.039
1485.32	505.039
1485.87	536.039
1486.42	506.039
1486.98	486.039
1487.52	487.039
1488.07	498.039
1488.62	514.039
1489.18	477.039
1489.72	508.039
1490.27	485.039
1490.82	504.039
1491.37	496.039
1491.92	498.039
1492.47	472.039
1493.02	521.039
1493.57	507.039
1494.12	482.039
1494.67	503.039
1495.22	536.039
1495.77	493.039
1496.32	480.039
1496.87	512.039
1497.42	521.039
1497.97	539.039
1498.51	472.039
1499.06	525.039
1499.61	501.039
1500.16	503.039
2600.02	470.483
2600.5	453.483
2600.97	421.483
2601.44	477.483
2601.92	438.483
2602.39	417.483
2602.87	490.483
2603.34	464.483
2603.82	459.483
2604.29	451.483
2604.76	449.483
2605.24	465.483
2605.71	483.483
2606.19	462.483
2606.66	491.483
2607.13	450.483
2607.61	468.483
2608.08	473.483
2608.55	481.483
2609.03	468.483
2609.5	471.483
2609.97	438.483
2610.45	487.483
2610.92	432.483
2611.39	463.483
2611.87	478.483
2612.34	461.483
2612.81	462.483
2613.29	449.483
2613.76	461.483
2614.23	462.483
2614.7	455.483
2615.18	449.483
2615.65	484.483
2616.12	457.483
2616.6	501.483
2617.07	449.483
2617.54	428.483
2618.01	456.483
2618.49	451.483
2618.96	445.483
2619.43	442.483
2619.91	446.483
2620.38	480.483
2620.85	429.483
2621.32	444.483
2621.8	455.483
2622.27	469.483
2622.74	426.483
2623.21	461.483
2623.68	478.483
2624.16	489.483
2624.63	483.483
2625.1	455.483
2625.57	450.483
2626.04	417.483
2626.52	478.483
2626.99	475.483
2627.46	465.483
2627.93	480.483
2628.4	456.483
2628.88	457.483
2629.35	474.483
2629.82	478.483
2630.29	470.483
2630.76	459.483
2631.23	474.483
2631.71	491.483
2632.18	472.483
2632.65	468.483
2633.12	505.483
2633.59	458.483
2634.06	456.483
2634.53	456.483
2635	439.483
2635.48	483.483
2635.95	485.483
2636.42	472.483
2636.89	483.483
2637.36	467.483
2637.83	473.483
2638.3	470.483
2638.77	439.483
2639.24	451.483
2639.71	452.483
2640.18	455.483
2640.65	465.483
2641.13	477.483
2641.6	490.483
2642.07	462.483
2642.54	464.483
2643.01	465.483
2643.48	441.483
2643.95	453.483
2644.42	463.483
2644.89	478.483
2645.36	485.483
2645.83	474.483
2646.3	486.483
2646.77	483.483
2647.24	500.483
2647.71	469.483
2648.18	431.483
2648.65	465.483
2649.12	466.483
2649.59	422.483
2650.06	461.483
2650.53	492.483
2651	438.483
2651.47	430.483
2651.94	500.483
2652.41	485.483
2652.88	481.483
2653.35	446.483
2653.81	484.483
2654.28	478.483
2654.75	447.483
2655.22	518.483
2655.69	513.483
2656.16	458.483
2656.63	441.483
2657.1	410.483
2657.57	457.502
2658.04	457.448
2658.51	457.475
2658.97	457.832
2659.44	457.645
2659.91	457.297
2660.38	350.483
2660.85	388.483
2661.32	402.483
2661.79	470.483
2662.26	452.483
2662.73	465.483
2663.19	443.483
2663.66	449.483
2664.13	467.483
2664.6	466.483
2665.07	447.483
2665.54	469.483
2666	469.483
2666.47	466.483
2666.94	463.483
2667.41	467.483
2667.88	462.483
2668.35	481.483
2668.81	484.483
2669.28	478.483
2669.75	478.483
2670.22	495.483
2670.69	490.483
2671.15	449.483
2671.62	458.483
2672.09	483.483
2672.56	489.483
2673.02	496.483
2673.49	470.483
2673.96	473.483
2674.43	475.483
2674.89	460.483
2675.36	453.483
2675.83	452.483
2676.3	447.483
2676.76	493.483
2677.23	470.483
2677.7	471.483
2678.16	480.483
2678.63	460.483
2679.1	492.483
2679.57	467.483
2680.03	463.483
2680.5	504.483
2680.97	478.483
2681.43	462.483
2681.9	472.483
2682.37	473.483
2682.84	461.483
2683.3	442.483
2683.77	444.483
2684.23	451.483
2684.7	463.483
2685.17	478.483
2685.63	469.483
2686.1	481.483
2686.57	448.483
2687.03	483.483
2687.5	462.483
2687.97	484.483
2688.43	464.483
2688.9	506.483
2689.36	454.483
2689.83	463.483
2690.3	487.483
2690.76	493.483
2691.23	488.483
2691.69	494.483
2692.16	456.483
2692.63	466.483
2693.09	460.483
2693.56	442.483
2694.02	465.483
2694.49	428.483
2694.96	403.483
2695.42	454.483
2695.89	411.483
2696.35	444.483
2696.82	448.483
2697.28	438.483
2697.75	467.483
2698.21	452.483
2698.68	480.483
2699.14	484.483
2699.61	470.483
2700.07	471.483
2700.54	438.483
2701	460.483
2701.47	468.483
2701.93	454.483
2702.4	482.483
2702.86	463.483
2703.33	476.483
2703.79	430.483
2704.26	422.483
2704.72	467.483
2705.19	473.483
2705.65	470.483
2706.12	463.483
2706.58	486.483
2707.05	485.483
2707.51	462.483
2707.98	493.483
2708.44	477.483
2708.9	519.483
2709.37	502.483
2709.83	488.483
2710.3	476.483
2710.76	404.483
2711.23	462.483
2711.69	467.483
2712.15	455.483
2712.62	486.483
2713.08	469.483
2713.55	485.483
2714.01	511.483
2714.47	462.483
2714.94	443.483
2715.4	456.483
2715.86	441.483
2716.33	417.483
2716.79	461.37
2717.25	461.195
2717.72	461.388
2718.18	461.361
2718.65	460.712
2719.11	461.116
2719.57	461.098
2720.04	412.483
2720.5	424.483
2720.96	416.483
2721.42	496.483
2721.89	454.483
2722.35	451.483
2722.81	459.483
2723.28	469.483
2723.74	468.483
2724.2	484.483
2724.67	436.483
2725.13	499.483
2725.59	478.483
2726.06	495.483
2726.52	462.483
2726.98	480.483
2727.44	494.483
2727.91	456.483
2728.37	449.483
2728.83	495.483
2729.29	477.483
2729.76	476.483
2730.22	472.483
2730.68	486.483
2731.14	478.483
2731.6	473.483
2732.07	470.483
2732.53	477.483
2732.99	448.483
2733.45	477.483
2733.92	463.483
2734.38	469.483
2734.84	466.483
2735.3	493.483
2735.76	496.483
2736.22	515.483
2736.69	467.483
2737.15	482.483
2737.61	485.483
2738.07	447.483
2738.53	493.483
2739	448.483
2739.46	511.483
2739.92	465.483
2740.38	476.483
2740.84	492.483
2741.3	456.483
2741.76	488.483
2742.23	455.483
2742.69	451.483
2743.15	491.483
2743.61	473.483
2744.07	471.483
2744.53	478.483
2744.99	462.483
2745.45	479.483
2745.91	484.483
2746.37	472.483
2746.83	486.483
2747.3	452.483
2747.76	477.483
2748.22	501.483
2748.68	473.483
2749.14	511.483
2749.6	481.483
2750.06	438.483
2750.52	492.483
2750.98	457.483
2751.44	471.483
2751.9	464.483
2752.36	461.483
2752.82	464.483
2753.28	477.483
2753.74	503.483
2754.2	474.483
2754.66	457.483
2755.12	459.483
2755.58	457.483
2756.04	458.483
2756.5	469.483
2756.96	487.483
2757.42	464.483
2757.88	476.483
2758.34	477.483
2758.8	520.483
2759.26	494.483
2759.72	470.483
2760.18	465.483
2760.64	454.483
2761.1	469.483
2761.56	464.483
2762.02	482.483
2762.48	483.483
2762.94	466.483
2763.4	438.483
2763.86	500.483
2764.32	491.483
2764.78	461.483
2765.23	501.483
2765.69	463.483
2766.15	488.483
2766.61	508.483
2767.07	459.483
2767.53	471.483
2767.99	469.483
2768.45	498.483
2768.91	468.483
2769.36	476.483
2769.82	472.483
2770.28	475.483
2770.74	453.483
2771.2	475.483
2771.66	465.483
2772.12	487.483
2772.57	462.483
2773.03	449.483
2773.49	478.483
2773.95	499.483
2774.41	467.483
2774.87	477.483
2775.32	475.483
2775.78	502.483
2776.24	463.483
2776.7	475.483
2777.16	462.483
2777.62	474.483
2778.07	501.483
2778.53	493.483
2778.99	474.483
2779.45	443.483
2779.91	503.483
2780.36	456.483
2780.82	459.483
2781.28	485.483
2781.74	495.483
2782.19	470.483
2782.65	457.483
2783.11	480.483
2783.57	486.483
2784.02	474.483
2784.48	488.483
2784.94	477.483
2785.39	457.483
2785.85	509.483
2786.31	448.483
2786.77	500.483
2787.22	465.483
2787.68	476.483
2788.14	492.483
2788.6	488.483
2789.05	469.483
2789.51	498.483
2789.97	443.483
2790.42	472.483
2790.88	511.483
2791.34	457.483
2791.79	492.483
2792.25	445.483
2792.71	475.483
2793.16	498.483
2793.62	451.483
2794.07	482.483
2794.53	481.483
2794.99	492.483
2795.44	508.483
2795.9	511.483
2796.36	475.483
2796.81	481.483
2797.27	494.483
2797.73	480.483
2798.18	474.483
2798.64	540.483
2799.09	481.483
2799.55	495.483
2800.01	477.483
2800.46	496.483
2800.92	477.483
2801.37	483.483
2801.83	497.483
2802.29	460.483
2802.74	491.483
2803.2	474.483
2803.65	488.483
2804.11	508.483
2804.56	495.483
2805.02	464.483
2805.47	498.483
2805.93	447.483
2806.38	475.483
2806.84	461.483
2807.3	461.483
2807.75	485.483
2808.21	477.483
2808.66	464.483
2809.12	491.483
2809.57	481.483
2810.03	482.483
2810.48	499.483
2810.93	482.483
2811.39	511.483
2811.85	482.483
2812.3	484.483
2812.75	472.483
2813.21	486.483
2813.66	508.483
2814.12	469.483
2814.57	508.483
2815.03	483.483
2815.48	456.483
2815.94	483.483
2816.39	493.483
2816.84	493.483
2817.3	490.483
2817.75	482.483
2818.21	489.483
2818.66	475.483
2819.12	519.483
2819.57	514.483
2820.02	480.483
2820.48	459.483
2820.93	507.483
2821.39	469.483
2821.84	495.483
2822.29	502.483
2822.75	464.483
2823.2	475.483
2823.66	458.483
2824.11	512.483
2824.56	492.483
2825.02	505.483
2825.47	515.483
2825.92	499.483
2826.38	501.483
2826.83	473.483
2827.28	499.483
2827.74	465.483
2828.19	508.483
2828.64	452.483
2829.1	486.483
2829.55	480.483
2830	498.483
2830.46	489.483
2830.91	482.483
2831.36	470.483
2831.82	475.483
2832.27	511.483
2832.72	491.483
2833.17	476.483
2833.63	488.483
2834.08	507.483
2834.53	476.483
2834.99	462.483
2835.44	500.483
2835.89	437.483
2836.34	465.483
2836.8	493.483
2837.25	471.483
2837.7	477.483
2838.15	505.483
2838.61	529.483
2839.06	515.483
2839.51	512.483
2839.96	485.483
2840.41	487.483
2840.87	473.483
2841.32	530.483
2841.77	459.483
2842.22	493.483
2842.68	472.483
2843.13	492.483
2843.58	514.483
2844.03	482.483
2844.48	490.483
2844.93	486.483
2845.39	496.483
2845.84	477.483
2846.29	476.483
2846.74	478.483
2847.19	483.483
2847.64	494.483
2848.1	478.483
2848.55	515.483
2849	499.483
2849.45	508.483
2849.9	491.483
2850.35	486.483
2850.8	495.483
2851.25	486.483
2851.71	485.483
2852.16	483.483
2852.61	466.483
2853.06	509.483
2853.51	496.483
2853.96	497.483
2854.41	486.483
2854.86	497.483
2855.31	504.483
2855.76	521.483
2856.21	480.483
2856.66	511.483
2857.12	478.483
2857.57	475.483
2858.02	504.483
2858.47	485.483
2858.92	491.483
2859.37	515.483
2859.82	496.483
2860.27	541.483
2860.72	519.483
2861.17	466.483
2861.62	496.483
2862.07	492.483
2862.52	456.483
2862.97	503.483
2863.42	484.483
2863.87	502.483
2864.32	502.483
2864.77	511.483
2865.22	486.483
2865.67	465.483
2866.12	491.483
2866.57	474.483
2867.02	465.483
2867.47	500.483
2867.92	507.483
2868.37	463.483
2868.82	430.483
2869.27	496.483
2869.72	495.483
2870.17	493.483
2870.61	488.483
2871.06	499.483
2871.51	473.483
2871.96	455.483
2872.41	498.483
2872.86	456.483
2873.31	514.483
2873.76	487.483
2874.21	482.483
2874.66	502.483
2875.11	488.483
2875.55	464.483
2876	498.483
2876.45	486.483
2876.9	489.483
2877.35	501.483
2877.8	481.483
2878.25	495.483
2878.7	497.483
2879.14	491.483
2879.59	500.483
2880.04	465.483
2880.49	516.483
2880.94	460.483
2881.39	491.483
2881.84	470.483
2882.28	495.483
2882.73	527.483
2883.18	512.483
2883.63	500.483
2884.08	490.483
2884.52	518.483
2884.97	468.483
2885.42	486.483
2885.87	495.483
2886.32	502.483
2886.76	498.483
2887.21	512.483
2887.66	507.483
2888.11	489.483
2888.55	468.483
2889	515.483
2889.45	474.483
2889.9	472.483
2890.35	503.483
2890.79	509.483
2891.24	508.483
2891.69	511.483
2892.13	487.483
2892.58	484.483
2893.03	473.483
2893.48	480.483
2893.92	487.483
2894.37	524.483
2894.82	514.483
2895.26	481.483
2895.71	493.483
2896.16	495.483
2896.61	475.483
2897.05	489.483
2897.5	515.483
2897.95	507.483
2898.39	503.483
2898.84	489.483
2899.29	541.483
2899.73	500.483
2900.18	538.483
2900.63	511.483
2901.07	507.483
2901.52	478.483
2901.97	493.483
2902.41	493.483
2902.86	525.483
2903.31	491.483
2903.75	515.483
2904.2	520.483
2904.64	523.483
2905.09	493.483
2905.54	511.483
2905.98	511.483
2906.43	524.483
2906.87	533.483
2907.32	494.483
2907.77	494.483
2908.21	499.483
2908.66	493.483
2909.1	503.483
2909.55	507.483
2909.99	465.483
2910.44	496.483
2910.89	514.483
2911.33	481.483
2911.78	514.483
2912.22	476.483
2912.67	478.483
2913.11	473.483
2913.56	517.483
2914	543.483
2914.45	513.483
2914.9	508.483
2915.34	508.483
2915.78	513.483
2916.23	503.483
2916.68	503.483
2917.12	549.483
2917.57	509.483
2918.01	496.483
2918.45	525.483
2918.9	507.483
2919.35	501.483
2919.79	513.483
2920.23	505.483
2920.68	481.483
2921.12	497.483
2921.57	525.483
2922.01	469.483
2922.46	478.483
2922.9	499.483
2923.35	499.483
2923.79	521.483
2924.24	543.483
2924.68	509.483
2925.12	489.483
2925.57	481.483
2926.01	526.483
2926.46	473.483
2926.9	513.483
2927.34	514.483
2927.79	519.483
2928.23	532.483
2928.68	500.483
2929.12	511.483
2929.56	496.483
2930.01	511.483
2930.45	503.483
2930.89	499.483
2931.34	502.483
2931.78	490.483
2932.23	481.483
2932.67	510.483
2933.11	546.483
2933.56	486.483
2934	509.483
2934.44	529.483
2934.89	515.483
2935.33	497.483
2935.77	506.483
2936.22	521.483
2936.66	514.483
2937.1	542.483
2937.55	483.483
2937.99	494.483
2938.43	529.483
2938.88	542.483
2939.32	494.483
2939.76	542.483
2940.2	516.483
2940.65	525.483
2941.09	509.483
2941.53	532.483
2941.97	502.483
2942.42	494.483
2942.86	498.483
2943.3	557.483
2943.75	512.483
2944.19	508.483
2944.63	491.483
2945.07	483.483
2945.52	465.483
2945.96	470.483
2946.4	486.483
2946.84	468.483
2947.28	469.483
2947.73	522.483
2948.17	527.483
2948.61	496.483
2949.05	514.483
2949.49	531.483
2949.94	489.483
2950.38	498.483
2950.82	499.483
2951.26	478.483
2951.7	508.483
2952.15	514.483
2952.59	506.483
2953.03	534.483
2953.47	546.483
2953.91	529.483
2954.35	507.483
2954.8	506.483
2955.24	504.483
2955.68	532.483
2956.12	512.483
2956.56	523.483
2957	499.483
2957.44	521.483
2957.88	493.483
2958.33	521.483
2958.77	502.483
2959.21	515.483
2959.65	497.483
2960.09	499.483
2960.53	521.483
2960.97	542.483
2961.41	504.483
2961.85	527.483
2962.29	521.483
2962.74	520.483
2963.18	481.483
2963.62	514.483
2964.06	475.483
2964.5	493.483
2964.94	531.483
2965.38	526.483
2965.82	498.483
2966.26	483.483
2966.7	537.483
2967.14	509.483
2967.58	493.483
2968.02	518.483
2968.46	494.532
2968.9	533.523
2969.34	530.763
2969.78	529.86
2970.22	525.302
2970.66	522.394
2971.1	530.68
2971.54	517.494
2971.98	486.191
2972.42	539.086
2972.86	540.152
2973.3	514.552
2973.74	527.035
2974.18	504.162
2974.62	519.751
2975.06	524.439
2975.5	525.424
2975.94	493.118
2976.38	475.487
2976.82	522.343
2977.26	522.316
2977.7	534.193
2978.14	500.38
2978.57	532.02
2979.01	500.96
2979.45	526.795
2979.89	511.351
2980.33	506.132
2980.77	513.489
2981.21	524.603
2981.65	515.267
2982.09	519.382
2982.53	505.538
2982.97	523.283
2983.4	523.508
2983.84	507.791
2984.28	517.572
2984.72	511.239
2985.16	511.954
2985.6	547.323
2986.04	482.708
2986.47	527.99
2986.91	519.15
2987.35	534.006
2987.79	510.673
2988.23	513.387
2988.67	525.799
2989.1	503.063
2989.54	520.463
2989.98	492.007
2990.42	513.157
2990.86	518.494
2991.3	531.386
2991.73	511.993
2992.17	500.242
2992.61	521.828
2993.05	513.158
2993.49	514.408
2993.92	523.982
2994.36	499.72
2994.8	517.86
2995.24	518.496
2995.67	502.592
2996.11	492.982
2996.55	492.805
2996.99	510.592
2997.42	486.199
2997.86	517.485
2998.3	512.722
2998.74	491.569
2999.17	544.35
2999.61	528.056
3000.05	498.66
3000.49	526.843
3000.92	524.498
3001.36	533.94
3001.8	523.76
3002.23	549.511
3002.67	521.22
3003.11	489.367
3003.55	519.914
3003.98	524.473
3004.42	529.875
3004.86	531.5
3005.29	525.455
3005.73	514.374
3006.17	512.654
3006.6	517.213
3007.04	490.288
3007.47	548.846
3007.91	506.528
3008.35	523.559
3008.78	534.475
3009.22	514.529
3009.66	526.502
3010.09	545.337
3010.53	533.539
3010.97	529.269
3011.4	517.257
3011.84	535.692
3012.27	523.296
3012.71	513.407
3013.15	529.855
3013.58	541.36
3014.02	533.985
3014.45	548.901
3014.89	543.784
3015.33	540.153
3015.76	532.829
3016.2	520.505
3016.63	526.256
3017.07	513.505
3017.5	525.671
3017.94	563.476
3018.38	503.139
3018.81	511.251
3019.25	533.849
3019.68	549.107
3020.12	540.513
3020.55	541.507
3020.99	552.402
3021.42	539.468
3021.86	551.616
3022.29	539.715
3022.73	553.376
3023.16	536.697
3023.6	540.986
3024.03	559.944
3024.47	536.527
3024.9	525.335
3025.34	548.287
3025.77	532.482
3026.21	531.032
3026.64	530.594
3027.08	535.537
3027.51	546.396
3027.95	563.856
3028.38	560.628
3028.82	569.415
3029.25	520.67
3029.68	542.322
3030.12	534.764
3030.55	522.818
3030.99	532.232
3031.42	535.644
3031.86	560.305
3032.29	600.566
3032.72	540.792
3033.16	558.828
3033.59	535.972
3034.03	532.168
3034.46	535.207
3034.9	514.324
3035.33	505.439
3035.76	483.262
3036.2	520.334
3036.63	549.448
3037.06	525.178
3037.5	516.326
3037.93	509.668
3038.36	536.852
3038.8	525.768
3039.23	555.765
3039.67	543.9
3040.1	563.083
3040.53	536.964
3040.97	535.246
3041.4	561.517
3041.83	489.517
3042.28	465.517
3042.72	534.819
3043.16	528.976
3043.6	529.643
3044.04	539.596
3044.48	539.621
3044.92	530.429
3045.37	530.381
3045.81	537.373
3046.25	466.517
3046.69	512.517
3047.13	524.517
3047.57	525.517
3048.01	531.517
3048.45	532.517
3048.89	483.517
3049.33	519.517
3049.77	540.517
3050.22	543.517
3050.66	583.517
3051.1	547.517
3051.54	520.517
3051.98	558.517
3052.42	574.517
3052.86	552.517
3053.3	568.517
3053.74	527.517
3054.18	563.517
3054.62	553.517
3055.06	559.517
3055.5	574.517
3055.94	544.517
3056.38	553.517
3056.82	565.517
3057.26	547.517
3057.7	518.517
3058.14	551.517
3058.58	568.517
3059.02	554.517
3059.46	540.517
3059.9	552.517
3060.34	589.517
3060.78	564.517
3061.22	593.517
3061.66	535.517
3062.1	573.517
3062.54	534.517
3062.98	532.517
3063.42	515.517
3063.86	580.517
3064.3	560.517
3064.74	575.517
3065.18	541.517
3065.62	553.517
3066.06	556.517
3066.5	556.517
3066.94	544.517
3067.38	518.517
3067.81	543.517
3068.25	531.517
3068.69	567.517
3069.13	556.517
3069.57	561.517
3070.01	565.517
3070.45	597.517
3070.89	563.517
3071.33	567.517
3071.77	561.517
3072.21	574.517
3072.64	570.517
3073.08	551.517
3073.52	584.517
3073.96	568.517
3074.4	561.517
3074.84	585.517
3075.28	583.517
3075.71	542.517
3076.15	564.517
3076.59	604.517
3077.03	554.517
3077.47	529.517
3077.9	520.517
3078.34	524.517
3078.78	520.517
3079.22	520.517
3079.66	553.517
3080.1	585.517
3080.53	571.517
3080.97	562.517
3081.41	541.517
3081.85	565.517
3082.29	536.517
3082.72	574.517
3083.16	592.517
3083.6	580.517
3084.04	562.517
3084.48	606.517
3084.91	545.517
3085.35	550.517
3085.79	561.517
3086.22	552.517
3086.66	525.517
3087.1	559.517
3087.54	570.517
3087.97	581.517
3088.41	534.517
3088.85	565.517
3089.29	602.517
3089.72	558.517
3090.16	587.517
3090.6	590.517
3091.04	555.517
3091.47	562.517
3091.91	586.517
3092.35	574.517
3092.78	634.517
3093.22	582.517
3093.66	608.517
3094.09	559.517
3094.53	568.517
3094.97	611.517
3095.4	576.517
3095.84	597.517
3096.28	581.517
3096.71	566.517
3097.15	589.517
3097.59	554.517
3098.02	497.517
3098.46	498.517
3098.9	569.827
3099.33	569.983
3099.77	570.598
3100.2	570.754
3100.64	570.59
3101.08	570.655
3101.51	478.517
3101.95	524.517
3102.39	555.517
3102.82	551.517
3103.26	584.517
3103.69	558.517
3104.13	601.517
3104.56	598.517
3105	571.517
3105.44	603.517
3105.87	575.517
3106.31	594.517
3106.74	621.517
3107.18	570.517
3107.61	600.517
3108.05	573.517
3108.49	616.517
3108.92	584.517
3109.36	572.517
3109.79	614.517
3110.23	601.517
3110.66	586.517
3111.1	573.517
3111.53	583.517
3111.97	615.517
3112.4	602.517
3112.84	562.517
3113.27	592.517
3113.71	582.517
3114.14	607.517
3114.58	624.517
3115.01	573.517
3115.45	583.517
3115.88	614.517
3116.32	590.517
3116.75	605.517
3117.19	598.517
3117.62	576.517
3118.06	629.517
3118.49	596.517
3118.93	590.517
3119.36	600.517
3119.79	589.517
3120.23	549.517
3120.66	588.517
3121.1	597.517
3121.53	618.517
3121.96	602.517
3122.4	604.517
3122.83	594.517
3123.27	618.517
3123.7	582.517
3124.14	639.517
3124.57	584.517
3125	614.517
3125.44	574.517
3125.87	574.517
3126.31	619.517
3126.74	601.517
3127.17	587.517
3127.61	586.517
3128.04	617.517
3128.47	644.517
3128.91	620.517
3129.34	600.517
3129.78	620.517
3130.21	627.517
3130.64	600.517
3131.07	636.517
3131.51	614.517
3131.94	614.517
3132.38	591.517
3132.81	620.517
3133.24	613.517
3133.68	597.517
3134.11	586.517
3134.54	623.517
3134.97	611.517
3135.41	595.517
3135.84	580.517
3136.27	636.517
3136.71	616.517
3137.14	610.517
3137.57	596.517
3138	601.517
3138.44	592.517
3138.87	605.517
3139.3	616.517
3139.74	590.517
3140.17	587.517
3140.6	611.517
3141.03	616.517
3141.47	628.517
3141.9	586.517
3142.33	633.517
3142.76	611.517
3143.2	579.517
3143.63	598.517
3144.06	588.517
3144.49	657.517
3144.92	638.517
3145.36	630.517
3145.79	653.517
3146.22	633.517
3146.65	601.517
3147.08	609.517
3147.51	595.517
3147.95	611.517
3148.38	624.517
3148.81	628.517
3149.24	628.517
3149.67	647.517
3150.11	578.517
3150.54	635.517
3150.97	633.517
3151.4	624.517
3151.83	624.517
3152.26	602.517
3152.69	628.517
3153.13	603.517
3153.56	630.517
3153.99	650.517
3154.42	632.517
3154.85	626.517
3155.28	588.517
3155.71	650.517
3156.15	610.517
3156.58	614.517
3157.01	634.517
3157.44	632.517
3157.87	632.517
3158.3	646.517
3158.73	609.517
3159.16	650.517
3159.59	643.517
3160.02	642.517
3160.45	670.517
3160.89	608.517
3161.32	647.517
3161.75	633.517
3162.18	630.517
3162.61	608.517
3163.04	639.517
3163.47	673.517
3163.9	662.517
3164.33	621.517
3164.76	625.517
3165.19	625.517
3165.62	602.517
3166.05	604.517
3166.48	673.517
3166.91	636.517
3167.34	620.517
3167.77	656.517
3168.2	654.517
3168.63	663.517
3169.06	604.517
3169.49	626.517
3169.92	651.517
3170.35	675.517
3170.78	649.517
3171.21	628.517
3171.64	660.517
3172.07	626.517
3172.5	653.517
3172.93	647.517
3173.36	647.517
3173.79	662.517
3174.22	676.517
3174.65	650.517
3175.08	618.517
3175.5	676.517
3175.93	636.517
3176.36	654.517
3176.79	630.517
3177.22	643.517
3177.65	663.517
3178.08	668.517
3178.51	689.517
3178.94	632.517
3179.37	632.517
3179.8	699.517
3180.22	627.517
3180.65	632.517
3181.08	636.517
3181.51	657.517
3181.94	673.517
3182.37	669.517
3182.8	626.517
3183.23	640.517
3183.65	675.517
3184.08	657.517
3184.51	653.517
3184.94	655.517
3185.37	662.517
3185.8	656.517
3186.22	638.517
3186.65	706.517
3187.08	668.517
3187.51	700.517
3187.94	690.517
3188.37	679.517
3188.79	663.517
3189.22	660.517
3189.65	703.517
3190.08	648.517
3190.51	665.517
3190.93	655.517
3191.36	716.517
3191.79	682.517
3192.22	672.517
3192.65	662.517
3193.07	674.517
3193.5	684.517
3193.93	623.517
3194.36	635.517
3194.78	686.517
3195.21	670.517
3195.64	668.517
3196.07	711.517
3196.49	709.517
3196.92	679.517
3197.35	668.517
3197.78	708.517
3198.2	687.517
3198.63	694.517
3199.06	679.517
3199.48	660.517
3199.91	683.517
3200.34	697.517
3200.77	706.517
3201.19	671.517
3201.62	723.517
3202.05	680.517
3202.47	685.517
3202.9	698.517
3203.33	706.517
3203.75	663.517
3204.18	682.517
3204.61	679.517
3205.03	706.517
3205.46	699.517
3205.89	692.517
3206.31	727.517
3206.74	698.517
3207.17	701.517
3207.59	649.517
3208.02	694.517
3208.45	748.517
3208.87	674.517
3209.3	714.517
3209.72	701.517
3210.15	719.517
3210.58	729.517
3211	724.517
3211.43	703.517
3211.85	735.517
3212.28	706.517
3212.71	696.517
3213.13	738.517
3213.56	747.517
3213.98	724.517
3214.41	686.517
3214.83	688.517
3215.26	684.517
3215.69	714.517
3216.11	733.517
3216.54	651.517
3216.96	687.517
3217.39	711.517
3217.81	717.517
3218.24	687.517
3218.67	703.517
3219.09	708.517
3219.52	695.517
3219.94	676.517
3220.37	774.517
3220.79	745.517
3221.22	710.517
3221.64	738.517
3222.07	674.517
3222.49	685.517
3222.92	674.517
3223.34	679.517
3223.77	693.517
3224.19	702.517
3224.62	713.517
3225.04	763.517
3225.46	713.517
3225.89	757.517
3226.31	689.517
3226.74	664.517
3227.16	743.517
3227.59	764.517
3228.01	707.517
3228.44	760.517
3228.86	716.517
3229.29	723.517
3229.71	741.517
3230.14	742.517
3230.56	738.517
3230.98	687.517
3231.41	687.517
3231.83	709.517
3232.26	722.517
3232.68	706.517
3233.1	696.517
3233.53	702.517
3233.95	721.517
3234.38	735.517
3234.8	735.517
3235.22	762.517
3235.65	750.517
3236.07	719.517
3236.49	711.517
3236.92	697.517
3237.34	722.517
3237.77	773.517
3238.19	692.517
3238.61	760.517
3239.04	719.517
3239.46	740.517
3239.88	735.517
3240.31	737.517
3240.73	735.517
3241.15	733.517
3241.58	753.517
3242	741.517
3242.42	708.517
3242.84	727.517
3243.27	745.517
3243.69	751.517
3244.12	751.517
3244.54	730.517
3244.96	737.517
3245.38	760.517
3245.81	749.517
3246.23	717.517
3246.65	718.517
3247.07	736.517
3247.5	717.517
3247.92	775.517
3248.34	744.517
3248.77	749.517
3249.19	741.517
3249.61	736.517
3250.03	768.517
3250.46	749.517
3250.88	737.517
3251.3	729.517
3251.72	725.517
3252.15	772.517
3252.57	750.517
3252.99	727.517
3253.41	786.517
3253.83	753.517
3254.25	782.517
3254.68	751.517
3255.1	762.517
3255.52	708.517
3255.94	770.517
3256.37	745.517
3256.79	745.517
3257.21	744.517
3257.63	758.517
3258.05	731.517
3258.47	754.517
3258.9	774.517
3259.32	729.517
3259.74	744.517
3260.16	746.517
3260.58	721.517
3261	756.517
3261.43	761.517
3261.85	743.517
3262.27	732.517
3262.69	754.517
3263.11	784.517
3263.53	771.517
3263.95	738.517
3264.37	740.517
3264.79	712.517
3265.22	732.517
3265.64	788.517
3266.06	752.517
3266.48	733.517
3266.9	753.517
3267.32	735.517
3267.74	774.517
3268.16	743.517
3268.58	764.517
3269	784.517
3269.42	738.517
3269.84	749.517
3270.27	735.517
3270.69	768.517
3271.11	757.517
3271.53	746.517
3271.95	763.517
3272.37	781.517
3272.79	769.517
3273.21	725.517
3273.63	755.517
3274.05	727.517
3274.47	742.517
3274.89	767.517
3275.31	741.517
3275.73	742.517
3276.15	767.517
3276.57	748.517
3276.99	817.517
3277.41	757.517
3277.83	735.517
3278.25	761.517
3278.67	747.517
3279.09	804.517
3279.51	754.517
3279.93	758.517
3280.35	769.517
3280.77	733.517
3281.19	780.517
3281.61	813.517
3282.03	796.517
3282.45	804.517
3282.86	769.517
3283.29	760.517
3283.7	769.517
3284.12	780.517
3284.54	760.517
3284.96	726.517
3285.38	763.517
3285.8	773.517
3286.22	794.517
3286.64	790.517
3287.06	768.517
3287.48	776.517
3287.9	783.517
3288.31	773.517
3288.73	790.517
3289.15	758.517
3289.57	725.517
3289.99	822.517
3290.41	789.517
3290.83	774.517
3291.25	804.517
3291.66	796.517
3292.08	812.517
3292.5	770.517
3292.92	798.467
3293.34	798.627
3293.76	761.107
3294.18	772.125
3294.59	795.747
3295.01	758.734
3295.43	766.901
3295.85	784.912
3296.27	772.709
3296.68	754.566
3297.1	775.614
3297.52	813.296
3297.94	833.545
3298.36	771.271
3298.77	804.263
3299.19	787.814
3299.61	785.66
3300.03	795.678
3300.45	796.207
3300.86	811.064
3301.28	788.492
3301.7	791.51
3302.12	808.378
3302.53	773.612
3302.95	768.809
3303.37	780.148
3303.79	771.124
3304.2	758.713
3304.62	774.652
3305.04	807.599
3305.46	797.187
3305.87	802.948
3306.29	808.103
3306.71	829.983
3307.12	789.096
3307.54	810.302
3307.96	801.348
3308.38	792.759
3308.79	799.484
3309.21	810.267
3309.63	810.476
3310.04	828.573
3310.46	837.474
3310.88	825.253
3311.29	812.978
3311.71	775.621
3312.13	785.096
3312.54	817.128
3312.96	773.775
3313.38	764.505
3313.79	772.019
3314.21	761.913
3314.63	741.765
3315.04	774.861
3315.46	785.853
3315.88	798.089
3316.29	771.953
3316.71	820.18
3317.13	836.078
3317.54	826.01
3317.96	811.069
3318.37	799.946
3318.79	778.222
3319.21	814.823
3319.62	795.856
3320.04	817.782
3320.45	845.15
3320.87	829.525
3321.29	835.027
3321.7	827.745
3322.12	824.232
3322.53	827.453
3322.95	838.807
3323.37	828.334
3323.78	854.713
3324.2	805.949
3324.61	837.878
3325.03	830.586
3325.44	850.874
3325.86	817.82
3326.27	815.844
3326.69	822.874
3327.1	812.892
3327.52	782.137
3327.94	809.497
3328.35	824.966
3328.76	813.653
3329.18	806.001
3329.6	845.354
3330.01	850.428
3330.43	823.466
3330.84	848.939
3331.26	835.054
3331.67	856.191
3332.08	817.248
3332.5	819.841
3332.92	806.705
3333.33	853.383
3333.74	832.45
3334.16	864.419
3334.57	864.492
3334.99	863.025
3335.4	866.699
3335.82	819.71
3336.23	875.19
3336.65	832.588
3337.06	858.546
3337.48	860.053
3337.89	846.664
3338.3	842.916
3338.72	868.236
3339.13	854.922
3339.55	874.958
3339.96	886.644
3340.37	860.337
3340.79	862.698
3341.2	850.029
3341.62	877.61
3342.03	876.281
3342.44	859.175
3342.86	857.965
3343.27	873.557
3343.69	872.224
3344.1	910.805
3344.51	870.618
3344.93	889.789
3345.34	892.071
3345.75	876.925
3346.17	848.972
3346.58	878.721
3346.99	869.179
3347.41	889.454
3347.82	881.565
3348.23	905.799
3348.65	890.384
3349.06	869.45
3349.47	894.905
3349.89	909.183
3350.3	876.35
3350.71	887.715
3351.13	895.931
3351.54	904.418
3351.95	919.988
3352.37	896.312
3352.78	905.539
3353.19	903.881
3353.6	900.335
3354.02	905.017
3354.43	877.534
3354.84	872.832
3355.26	860.622
3355.67	855.214
3356.08	892.292
3356.49	892.373
3356.91	844.498
3357.32	874.032
3357.73	877.264
3358.14	891.924
3358.56	865.65
3358.97	896.812
3359.38	895.598
3359.79	897.72
3360.21	905.064
3360.62	895.451
3361.03	915.601
3361.44	909.472
3361.85	908.178
3362.27	908.641
3362.68	881.851
3363.09	808.165
3363.5	915.915
3363.91	906.411
3364.33	908.069
3364.74	909.481
3365.15	910.468
3365.56	911.583
3365.97	923.91
3366.38	815.018
3366.8	860.265
3367.21	926.374
3367.62	941.093
3368.03	937.848
3368.44	913.464
3368.85	896.545
3369.26	886.462
3369.68	913.254
3370.09	951.49
3370.5	923.064
3370.91	937.13
3371.32	954.483
3371.73	986.693
3372.14	931.459
3372.55	970.645
3372.97	968.142
3373.38	963.975
3373.79	956.371
3374.2	946.092
3374.61	992.25
3375.02	961.482
3375.43	947.432
3375.84	973.597
3376.25	976.71
3376.66	976.844
3377.07	963.119
3377.48	956.041
3377.89	945.262
3378.31	964.246
3378.72	995.641
3379.13	945.571
3379.54	927.311
3379.95	997.142
3380.36	955.589
3380.77	986.177
3381.18	959.801
3381.59	952.101
3382	976.82
3382.41	968.162
3382.82	1014.48
3383.23	960.448
3383.64	963.756
3384.05	988.311
3384.46	966.583
3384.87	978.843
3385.28	974.387
3385.69	967.647
3386.1	1015.89
3386.51	977.679
3386.92	971.875
3387.33	952.516
3387.74	976.933
3388.15	954.91
3388.56	1006.77
3388.97	1014.8
3389.38	1002.42
3389.78	1014.41
3390.19	1036.73
3390.6	1022.03
3391.01	993.418
3391.42	995.003
3391.83	1048.69
3392.24	1023.52
3392.65	1013.47
3393.06	1012.06
3393.47	1037.34
3393.88	986.624
3394.29	1053.05
3394.7	996.562
3395.11	1040.17
3395.51	963.638
3395.92	1011.02
3396.33	929.823
3396.74	936.896
3397.15	926.646
3397.56	934.342
3397.97	963.129
3398.38	983.766
3398.78	922.212
3399.19	942.622
3399.6	1012.78
3400.01	1057.12
3400.42	1049.03
3400.83	1095.45
3401.23	1014.59
3401.64	1048.82
3402.05	1084.27
3402.46	1046.64
3402.87	1115.78
3403.28	1029.78
3403.68	1039.77
3404.09	997.252
3404.49	990.252
3404.91	1043.59
3405.32	1001.25
3405.74	1052.25
3406.15	1032.25
3406.57	1060.25
3406.98	1097.25
3407.4	1064.25
3407.81	1075.25
3408.23	1118.25
3408.64	1134.25
3409.06	1116.25
3409.47	1077.25
3409.89	1091.25
3410.3	1087.25
3410.72	1065.25
3411.13	1012.25
3411.55	1164.25
3411.96	1117.25
3412.37	1060.25
3412.79	1085.25
3413.2	1097.25
3413.62	1117.25
3414.03	1061.25
3414.45	1061.25
3414.86	1097.25
3415.28	1016.25
3415.69	1083.12
3416.1	1078.55
3416.52	1079.98
3416.93	1070.91
3417.35	1071.99
3417.76	1073.77
3418.17	1075.27
3418.59	1087.57
3419	1095.02
3419.42	956.252
3419.83	1034.25
3420.24	1065.25
3420.66	1073.25
3421.07	1076.25
3421.49	1140.25
3421.9	1103.25
3422.31	1124.25
3422.73	1119.25
3423.14	1097.25
3423.55	1109.25
3423.97	1136.25
3424.38	1073.25
3424.79	1147.25
3425.21	1132.25
3425.62	1161.25
3426.03	1136.25
3426.45	1082.25
3426.86	1138.25
3427.27	1160.25
3427.69	1175.25
3428.1	1170.25
3428.51	1139.25
3428.93	1138.25
3429.34	1154.25
3429.75	1158.25
3430.16	1181.25
3430.58	1143.25
3430.99	1119.25
3431.4	1104.25
3431.82	1128.25
3432.23	1151.25
3432.64	1138.25
3433.05	1179.25
3433.47	1127.25
3433.88	1185.25
3434.29	1247.25
3434.7	1098.25
3435.12	1084.25
3435.53	1150.25
3435.94	1196.25
3436.35	1200.25
3436.77	1221.25
3437.18	1137.25
3437.59	1176.25
3438	1162.25
3438.42	1202.25
3438.83	1191.25
3439.24	1206.25
3439.65	1199.25
3440.06	1176.25
3440.48	1137.25
3440.89	1189.25
3441.3	1200.25
3441.71	1122.25
3442.12	1213.25
3442.53	1132.25
3442.95	1234.25
3443.36	1229.25
3443.77	1161.25
3444.18	1235.25
3444.59	1226.25
3445	1200.25
3445.42	1189.25
3445.83	1178.25
3446.24	1181.25
3446.65	1257.25
3447.06	1239.25
3447.47	1214.25
3447.88	1213.25
3448.3	1222.25
3448.71	1223.25
3449.12	1234.25
3449.53	1242.25
3449.94	1200.25
3450.35	1195.25
3450.76	1163.25
3451.17	1225.25
3451.58	1186.25
3452	1245.25
3452.41	1237.25
3452.82	1241.25
3453.23	1248.25
3453.64	1237.25
3454.05	1203.25
3454.46	1194.25
3454.87	1299.25
3455.28	1252.25
3455.69	1261.25
3456.1	1256.25
3456.51	1224.25
3456.92	1271.25
3457.33	1256.25
3457.74	1307.25
3458.15	1293.25
3458.57	1246.25
3458.98	1309.25
3459.39	1251.25
3459.8	1226.25
3460.21	1284.25
3460.62	1249.25
3461.03	1245.25
3461.44	1288.25
3461.85	1307.25
3462.26	1303.25
3462.67	1306.25
3463.08	1325.25
3463.49	1277.25
3463.9	1309.25
3464.31	1302.25
3464.72	1254.25
3465.13	1203.25
3465.53	1334.25
3465.95	1292.25
3466.35	1281.25
3466.76	1317.25
3467.17	1268.25
3467.58	1276.25
3467.99	1328.25
3468.4	1338.25
3468.81	1280.25
3469.22	1292.25
3469.63	1350.25
3470.04	1303.25
3470.45	1320.25
3470.86	1309.25
3471.27	1359.25
3471.68	1349.25
3472.09	1429.25
3472.49	1315.25
3472.9	1297.25
3473.31	1292.25
3473.72	1226.25
3474.13	1348.25
3474.54	1368.25
3474.95	1386.25
3475.36	1315.25
3475.77	1346.25
3476.17	1369.25
3476.58	1356.25
3476.99	1332.25
3477.4	1380.25
3477.81	1314.25
3478.22	1380.25
3478.63	1364.25
3479.03	1357.25
3479.44	1363.25
3479.85	1398.25
3480.26	1390.25
3480.67	1387.25
3481.08	1396.25
3481.48	1360.25
3481.89	1378.25
3482.3	1376.25
3482.71	1356.25
3483.12	1432.25
3483.53	1376.25
3483.93	1338.25
3484.34	1401.25
3484.75	1394.25
3485.16	1369.25
3485.56	1480.25
3485.97	1440.25
3486.38	1445.25
3486.79	1421.25
3487.2	1414.25
3487.6	1419.25
3488.01	1372.25
3488.42	1465.25
3488.83	1453.25
3489.23	1400.25
3489.64	1473.25
3490.05	1445.25
3490.46	1448.25
3490.86	1426.25
3491.27	1479.25
3491.68	1485.25
3492.09	1448.25
3492.49	1435.25
3492.9	1398.25
3493.31	1477.25
3493.71	1422.25
3494.12	1467.25
3494.53	1482.25
3494.94	1468.25
3495.34	1429.25
3495.75	1409.25
3496.16	1458.25
3496.56	1522.25
3496.97	1398.25
3497.38	1474.25
3497.78	1480.25
3498.19	1516.25
3498.6	1468.25
3499	1503.25
3499.41	1501.25
3499.82	1547.25
3500.22	1495.25
3500.63	1483.25
3501.04	1524.25
3501.44	1458.25
3501.85	1507.25
3502.26	1531.25
3502.66	1506.25
3503.07	1490.25
3503.47	1526.25
3503.88	1515.25
3504.29	1498.25
3504.69	1520.25
3505.1	1520.25
3505.51	1513.25
3505.91	1498.25
3506.32	1565.25
3506.72	1561.25
3507.13	1543.25
3507.54	1465.25
3507.94	1497.25
3508.35	1638.25
3508.75	1526.25
3509.16	1531.25
3509.56	1521.25
3509.97	1526.25
3510.37	1477.25
3510.78	1565.25
3511.19	1488.25
3511.59	1536.25
3512	1493.25
3512.4	1593.25
3512.81	1587.25
3513.21	1580.25
3513.62	1637.25
3514.02	1567.25
3514.43	1613.25
3514.83	1590.25
3515.24	1544.25
3515.64	1529.25
3516.05	1550.25
3516.46	1578.25
3516.86	1518.25
3517.26	1586.25
3517.67	1574.25
3518.07	1649.25
3518.48	1591.25
3518.88	1628.25
3519.29	1592.25
3519.69	1610.25
3520.1	1573.25
3520.5	1615.25
3520.91	1638.25
3521.31	1584.25
3521.72	1605.25
3522.12	1644.25
3522.53	1622.25
3522.93	1566.25
3523.33	1660.25
3523.74	1592.25
3524.14	1614.25
3524.55	1631.25
3524.95	1648.25
3525.36	1696.25
3525.76	1618.25
3526.17	1552.25
3526.57	1570.25
3526.97	1640.25
3527.38	1657.25
3527.78	1662.25
3528.19	1622.25
3528.59	1693.25
3528.99	1654.25
3529.4	1654.25
3529.8	1633.25
3530.2	1594.25
3530.61	1609.25
3531.01	1662.25
3531.42	1644.25
3531.82	1694.25
3532.22	1694.25
3532.63	1563.25
3533.03	1645.25
3533.43	1641.25
3533.84	1637.25
3534.24	1642.25
3534.64	1654.25
3535.05	1649.25
3535.45	1620.25
3535.85	1641.25
3536.26	1766.25
3536.66	1689.25
3537.06	1677.25
3537.47	1660.25
3537.87	1686.25
3538.27	1706.25
3538.68	1620.25
3539.08	1660.25
3539.48	1674.25
3539.89	1649.25
3540.29	1687.25
3540.69	1692.25
3541.09	1708.25
3541.5	1755.25
3541.9	1696.25
3542.3	1702.25
3542.7	1660.25
3543.11	1749.25
3543.51	1688.25
3543.91	1615.25
3544.31	1654.25
3544.72	1654.25
3545.12	1729.25
3545.52	1635.25
3545.92	1666.25
3546.33	1696.25
3546.73	1735.25
3547.13	1702.25
3547.53	1725.25
3547.94	1704.25
3548.34	1645.25
3548.74	1696.25
3549.14	1680.25
3549.54	1660.25
3549.95	1693.25
3550.35	1681.25
3550.75	1671.25
3551.15	1776.25
3551.55	1733.25
3551.96	1710.25
3552.36	1638.25
3552.76	1643.25
3553.16	1673.25
3553.56	1646.25
3553.96	1643.25
3554.36	1714.25
3554.77	1711.25
3555.17	1674.25
3555.57	1707.25
3555.97	1723.25
3556.37	1670.25
3556.77	1728.25
3557.17	1652.25
3557.58	1727.25
3557.98	1668.25
3558.38	1640.25
3558.78	1631.25
3559.18	1560.25
3559.58	1733.25
3559.98	1715.25
3560.38	1682.25
3560.79	1654.25
3561.19	1705.25
3561.59	1709.25
3561.99	1702.25
3562.39	1666.25
3562.79	1614.25
3563.19	1663.25
3563.59	1670.25
3563.99	1689.25
3564.39	1664.25
3564.79	1663.25
3565.19	1621.25
3565.59	1660.25
3565.99	1686.25
3566.39	1601.25
3566.8	1642.25
3567.2	1555.25
3567.6	1663.25
3568	1622.25
3568.4	1593.25
3568.8	1608.25
3569.2	1614.25
3569.6	1634.25
3570	1676.25
3570.4	1681.25
3570.8	1657.25
3571.2	1642.25
3571.6	1676.25
3572	1622.25
3572.4	1620.25
3572.8	1621.25
3573.2	1642.25
3573.6	1691.25
3574	1650.25
3574.4	1594.25
3574.8	1629.25
3575.2	1600.25
3575.6	1659.25
3576	1614.25
3576.4	1573.25
3576.79	1608.25
3577.19	1570.25
3577.59	1591.25
3577.99	1602.25
3578.39	1637.25
3578.79	1616.25
3579.19	1613.25
3579.59	1627.25
3579.99	1626.25
3580.39	1573.25
3580.79	1578.25
3581.19	1569.25
3581.59	1538.25
3581.99	1526.25
3582.38	1530.25
3582.78	1538.25
3583.18	1559.25
3583.58	1530.25
3583.98	1546.25
3584.38	1557.25
3584.78	1530.25
3585.18	1542.25
3585.57	1498.25
3585.97	1472.25
3586.37	1453.25
3586.77	1495.25
3587.17	1508.25
3587.57	1424.25
3587.97	1488.25
3588.36	1488.25
3588.76	1512.25
3589.16	1469.25
3589.56	1512.25
3589.96	1484.25
3590.36	1416.25
3590.75	1493.25
3591.15	1394.25
3591.55	1438.25
3591.95	1389.25
3592.35	1443.25
3592.74	1483.25
3593.14	1465.25
3593.54	1477.25
3593.94	1462.25
3594.34	1390.25
3594.73	1437.25
3595.13	1421.25
3595.53	1396.25
3595.93	1455.25
3596.33	1399.25
3596.72	1366.25
3597.12	1375.25
3597.52	1393.25
3597.92	1369.25
3598.31	1370.25
3598.71	1445.25
3599.11	1432.25
3599.51	1446.25
3599.9	1371.25
3600.3	1284.25
3600.7	1370.25
3601.1	1337.25
3601.49	1373.25
3601.89	1352.25
3602.29	1341.25
3602.69	1395.25
3603.08	1345.25
3603.48	1376.25
3603.88	1332.25
3604.27	1298.25
3604.67	1305.25
3605.07	1297.25
3605.46	1290.25
3605.86	1316.25
3606.26	1335.25
3606.65	1293.25
3607.05	1349.25
3607.45	1295.25
3607.84	1336.25
3608.24	1339.25
3608.64	1256.25
3609.03	1309.07
3609.43	1279.42
3609.83	1281.84
3610.22	1252.5
3610.62	1262.98
3611.02	1244.04
3611.41	1246.11
3611.81	1211.6
3612.2	1239.12
3612.6	1299.04
3613	1226.78
3613.39	1278.47
3613.79	1294.43
3614.19	1161.81
3614.58	1201.78
3614.98	1230.11
3615.37	1234.01
3615.77	1231.1
3616.16	1201.13
3616.56	1223.47
3616.96	1262.35
3617.35	1227.2
3617.75	1256.23
3618.14	1184.2
3618.54	1203.63
3618.93	1224.71
3619.33	1150.34
3619.73	1130.97
3620.12	1099.32
3620.52	1100.9
3620.91	1038
3621.31	1091.25
3621.7	1120.37
3622.1	1119.87
3622.49	1156.66
3622.89	1125.68
3623.28	1165.46
3623.68	1103.23
3624.08	1110.94
3624.47	1147.87
3624.87	1097
3625.26	1152.76
3625.66	1103.91
3626.05	1135.03
3626.45	1125.42
3626.84	1145.24
3627.23	1123.35
3627.63	1100.86
3628.02	1113.09
3628.42	1071.94
3628.81	1073.05
3629.21	1073.37
3629.6	1074.72
3630	1060.53
3630.39	1049.29
3630.79	1073.84
3631.18	1055.4
3631.58	1061.88
3631.97	993.759
3632.37	1040.71
3632.76	1057.58
3633.15	1008.82
3633.55	1049.28
3633.94	1028.15
3634.34	999.792
3634.73	999.387
3635.13	978.427
3635.52	1021.98
3635.91	999.908
3636.31	1038.35
3636.7	1002.92
3637.1	1014.52
3637.49	1000.12
3637.88	1004.46
3638.28	956.791
3638.67	977.616
3639.06	980.312
3639.46	945.524
3639.85	959.066
3640.25	952.588
3640.64	936.83
3641.03	925.89
3641.43	906.303
3641.82	950.12
3642.21	927.956
3642.61	926.609
3643	865.08
3643.39	892.484
3643.79	924.308
3644.18	915.224
3644.57	915.058
3644.97	891.385
3645.36	899.233
3645.75	888.125
3646.15	921.07
3646.54	894.257
3646.93	910.241
3647.33	880.948
3647.72	859.418
3648.11	848.592
3648.5	843.092
3648.9	836.255
3649.29	862.123
3649.68	837.485
3650.08	823.406
3650.47	836.577
3650.86	835.704
3651.25	827.001
3651.65	820.585
3652.04	812.182
3652.43	765.532
3652.82	782.549
3653.22	792.859
3653.61	746.123
3654	785.805
3654.39	792.624
3654.79	820.286
3655.18	774.53
3655.57	798.58
3655.96	784.282
3656.36	762.887
3656.75	738.819
3657.14	756.242
3657.53	736.401
3657.92	766.431
3658.32	771.667
3658.71	753.891
3659.1	743.723
3659.49	739.643
3659.88	742.187
3660.27	737.339
3660.67	741.389
3661.06	723.965
3661.45	715.294
3661.84	711.98
3662.23	683.998
3662.62	699.262
3663.02	689.859
3663.41	704.156
3663.8	699.538
3664.19	689.868
3664.58	680.44
3664.97	695.409
3665.36	658.884
3665.76	680.035
3666.15	677.859
3666.54	648.783
3666.93	683.748
3667.32	663.224
3667.71	646.047
3668.1	655.862
3668.49	646.03
3668.88	642.246
3669.28	630.559
3669.67	622.281
3670.06	599.551
3670.45	582.813
3670.84	600.841
3671.23	623.484
3671.62	624.369
3672.01	625.048
3672.4	617.878
3672.79	594.875
3673.18	606.071
3673.57	611.874
3673.96	603.843
3674.36	600.436
3674.75	591.712
3675.14	582.42
3675.53	519.011
3675.92	475.901
3676.31	604.151
3676.7	602.133
3677.09	599.663
3677.48	596.99
3677.87	594.215
3678.26	591.412
3678.65	514.343
3679.04	520.739
3679.43	541.323
3679.82	570.679
3680.21	570.057
3680.6	535.951
3680.99	575.572
3681.38	540.719
3681.77	525.753
3682.16	545.277
3682.55	560.487
3682.94	538.229
3683.33	551.872
3683.72	539.188
3684.11	574.501
3684.5	522.826
3684.89	558.123
3685.27	543.607
3685.66	539.302
3686.05	567.703
3686.44	556.951
3686.83	537.724
3687.22	551.778
3687.61	524.893
3688	533.394
3688.39	533.971
3688.78	538.93
3689.17	516.672
3689.56	526.684
3689.95	531.691
3690.33	516.885
3690.72	520.959
3691.11	484.6
3691.5	509.357
3691.89	482.336
3692.28	487.474
3692.67	532.375
3693.06	502.255
3693.45	520.499
3693.83	496.051
3694.22	506.571
3694.61	495.087
3695	527.056
3695.39	488.575
3695.78	519.844
3696.17	518.789
3696.55	495.985
3696.94	495.29
3697.33	514.396
3697.72	491.406
3698.11	481.051
3698.5	475.559
3698.88	522.742
3699.27	468.683
3699.66	495.005
3700.05	494.204
3700.44	478.198
3700.82	508.349
3701.21	465.019
3701.6	473.599
3701.99	518.908
3702.38	473.978
3702.76	492.239
3703.15	505.378
3703.54	480.691
3703.93	489.365
3704.32	484.407
3704.7	462.21
3705.09	464.831
3705.48	468.606
3705.87	444.635
3706.25	474.617
3706.52	424.617
3706.92	438.617
3707.31	399.617
3707.71	408.617
3708.1	411.617
3708.5	447.617
3708.89	433.617
3709.29	461.617
3709.68	422.617
3710.07	458.617
3710.47	415.617
3710.86	436.617
3711.26	482.617
3711.65	443.617
3712.05	439.617
3712.44	468.617
3712.83	437.617
3713.23	415.617
3713.62	440.617
3714.02	439.617
3714.41	434.617
3714.8	415.617
3715.2	408.617
3715.59	433.617
3715.99	442.617
3716.38	473.617
3716.77	448.617
3717.17	427.617
3717.56	443.617
3717.95	413.617
3718.35	447.617
3718.74	428.617
3719.14	424.617
3719.53	414.617
3719.92	436.617
3720.32	463.617
3720.71	432.617
3721.1	428.617
3721.5	436.617
3721.89	458.617
3722.28	454.617
3722.68	420.617
3723.07	409.617
3723.46	408.617
3723.85	441.617
3724.25	369.617
3724.64	424.617
3725.03	399.617
3725.43	362.617
3725.82	355.617
3726.21	417.742
3726.61	417.454
3727	416.457
3727.39	415.832
3727.78	415.284
3728.18	330.617
3728.57	328.617
3728.96	386.617
3729.35	396.617
3729.75	410.617
3730.14	419.617
3730.53	387.617
3730.92	405.617
3731.32	420.617
3731.71	422.617
3732.1	421.617
3732.49	404.617
3732.89	399.617
3733.28	435.617
3733.67	414.617
3734.06	411.617
3734.46	398.617
3734.85	380.617
3735.24	417.617
3735.63	409.617
3736.02	432.617
3736.42	429.617
3736.81	410.617
3737.2	424.617
3737.59	401.617
3737.98	421.617
3738.38	402.617
3738.77	375.617
3739.16	419.617
3739.55	411.617
3739.94	409.617
3740.33	378.617
3740.73	385.617
3741.12	412.617
3741.51	401.617
3741.9	381.617
3742.29	391.617
3742.68	402.617
3743.07	382.617
3743.47	400.617
3743.86	375.617
3744.25	399.617
3744.64	393.617
3745.03	406.617
3745.42	404.617
3745.81	385.617
3746.2	383.617
3746.6	422.617
3746.99	402.617
3747.38	391.617
3747.77	408.617
3748.16	391.617
3748.55	430.617
3748.94	385.617
3749.33	407.617
3749.72	376.617
3750.11	385.617
3750.5	401.617
3750.9	394.617
3751.29	391.617
3751.68	369.617
3752.07	405.617
3752.46	394.617
3752.85	439.617
3753.24	382.617
3753.63	394.617
3754.02	397.617
3754.41	395.617
3754.8	388.617
3755.19	385.617
3755.58	395.617
3755.97	428.617
3756.36	390.617
3756.75	387.617
3757.14	409.617
3757.53	384.617
3757.92	420.617
3758.31	385.617
3758.7	399.617
3759.09	391.617
3759.48	388.617
3759.87	415.617
3760.26	418.617
3760.65	398.617
3761.04	393.617
3761.43	390.617
3761.82	393.617
3762.21	385.617
3762.6	393.617
3762.99	389.617
3763.38	387.617
3763.77	400.617
3764.16	376.617
3764.55	400.617
3764.94	413.617
3765.33	406.617
3765.72	396.617
3766.1	427.617
3766.49	379.617
3766.88	391.617
3767.27	392.617
3767.66	362.617
3768.05	358.617
3768.44	362.617
3768.83	396.617
3769.22	400.617
3769.61	396.617
3770	391.617
3770.39	397.617
3770.77	374.617
3771.16	369.617
3771.55	397.617
3771.94	378.617
3772.33	386.617
3772.72	399.617
3773.11	368.617
3773.5	392.617
3773.88	388.617
3774.27	391.617
3774.66	411.617
3775.05	399.617
3775.44	387.617
3775.83	384.617
3776.21	363.617
3776.6	381.617
3776.99	400.617
3777.38	374.617
3777.77	381.617
3778.16	414.617
3778.54	372.617
3778.93	368.617
3779.32	380.617
3779.71	394.617
3780.1	378.617
3780.48	415.617
3780.87	407.617
3781.26	368.617
3781.65	382.617
3782.04	388.617
3782.42	360.617
3782.81	388.617
3783.2	380.617
3783.59	362.617
3783.98	376.617
3784.36	411.617
3784.75	388.617
3785.14	383.617
3785.53	372.617
3785.91	370.617
3786.3	381.617
3786.69	372.617
3787.08	404.617
3787.46	376.617
3787.85	373.617
3788.24	366.617
3788.62	390.617
3789.01	389.617
3789.4	379.617
3789.79	386.617
3790.17	392.617
3790.56	359.617
3790.95	380.617
3791.33	398.617
3791.72	371.617
3792.11	403.617
3792.49	389.617
3792.88	384.617
3793.27	360.617
3793.66	372.617
3794.04	380.617
3794.43	377.617
3794.82	397.617
3795.2	387.617
3795.59	396.617
3795.98	368.617
3796.36	403.617
3796.75	361.617
3797.13	379.617
3797.52	398.617
3797.91	360.617
3798.29	390.617
3798.68	350.617
3799.07	392.617
3799.45	391.617
3799.84	383.617
3800.23	381.617
3800.61	342.617
3801	379.617
3801.38	373.617
3801.77	364.617
3802.16	378.617
3802.54	375.617
3802.93	399.617
3803.31	367.617
3803.7	348.617
3804.09	412.617
3804.47	382.617
3804.86	385.617
3805.24	340.617
3805.63	378.617
3806.02	398.617
3806.4	376.617
3806.79	383.617
3807.17	375.617
3807.56	399.617
3807.94	367.617
3808.33	375.617
3808.71	384.617
3809.1	388.617
3809.49	390.617
3809.87	380.617
3810.26	360.617
3810.64	370.617
3811.03	351.617
3811.41	373.617
3811.8	389.617
3812.18	403.617
3812.57	363.617
3812.95	352.617
3813.34	380.617
3813.72	375.617
3814.11	362.617
3814.49	364.617
3814.88	353.617
3815.26	359.617
3815.65	385.617
3816.03	377.617
3816.42	366.617
3816.8	341.617
3817.18	374.617
3817.57	379.617
3817.95	355.617
3818.34	374.617
3818.72	396.617
3819.11	343.617
3819.49	370.617
3819.88	387.617
3820.26	349.617
3820.65	384.617
3821.03	377.617
3821.41	373.617
3821.8	375.617
3822.18	369.617
3822.57	392.617
3822.95	359.617
3823.33	360.617
3823.72	387.617
3824.1	334.617
3824.49	372.617
3824.87	373.617
3825.26	383.617
3825.64	390.617
3826.02	375.617
3826.41	380.617
3826.79	357.617
3827.18	359.617
3827.56	378.617
3827.94	362.617
3828.33	395.617
3828.71	350.617
3829.09	400.617
3829.48	396.617
3829.86	372.617
3830.24	375.617
3830.63	365.617
3831.01	374.617
3831.39	367.617
3831.78	363.617
3832.16	362.617
3832.54	351.617
3832.93	355.617
3833.31	376.617
3833.69	386.617
3834.08	346.617
3834.46	335.617
3834.84	389.617
3835.23	400.617
3835.61	384.617
3835.99	403.617
3836.38	371.617
3836.76	390.617
3837.14	356.617
3837.52	360.617
3837.91	365.617
3838.29	352.617
3838.67	370.617
3839.05	346.617
3839.44	372.617
3839.82	361.617
3840.2	391.617
3840.58	363.617
3840.97	357.617
3841.35	363.617
3841.73	339.617
3842.11	338.617
3842.5	368.617
3842.88	373.617
3843.26	370.617
3843.64	367.617
3844.03	362.617
3844.41	317.617
3844.79	358.617
3845.17	364.617
3845.55	362.617
3845.94	402.617
3846.32	362.617
3846.7	360.617
3847.08	392.617
3847.46	349.617
3847.85	367.617
3848.23	365.617
3848.61	347.617
3848.99	371.617
3849.37	331.617
3849.75	378.617
3850.14	400.617
3850.52	358.617
3850.9	378.617
3851.28	351.617
3851.66	316.617
3852.04	356.617
3852.43	386.617
3852.81	332.617
3853.19	369.617
3853.57	350.617
3853.95	370.617
3854.33	382.617
3854.71	353.617
3855.1	358.617
3855.48	371.617
3855.86	374.617
3856.24	356.617
3856.62	344.617
3857	349.617
3857.38	372.617
3857.76	366.617
3858.14	379.617
3858.53	348.617
3858.91	356.617
3859.29	368.617
3859.67	362.617
3860.05	383.617
3860.43	351.617
3860.81	370.617
3861.19	383.617
3861.57	374.617
3861.95	371.617
3862.33	362.617
3862.71	368.617
3863.09	378.617
3863.47	328.617
3863.85	366.617
3864.23	360.617
3864.62	354.617
3865	350.617
3865.38	336.617
3865.76	372.617
3866.14	350.617
3866.52	366.617
3866.9	371.617
3867.28	360.617
3867.66	348.617
3868.04	362.617
3868.42	373.617
3868.8	370.617
3869.18	362.617
3869.56	334.617
3869.94	352.617
3870.32	361.617
3870.7	343.617
3871.08	355.617
3871.46	367.617
3871.83	343.617
3872.21	334.617
3872.59	371.617
3872.97	358.617
3873.35	371.617
3873.73	348.617
3874.11	341.617
3874.49	383.617
3874.87	373.617
3875.25	339.617
3875.63	348.617
3876.01	367.617
3876.39	372.617
3876.77	341.617
3877.15	353.617
3877.53	366.617
3877.91	349.617
3878.28	370.617
3878.66	362.617
3879.04	368.617
3879.42	378.617
3879.8	349.617
3880.18	349.617
3880.56	370.617
3880.94	333.617
3881.32	350.617
3881.69	354.617
3882.07	360.617
3882.45	349.617
3882.83	365.617
3883.21	344.617
3883.59	366.617
3883.97	372.617
3884.35	348.617
3884.72	368.617
3885.1	362.617
3885.48	371.617
3885.86	352.617
3886.24	371.617
3886.62	372.617
3886.99	345.617
3887.37	356.617
3887.75	358.617
3888.13	373.617
3888.51	354.617
3888.89	383.617
3889.26	340.617
3889.64	375.617
3890.02	353.617
3890.4	344.617
3890.78	342.617
3891.15	343.617
3891.53	351.617
3891.91	348.617
3892.29	348.617
3892.66	340.617
3893.04	351.617
3893.42	314.617
3893.8	334.617
3894.18	356.617
3894.55	326.617
3894.93	370.617
3895.31	359.617
3895.69	349.617
3896.06	343.617
3896.44	378.617
3896.82	370.617
3897.2	336.617
3897.57	348.617
3897.95	381.617
3898.33	330.617
3898.7	357.617
3899.08	352.617
3899.46	348.617
3899.84	355.617
3900.21	350.617
3900.59	376.617
3900.97	356.617
3901.34	357.617
3901.72	356.617
3902.1	341.617
3902.48	378.617
3902.85	326.617
3903.23	358.617
3903.61	384.617
3903.98	339.617
3904.36	346.617
3904.74	373.617
3905.11	360.617
3905.49	373.617
3905.87	352.617
3906.24	354.617
3906.62	361.617
3906.99	344.617
3907.37	348.617
3907.75	370.617
3908.12	340.617
3908.5	339.617
3908.88	364.617
3909.25	346.617
3909.63	350.617
3910.01	387.617
3910.38	361.617
3910.76	345.617
3911.13	342.617
3911.51	340.617
3911.89	360.617
3912.26	372.617
3912.64	335.617
3913.01	351.617
3913.39	363.617
3913.77	373.617
3914.14	369.617
3914.52	360.617
3914.89	346.617
3915.27	357.617
3915.65	367.617
3916.02	365.617
3916.4	363.617
3916.77	385.617
3917.15	322.617
3917.52	374.617
3917.9	382.617
3918.27	327.617
3918.65	353.617
3919.02	319.617
3919.4	344.617
3919.77	322.617
3920.15	324.617
3920.53	326.617
3920.9	335.617
3921.28	319.617
3921.65	329.617
3922.03	338.617
3922.4	343.617
3922.78	339.617
3923.15	337.617
3923.53	334.617
3923.9	333.617
3924.28	355.617
3924.65	372.617
3925.03	350.617
3925.4	370.617
3925.77	341.617
3926.15	355.617
3926.52	365.617
3926.9	383.617
3927.27	341.617
3927.65	345.617
3928.02	354.617
3928.4	345.617
3928.77	346.617
3929.15	367.617
3929.52	358.617
3929.89	316.617
3930.27	323.617
3930.64	343.617
3931.02	362.617
3931.39	353.617
3931.77	357.617
3932.14	340.617
3932.51	342.617
3932.89	363.617
3933.26	349.617
3933.64	331.617
3934.01	315.617
3934.38	355.617
3934.76	357.617
3935.13	372.617
3935.51	327.617
3935.88	341.617
3936.25	350.617
3936.63	342.617
3937	346.617
3937.38	341.617
3937.75	355.617
3938.12	361.617
3938.5	387.617
3938.87	365.617
3939.24	374.617
3939.62	357.617
3939.99	341.617
3940.36	340.617
3940.74	334.617
3941.11	342.617
3941.48	315.617
3941.86	351.617
3942.23	364.617
3942.6	375.617
3942.98	339.617
3943.35	356.617
3943.72	332.617
3944.1	321.617
3944.47	343.617
3944.84	358.617
3945.21	361.617
3945.59	311.617
3945.96	358.617
3946.33	343.617
3946.71	319.617
3947.08	336.617
3947.45	353.617
3947.82	356.617
3948.2	358.617
3948.57	365.617
3948.94	340.617
3949.32	313.617
3949.69	320.617
3950.06	339.617
3950.43	320.617
3950.81	361.617
3951.18	359.617
3951.55	337.617
3951.92	335.617
3952.29	350.617
3952.67	348.617
3953.04	330.617
3953.41	308.617
3953.78	382.617
3954.16	369.617
3954.53	325.617
3954.9	367.617
3955.27	363.617
3955.64	365.617
3956.02	356.617
3956.39	353.617
3956.76	304.617
3957.13	344.617
3957.5	361.617
3957.87	351.617
3958.25	352.617
3958.62	378.617
3958.99	325.617
3959.36	364.617
3959.73	304.617
3960.11	333.617
3960.48	319.617
3960.85	312.617
3961.22	349.617
3961.59	334.617
3961.96	359.617
3962.33	313.617
3962.71	338.617
3963.08	332.617
3963.45	334.617
3963.82	360.617
3964.19	346.617
3964.56	327.617
3964.93	305.617
3965.3	336.617
3965.68	360.617
3966.05	360.617
3966.42	326.617
3966.79	327.617
3967.16	360.617
3967.53	338.617
3967.9	364.617
3968.27	334.617
3968.64	352.617
3969.01	339.617
3969.38	326.617
3969.75	354.617
3970.12	345.617
3970.5	356.617
3970.87	335.617
3971.24	338.617
3971.61	346.617
3971.98	336.617
3972.35	319.617
3972.72	348.617
3973.09	339.617
3973.46	334.617
3973.83	361.617
3974.2	334.617
3974.57	338.617
3974.94	357.617
3975.31	348.617
3975.68	354.617
3976.05	341.617
3976.42	335.617
3976.79	348.617
3977.16	348.617
3977.53	319.617
3977.9	317.617
3978.27	316.617
3978.64	360.617
3979.01	340.617
3979.38	314.617
3979.75	385.617
3980.12	368.617
3980.49	339.617
3980.86	340.617
3981.23	316.617
3981.6	343.617
3981.97	366.617
3982.34	348.617
3982.71	340.617
3983.08	300.617
3983.45	329.617
3983.82	343.617
3984.19	326.617
3984.55	334.617
3984.92	355.617
3985.29	354.617
3985.66	332.617
3986.03	324.617
3986.4	349.617
3986.77	340.617
3987.14	311.617
3987.51	366.617
3987.88	312.617
3988.25	344.617
3988.61	377.617
3988.98	316.617
3989.35	338.617
3989.72	313.617
3990.09	348.617
3990.46	366.617
3990.83	342.617
3991.2	357.617
3991.56	348.617
3991.93	328.617
3992.3	333.617
3992.67	325.617
3993.04	322.617
3993.41	350.617
3993.78	324.617
3994.15	316.617
3994.51	328.617
3994.88	308.617
3995.25	344.617
3995.62	314.617
3995.99	340.617
3996.36	351.617
3996.72	334.617
3997.09	339.617
3997.46	354.617
3997.83	332.617
3998.2	348.617
3998.56	334.617
3998.93	327.617
3999.3	390.617
3999.67	323.617
4000.04	326.617
