19.7123	2107.38
20.3887	2140.38
21.0651	2139.38
21.7414	2068.38
22.4176	2087.38
23.0939	2126.38
23.77	2169.38
24.4462	2075.38
25.1222	2137.38
25.7983	2198.38
26.4742	2145.38
27.1502	2144.38
27.8261	2103.38
28.5019	2071.38
29.1777	2084.38
29.8534	2071.38
30.5291	2155.38
31.2048	2082.38
31.8804	2129.38
32.5559	2177.38
33.2314	2151.38
33.9069	2275.38
34.5823	2254.38
35.2577	2302.38
35.933	2335.38
36.6083	2328.38
37.2835	2316.38
37.9587	2318.38
38.6338	2354.38
39.3066	2383.38
39.9817	2351.38
40.6566	2444.38
41.3316	2439.38
42.0065	2388.38
42.6813	2433.38
43.3539	2489.38
44.0286	2438.38
44.7033	2406.38
45.378	2503.38
46.0526	2537.38
46.7249	2565.38
47.3994	2565.38
48.0739	2583.38
48.7483	2549.38
49.4204	2576.38
50.0947	2577.38
50.769	2596.38
51.4433	2573.38
52.1152	2605.38
52.7893	2643.38
53.4634	2551.38
54.1352	2609.38
54.8092	2681.38
55.4831	2622.38
56.1548	2579.38
56.8286	2667.38
57.5024	2689.38
58.1739	2728.38
58.8477	2671.38
59.5213	2748.38
60.1927	2669.38
60.8663	2678.38
61.5375	2718.38
62.211	2740.38
62.8845	2608.38
63.5556	2754.38
64.2289	2540.38
64.8999	2703.38
65.5732	2751.38
66.2441	2642.38
66.9173	2676.38
67.5881	2701.38
68.2612	2634.38
68.9319	2614.38
69.6049	2757.38
70.2755	2703.38
70.9484	2602.38
71.619	2669.38
72.2918	2704.38
72.9622	2718.38
73.6349	2748.38
74.3053	2658.38
74.9756	2724.38
75.6482	2728.38
76.3184	2620.38
76.9909	2636.38
77.661	2646.38
78.3311	2700.38
79.0034	2677.38
79.6734	2701.38
80.3433	2747.38
81.0155	2748.38
81.6854	2690.38
82.3552	2775.38
83.0272	2666.38
83.6969	2672.38
84.3666	2639.38
85.0385	2644.38
85.7081	2693.38
86.3776	2650.38
87.0471	2650.38
87.7188	2623.38
88.3882	2686.38
89.0575	2672.38
89.7268	2757.38
90.3961	2710.38
91.0676	2692.38
91.7367	2724.38
92.4059	2762.38
93.0749	2715.38
93.7439	2634.38
94.4152	2715.38
95.0841	2663.38
95.753	2664.38
96.4218	2632.38
97.0906	2625.38
97.7594	2571.38
98.4281	2610.38
99.0967	2601.38
99.7676	2654.38
100.436	2662.38
101.105	2704.38
101.773	2650.38
102.442	2597.38
103.11	2606.38
103.778	2621.38
104.447	2585.38
105.115	2604.38
105.783	2644.38
106.451	2590.38
107.119	2501.38
107.787	2482.38
108.455	2566.38
109.123	2644.38
109.791	2575.38
110.459	2545.38
111.127	2588.38
111.795	2564.38
112.462	2607.38
113.13	2619.38
113.795	2652.38
114.463	2642.38
115.13	2571.38
115.798	2556.38
116.465	2538.38
117.133	2540.38
117.8	2504.38
118.467	2517.38
119.132	2418.38
119.8	2470.38
120.467	2478.38
121.134	2532.38
121.801	2537.38
122.466	2490.38
123.133	2499.38
123.8	2567.38
124.467	2558.38
125.133	2555.38
125.798	2588.38
126.465	2527.38
127.131	2537.38
127.796	2386.38
128.462	2535.38
129.129	2426.38
129.796	2280.38
130.46	2453.31
131.126	2441.16
131.793	2424.04
132.457	2401.46
133.123	2376.07
133.789	2373.38
134.453	2391.09
135.119	2413.1
135.783	2413.46
136.449	2419.41
137.115	2276.38
137.779	2336.38
138.445	2359.38
139.108	2422.38
139.774	2369.38
140.438	2375.38
141.104	2372.38
141.769	2402.38
142.433	2427.38
143.098	2399.38
143.762	2395.38
144.427	2357.38
145.09	2362.38
145.756	2432.38
146.419	2391.38
147.084	2466.38
147.747	2380.38
148.41	2393.38
149.075	2375.38
149.738	2332.38
150.403	2306.38
151.066	2254.38
151.731	2356.38
152.394	2309.38
153.056	2376.38
153.721	2346.38
154.384	2365.38
155.046	2295.38
155.711	2421.38
156.374	2301.38
157.036	2322.38
157.701	2354.38
158.363	2268.38
159.025	2221.38
159.69	2296.38
160.352	2261.38
161.014	2284.38
161.676	2268.38
162.34	2244.38
163.002	2285.38
163.664	2342.38
164.326	2195.38
164.99	2297.38
165.652	2280.38
166.314	2231.38
166.975	2242.38
167.637	2226.38
168.301	2220.38
168.962	2284.38
169.624	2182.38
170.285	2250.38
170.947	2233.38
171.608	2241.38
172.272	2254.38
172.933	2214.38
173.594	2190.38
174.255	2217.38
174.917	2229.38
175.578	2238.38
176.239	2239.38
176.9	2256.38
177.561	2153.38
178.222	2176.38
178.882	2187.38
179.543	2262.38
180.204	2206.38
180.865	2172.38
181.526	2148.38
182.186	2125.38
182.847	2145.38
183.507	2084.38
184.168	2089.38
184.828	2175.38
185.489	2064.38
186.149	2044.38
186.809	2077.38
187.47	2164.38
188.13	2133.38
188.79	2227.38
189.45	2115.38
190.11	2118.38
190.768	2113.38
191.428	2139.38
192.088	2092.38
192.748	2158.38
193.408	2161.38
194.068	2127.38
194.728	2123.38
195.385	2181.38
196.045	2085.38
196.705	2042.38
197.364	2099.38
198.021	2109.38
198.681	2088.38
199.34	2067.38
200	2065.38
200.657	2065.38
201.316	2156.38
201.976	2165.38
202.635	2114.38
203.292	2042.38
203.951	2067.38
204.61	2103.38
205.267	2093.38
205.926	2073.38
206.585	2105.38
207.242	2030.38
207.9	2109.38
208.559	2063.38
209.216	2034.38
209.875	1990.38
210.533	2073.38
211.19	2069.38
211.848	2031.38
212.505	2027.38
213.163	2003.38
213.819	1976.38
214.478	2047.74
215.134	2034.48
215.792	2031.51
216.451	2026.06
217.107	2010.76
217.765	2008.75
218.421	2006.05
219.079	2021.69
219.735	2019.28
220.391	2027.77
221.049	2024.52
221.704	2006.38
222.362	2034.38
223.018	2003.38
223.675	1948.38
224.331	2089.38
224.989	1983.38
225.644	2023.38
226.3	2004.38
226.957	2056.38
227.612	2001.38
228.268	2014.38
228.925	2034.38
229.58	2025.38
230.235	1989.38
230.893	1947.38
231.548	2039.38
232.203	2001.38
232.86	1979.38
233.515	1983.38
234.17	1988.38
234.827	2008.38
235.481	2018.38
236.136	2014.38
236.791	2037.38
237.448	1970.38
238.102	2050.38
238.757	1998.38
239.411	2020.38
240.066	1984.38
240.722	1936.38
241.377	1954.38
242.031	1976.38
242.685	1937.38
243.339	1972.38
243.993	1973.38
244.648	1954.38
245.304	1948.38
245.958	2035.38
246.612	1897.38
247.266	2021.38
247.92	1933.38
248.574	1967.38
249.227	1970.38
249.881	1966.38
250.535	1955.38
251.189	1973.38
251.842	2003.38
252.496	1946.38
253.149	1917.38
253.803	1996.38
254.456	1941.38
255.11	1945.38
255.763	1964.38
256.416	1910.38
257.07	2018.38
257.723	1932.38
258.376	1967.38
259.029	1958.38
259.682	1886.38
260.335	2005.38
260.988	1873.38
261.641	1959.38
262.294	1964.38
262.947	1934.38
263.598	1961.38
264.251	1931.38
264.903	1987.38
265.556	1908.38
266.209	1866.38
266.861	1905.38
267.512	1912.38
268.164	1962.38
268.817	1902.38
269.469	1892.38
270.121	1854.38
270.772	1885.38
271.424	1840.38
272.076	1869.38
272.728	1898.38
273.378	1922.38
274.03	1878.38
274.682	1896.38
275.332	1962.38
275.984	1926.38
276.636	1828.38
277.288	1932.38
277.938	1853.38
278.59	1908.38
279.239	1883.38
279.891	1953.38
280.542	1921.38
281.192	1877.38
281.843	1938.38
282.495	1956.38
283.144	1928.38
283.796	1935.38
284.445	1898.38
285.096	1879.38
285.745	1877.38
286.397	1908.38
287.048	1938.38
287.697	1893.38
288.348	1877.38
288.997	1927.38
289.648	1886.38
290.297	1877.38
290.948	1894.38
291.596	1899.38
292.247	1888.38
292.896	1853.38
293.544	1914.38
294.195	1866.38
294.844	1884.38
295.494	1895.38
296.143	1860.38
296.793	1866.38
297.441	1931.38
298.09	1918.38
298.74	1855.38
299.388	1939.38
300.036	1897.38
300.687	1864.38
301.335	1931.38
301.983	1861.38
302.633	1881.38
303.281	1947.38
303.929	1879.38
304.579	1938.38
305.227	1844.38
305.874	1923.38
306.522	1941.38
307.172	1886.38
307.819	1940.38
308.467	1848.38
309.114	1862.38
309.764	1896.38
310.412	1874.38
311.059	1837.38
311.706	1844.38
312.354	1872.38
313.003	1891.38
313.65	1902.38
314.297	1882.38
314.944	1866.38
315.592	1851.38
316.239	1882.38
316.886	1828.38
317.535	1889.38
318.182	1869.38
318.828	1832.38
319.475	1855.38
320.122	1857.38
320.769	1899.38
321.415	1832.38
322.062	1812.38
322.709	1843.38
323.355	1922.38
324.002	1858.38
324.648	1893.38
325.294	1916.38
325.941	1817.38
326.587	1866.38
327.233	1897.38
327.88	1904.38
328.526	1915.38
329.172	1938.38
329.818	1870.38
330.464	1844.38
331.11	1875.38
331.754	1835.38
332.4	1938.38
333.046	1948.38
333.692	1852.38
334.337	1967.38
334.983	1877.38
335.629	1866.38
336.275	1841.38
336.918	1874.38
337.564	1922.38
338.209	1857.38
338.855	1852.38
339.5	1852.38
340.143	1891.38
340.789	1880.38
341.434	1822.38
342.079	1903.38
342.722	1933.38
343.367	1882.38
344.012	1886.38
344.658	1934.38
345.3	1894.38
345.945	1835.38
346.59	1937.38
347.233	1867.38
347.878	1863.38
348.523	1864.38
349.165	1814.38
349.81	1855.38
350.455	1873.38
351.097	1995.38
351.742	1842.38
352.384	1886.38
353.029	1859.38
353.673	1864.38
354.315	1819.38
354.96	1875.38
355.602	1885.38
356.246	1890.38
356.888	1821.38
357.533	1841.38
358.175	1875.38
358.819	1845.38
359.461	1923.38
360.105	1886.38
360.746	1930.38
361.39	1949.38
362.032	1922.38
362.676	1841.38
363.318	1863.38
363.961	1951.38
364.603	1917.38
365.247	1825.38
365.888	1923.38
366.529	1899.38
367.173	1944.38
367.814	1818.38
368.456	1842.38
369.099	1942.38
369.74	1914.38
370.381	1930.38
371.025	1866.38
371.666	1876.38
372.307	1906.38
372.95	1872.38
373.591	1913.38
374.232	1899.38
374.875	1920.38
375.516	1927.38
376.156	1854.38
376.797	1925.38
377.44	1922.38
378.081	1839.38
378.721	1892.38
379.362	1944.38
380.002	1907.38
380.645	1949.38
381.285	1900.38
381.926	1852.38
382.566	1852.38
383.206	1870.38
383.847	1981.38
384.489	1892.38
385.129	1880.38
385.769	1896.38
386.409	1852.38
387.049	1861.38
387.689	1916.38
388.329	1891.38
388.969	1924.38
389.609	1866.38
390.249	1932.38
390.889	1872.38
391.528	1932.38
392.168	1961.38
392.81	1915.38
393.449	1946.38
394.089	1973.38
394.726	1866.38
395.366	1935.38
396.005	1894.38
396.645	1852.38
397.284	1905.38
397.923	1948.38
398.562	1935.38
399.202	1985.38
399.841	1932.38
400.48	1880.38
401.119	1908.38
401.758	1910.38
402.397	1939.38
403.034	1890.38
403.673	1919.38
404.311	1895.38
404.95	1944.38
405.589	1961.38
406.228	1973.38
406.864	1921.38
407.503	1940.38
408.142	1917.38
408.78	1960.38
409.419	1938.38
410.055	1857.38
410.693	1982.38
411.332	1991.38
411.968	2000.38
412.606	1946.38
413.244	2006.38
413.883	1926.38
414.519	1945.38
415.157	1952.38
415.795	2004.38
416.431	1974.38
417.069	1949.38
417.707	1923.38
418.342	1983.38
418.98	1997.38
419.616	1948.38
420.254	1979.38
420.891	1945.38
421.527	1998.38
422.165	2029.38
422.8	2032.38
423.438	1967.38
424.075	2011.38
424.71	1970.38
425.348	2066.38
425.983	2003.38
426.62	1977.38
427.256	2040.38
427.893	2014.38
428.528	1976.38
429.165	2066.38
429.8	2024.38
430.435	2087.38
431.072	1957.38
431.707	2017.38
432.344	2026.38
432.979	1988.38
433.615	2006.38
434.25	2073.38
434.885	2025.38
435.521	2115.38
436.156	2023.38
436.79	2091.38
437.427	2113.38
438.061	2039.38
438.696	2044.38
439.332	2034.38
439.967	2107.38
440.601	2039.38
441.237	2068.38
441.871	2059.38
442.505	2097.38
443.142	2120.38
443.776	2066.38
444.41	2134.38
445.044	2080.38
445.678	2117.38
446.314	2071.38
446.947	2143.38
447.581	2126.38
448.215	2052.38
448.849	2120.38
449.484	2135.38
450.118	2125.38
450.752	2101.38
451.385	2084.38
452.018	2179.38
452.652	2099.38
453.285	2113.38
453.921	2111.38
454.554	2143.38
455.187	2086.38
455.821	2119.38
456.454	2113.38
457.087	2150.38
457.72	2244.38
458.353	2085.38
458.986	2118.38
459.619	2157.38
460.252	2193.38
460.885	2161.38
461.518	2177.38
462.15	2166.38
462.783	2223.38
463.416	2175.38
464.048	2156.38
464.681	2179.38
465.314	2199.38
465.946	2172.38
466.579	2177.38
467.209	2188.38
467.841	2190.38
468.474	2163.38
469.106	2233.38
469.738	2186.38
470.371	2189.38
471.003	2158.38
471.633	2199.38
472.265	2207.38
472.897	2274.38
473.529	2318.38
474.161	2244.38
474.791	2254.38
475.423	2231.38
476.054	2240.38
476.686	2207.38
477.318	2187.38
477.948	2263.38
478.579	2169.38
479.211	2174.38
479.84	2164.38
480.472	2200.38
481.103	2257.38
481.733	2187.38
482.364	2221.38
482.996	2209.38
483.625	2307.38
484.256	2238.38
484.887	2243.38
485.516	2230.38
486.148	2204.38
486.779	2267.38
487.408	2241.38
488.039	2314.38
488.668	2189.38
489.298	2248.38
489.927	2193.38
490.558	2245.38
491.187	2337.38
491.818	2232.38
492.446	2193.38
493.077	2178.38
493.705	2270.38
494.336	2272.38
494.964	2256.38
495.595	2184.38
496.223	2275.38
496.854	2288.38
497.482	2252.38
498.112	2200.38
498.741	2184.38
499.371	2203.38
499.999	2221.38
500.627	2298.38
501.257	2230.38
501.885	2193.38
502.513	2202.38
503.143	2117.38
503.771	2228.38
504.399	2210.38
505.029	2207.38
505.656	2141.38
506.284	2198.38
506.914	2188.38
507.541	2192.38
508.169	2175.38
508.796	2166.38
509.426	2119.38
510.054	2171.38
510.681	2205.38
511.308	2153.38
511.938	2170.38
512.565	2164.38
513.192	2123.38
513.819	2192.38
514.446	2164.38
515.076	2103.38
515.703	2060.38
516.33	2087.38
516.957	2109.38
517.584	2056.38
518.21	2062.38
518.837	2043.38
519.464	2071.38
520.093	2105.38
520.72	2087.38
521.346	2035.38
521.973	2011.38
522.6	2093.38
523.226	2062.38
523.853	2076.38
524.479	2003.38
525.105	1986.38
525.732	2022.38
526.358	2034.38
526.984	2023.38
527.611	2037.38
528.237	2070.38
528.863	2013.38
529.489	1970.38
530.115	2030.38
530.741	1930.38
531.365	1954.38
531.991	2020.38
532.617	1990.38
533.243	2018.38
533.869	2026.38
534.495	1986.38
535.12	1990.38
535.746	1922.38
536.369	1944.38
536.995	1875.38
537.621	1944.38
538.246	1879.38
538.872	1850.38
539.495	1834.38
540.12	1815.38
540.746	1866.38
541.371	1856.38
541.994	1924.38
542.62	1950.38
543.245	1788.38
543.87	1851.38
544.493	1852.38
545.118	1809.38
545.743	1830.38
546.366	1912.38
546.991	1916.38
547.616	1910.38
548.238	1868.38
548.863	1889.38
549.488	1849.38
550.111	1876.38
550.735	1897.38
551.36	1854.38
551.982	1891.38
552.607	1869.38
553.229	1898.38
553.854	1771.38
554.476	1828.38
555.101	1790.38
555.723	1792.38
556.347	1802.38
556.969	1808.38
557.594	1795.38
558.216	1788.38
558.84	1810.38
559.462	1695.38
560.086	1779.49
560.708	1854.93
561.332	1856.17
561.954	1764.39
562.578	1788.32
563.199	1708
563.821	1828.67
564.445	1762.13
565.066	1758.78
565.69	1790.92
566.312	1773.2
566.933	1806.81
567.557	1803.2
568.178	1753.64
568.799	1750.32
569.423	1772.37
570.044	1758.36
570.665	1752.66
571.289	1719.84
571.91	1749.71
572.531	1701.72
573.152	1750.64
573.775	1690.68
574.396	1697.5
575.017	1707.15
575.638	1706.21
576.261	1737.71
576.882	1699.51
577.503	1692.85
578.123	1726.22
578.744	1713.47
579.365	1704.86
579.987	1695.81
580.608	1698.61
581.229	1672.4
581.849	1644.38
582.47	1664.67
583.09	1636.6
583.71	1633.27
584.331	1600.24
584.951	1641.64
585.571	1633.37
586.194	1623.38
586.814	1573.93
587.434	1602.73
588.054	1652.35
588.674	1575.35
589.294	1593.32
589.914	1608.65
590.534	1624.34
591.154	1582.98
591.774	1577.79
592.391	1592.91
593.011	1538.56
593.631	1555.82
594.25	1567.15
594.87	1558.97
595.49	1543.89
596.109	1539.26
596.729	1531.87
597.348	1568.07
597.967	1560.99
598.585	1529.23
599.204	1499.35
599.823	1519.63
600.443	1523.64
601.062	1468.17
601.681	1534.17
602.298	1504.45
602.917	1521.49
603.536	1490.7
604.155	1452.12
604.772	1500.29
605.391	1478.64
606.01	1461.64
606.629	1426.5
607.245	1450.61
607.864	1423.45
608.483	1453.98
609.099	1442.57
609.718	1371.03
610.337	1401.53
610.953	1434.33
611.572	1385.88
612.19	1428.04
612.806	1428.54
613.425	1386.43
614.043	1439.88
614.659	1399
615.278	1408.11
615.894	1399.33
616.512	1379.83
617.128	1384.92
617.746	1376.34
618.364	1392.57
618.98	1349.1
619.598	1430.52
620.214	1412.62
620.832	1371.67
621.448	1341.68
622.065	1348.2
622.681	1353.49
623.297	1338.74
623.914	1324.68
624.53	1346.79
625.148	1379.86
625.763	1371.69
626.381	1358.45
626.996	1355.09
627.611	1363.49
628.229	1358.56
628.844	1363.42
629.459	1368.5
630.076	1330.56
630.692	1325.53
631.307	1311.85
631.924	1288.96
632.539	1316.78
633.154	1311.46
633.771	1328.62
634.386	1304.42
635.001	1355.6
635.615	1309.82
636.232	1303.43
636.847	1328.8
637.462	1341.24
638.076	1350.72
638.693	1325.27
639.308	1317.5
639.922	1293.38
640.537	1280.82
641.151	1320.48
641.768	1331.46
642.382	1337.85
642.996	1325.17
643.611	1301.2
644.225	1287.22
644.839	1311.27
645.453	1316.77
646.067	1284.48
646.681	1321.27
647.295	1265.61
647.912	1287.81
648.526	1321.23
649.139	1280.33
649.753	1312.17
650.367	1247.46
650.981	1262.73
651.595	1225.19
652.208	1319.28
652.822	1295.91
653.436	1327.62
653.707	1296.62
654.329	1267.62
654.953	1224.62
655.576	1215.62
656.198	1275.62
656.822	1290.62
657.444	1291.62
658.066	1261.62
658.688	1276.62
659.312	1232.62
659.933	1306.62
660.555	1303.62
661.177	1269.62
661.801	1270.62
662.422	1263.62
663.044	1274.13
663.666	1266.55
664.287	1260.14
664.911	1255.28
665.532	1244.55
666.154	1232.93
666.775	1232.69
667.396	1241.85
668.018	1254.87
668.639	1258.99
669.262	1257.86
669.883	1171.62
670.504	1236.62
671.126	1257.62
671.747	1295.62
672.368	1243.62
672.989	1268.62
673.609	1241.62
674.23	1249.62
674.851	1259.62
675.472	1279.62
676.093	1327.62
676.713	1252.62
677.334	1228.62
677.955	1269.62
678.575	1268.62
679.196	1284.62
679.816	1315.62
680.437	1312.62
681.057	1298.62
681.677	1269.62
682.298	1265.62
682.918	1201.62
683.538	1216.62
684.159	1280.62
684.779	1263.62
685.397	1237.62
686.017	1214.62
686.637	1285.62
687.257	1272.62
687.877	1218.62
688.497	1257.62
689.115	1211.62
689.734	1242.62
690.354	1197.62
690.974	1273.62
691.594	1204.62
692.211	1252.62
692.831	1255.62
693.45	1194.62
694.07	1223.62
694.687	1259.62
695.307	1218.62
695.926	1246.62
696.546	1199.62
697.163	1200.62
697.782	1194.62
698.401	1236.62
699.019	1194.62
699.638	1167.62
700.257	1192.62
700.874	1151.62
701.493	1191.62
702.112	1163.62
702.729	1258.62
703.348	1222.62
703.967	1248.62
704.583	1193.62
705.202	1228.62
705.819	1200.62
706.438	1163.62
707.054	1215.62
707.673	1212.62
708.291	1267.62
708.908	1210.62
709.526	1201.62
710.143	1241.62
710.761	1159.62
711.377	1229.62
711.996	1161.62
712.612	1201.62
713.23	1179.62
713.846	1192.62
714.462	1149.62
715.081	1128.62
715.697	1153.62
716.315	1149.62
716.931	1147.62
717.549	1146.62
718.164	1168.62
718.78	1198.62
719.398	1230.62
720.014	1170.62
720.629	1189.62
721.247	1187.62
721.863	1147.62
722.478	1202.62
723.096	1207.62
723.711	1140.62
724.327	1162.62
724.944	1176.62
725.56	1177.62
726.175	1143.62
726.792	1172.62
727.408	1164.62
728.023	1190.62
728.638	1179.62
729.255	1215.62
729.87	1154.62
730.485	1212.62
731.1	1195.62
731.715	1168.62
732.332	1171.62
732.947	1154.62
733.562	1114.62
734.177	1214.62
734.791	1189.62
735.406	1158.62
736.021	1175.62
736.637	1198.62
737.252	1151.62
737.867	1142.62
738.481	1172.62
739.096	1168.62
739.71	1160.62
740.324	1223.62
740.939	1176.62
741.553	1106.62
742.167	1092.62
742.781	1155.17
743.396	1139.4
744.01	1150.44
744.624	1149.26
745.238	1137.22
745.852	1135.8
746.466	1135.4
747.08	1149.59
747.694	1063.62
748.307	1113.62
748.921	1126.62
749.535	1162.62
750.149	1156.62
750.762	1154.62
751.376	1172.62
751.99	1177.62
752.603	1117.62
753.215	1111.62
753.828	1125.62
754.441	1153.62
755.055	1158.62
755.668	1173.62
756.282	1128.62
756.893	1176.62
757.506	1118.62
758.119	1169.62
758.732	1189.62
759.345	1120.62
759.956	1131.62
760.569	1165.62
761.182	1151.62
761.795	1112.62
762.406	1133.62
763.019	1117.62
763.632	1153.62
764.243	1127.62
764.855	1133.62
765.468	1157.62
766.081	1121.62
766.691	1137.62
767.304	1134.62
767.916	1162.62
768.527	1124.62
769.139	1110.62
769.75	1171.62
770.362	1084.62
770.974	1077.62
771.584	1130.62
772.197	1137.62
772.807	1072.62
773.419	1150.62
774.031	1167.62
774.641	1080.62
775.253	1137.62
775.863	1124.62
776.475	1107.62
777.085	1160.62
777.697	1115.62
778.307	1136.62
778.919	1159.62
779.528	1151.62
780.14	1147.62
780.75	1099.62
781.359	1167.62
781.971	1152.62
782.58	1076.62
783.192	1133.62
783.801	1078.62
784.413	1141.62
785.022	1111.62
785.631	1108.62
786.243	1140.62
786.852	1098.62
787.461	1112.62
788.072	1148.62
788.681	1054.62
789.29	1108.62
789.901	1120.62
790.51	1125.62
791.119	1083.62
791.73	1111.62
792.339	1095.62
792.948	1057.62
793.557	1042.62
794.167	1051.62
794.776	1090.62
795.385	1059.62
795.993	1120.62
796.604	1084.62
797.213	1087.62
797.821	1052.62
798.429	1090.62
799.038	1088.62
799.646	1070.62
800.257	1062.62
800.865	1121.62
801.473	1108.62
802.081	1046.62
802.69	1104.62
803.298	1091.62
803.906	1089.62
804.514	1095.62
805.124	1069.62
805.732	1086.62
806.34	1030.62
806.948	1065.62
807.555	1104.62
808.163	1084.62
808.771	1037.62
809.379	1060.62
809.986	1082.62
810.594	1082.62
811.202	1060.62
811.809	1028.62
812.417	1034.62
813.024	1075.62
813.632	1037.62
814.239	1086.62
814.846	1011.62
815.454	1044.62
816.059	1005.62
816.666	1049.62
817.273	1056.62
817.881	1071.62
818.488	1044.62
819.095	1014.62
819.702	1018.62
820.309	1048.62
820.914	985.623
821.521	1008.62
822.128	1001.62
822.734	1030.62
823.341	1008.62
823.946	1055.62
824.553	1044.62
825.159	1052.62
825.766	1055.62
826.37	1013.62
826.977	1026.62
827.583	1047.62
828.19	1061.62
828.794	1034.62
829.401	1041.62
830.007	1043.62
830.611	1009.62
831.218	1016.62
831.824	1049.62
832.428	973.623
833.034	1061.62
833.64	1062.62
834.244	1057.62
834.85	1005.62
835.456	1042.62
836.06	1034.62
836.666	995.623
837.27	1069.62
837.876	1051.62
838.482	1047.62
839.085	1014.62
839.691	1022.62
840.295	1008.62
840.9	1047.62
841.504	1046.62
842.109	1028.62
842.713	1042.62
843.318	1063.62
843.922	1006.62
844.527	1050.62
845.13	991.623
845.736	1068.62
846.339	1011.62
846.942	1041.62
847.547	1059.62
848.15	1089.62
848.756	1063.62
849.359	1059.62
849.962	1083.62
850.567	1055.62
851.17	1035.62
851.774	1070.62
852.377	1073.62
852.98	1081.62
853.585	1059.62
854.188	1072.62
854.79	1079.62
855.395	1069.62
855.998	1073.62
856.6	1064.62
857.203	1144.62
857.807	1106.62
858.41	1092.62
859.012	1069.62
859.614	1084.62
860.219	1107.62
860.821	1079.62
861.423	1075.62
862.025	1123.62
862.628	1103.62
863.232	1106.62
863.834	1081.62
864.436	1105.62
865.038	1087.62
865.64	1094.62
866.242	1134.62
866.844	1138.62
867.447	1086.62
868.049	1110.62
868.651	1114.62
869.253	1072.62
869.854	1120.62
870.456	1114.62
871.058	1136.62
871.659	1112.62
872.261	1131.62
872.862	1146.62
873.464	1134.62
874.065	1120.62
874.666	1107.62
875.268	1120.62
875.869	1143.62
876.47	1103.62
877.071	1127.62
877.673	1130.62
878.274	1109.62
878.875	1133.62
879.476	1167.62
880.077	1135.62
880.676	1136.62
881.277	1162.62
881.878	1133.62
882.479	1112.62
883.079	1141.62
883.68	1139.62
884.281	1147.62
884.882	1159.62
885.48	1133.62
886.081	1126.62
886.681	1162.62
887.282	1128.62
887.882	1183.62
888.481	1147.62
889.081	1154.62
889.682	1126.62
890.282	1183.62
890.88	1191.62
891.48	1156.62
892.081	1212.62
892.679	1175.62
893.279	1217.62
893.879	1144.62
894.479	1212.62
895.077	1219.62
895.677	1215.62
896.277	1186.62
896.875	1164.62
897.475	1145.62
898.073	1184.62
898.672	1202.62
899.272	1144.62
899.87	1189.62
900.469	1170.62
901.067	1185.62
901.667	1234.62
902.266	1228.62
902.864	1189.62
903.463	1277.62
904.06	1270.62
904.66	1244.62
905.257	1220.62
905.857	1206.62
906.454	1197.62
907.053	1168.62
907.65	1231.62
908.249	1231.62
908.846	1218.62
909.443	1208.62
910.043	1220.62
910.639	1178.62
911.238	1184.62
911.835	1252.62
912.432	1214.62
913.031	1231.62
913.628	1253.62
914.227	1204.62
914.823	1204.62
915.42	1228.62
916.019	1254.62
916.615	1219.62
917.212	1259.62
917.81	1209.62
918.407	1242.62
919.003	1285.62
919.599	1208.62
920.198	1242.62
920.794	1243.62
921.39	1246.62
921.987	1236.62
922.585	1280.62
923.181	1269.62
923.777	1222.62
924.373	1303.62
924.969	1184.62
925.567	1142.62
926.163	1270.62
926.759	1218.62
927.355	1271.62
927.951	1240.62
928.547	1272.62
929.144	1215.62
929.74	1215.62
930.336	1242.62
930.931	1331.62
931.527	1297.62
932.123	1283.62
932.718	1265.62
933.314	1316.62
933.909	1237.62
934.504	1262.62
935.1	1245.62
935.695	1314.62
936.29	1251.62
936.886	1225.62
937.481	1267.62
938.076	1265.62
938.671	1296.62
939.266	1217.62
939.861	1273.62
940.456	1280.62
941.051	1269.62
941.646	1251.62
942.241	1332.62
942.836	1273.62
943.431	1256.62
944.024	1250.62
944.618	1261.62
945.213	1254.62
945.808	1280.62
946.402	1233.62
946.997	1253.62
947.592	1311.62
948.184	1320.62
948.778	1268.62
949.373	1174.62
949.967	1296.62
950.562	1247.62
951.154	1246.62
951.748	1274.62
952.342	1273.62
952.937	1296.62
953.529	1202.62
954.123	1253.62
954.717	1260.62
955.309	1247.62
955.903	1224.62
956.497	1300.62
957.089	1274.62
957.683	1281.62
958.277	1262.62
958.868	1277.62
959.462	1261.62
960.056	1277.62
960.648	1275.62
961.241	1284.62
961.833	1311.62
962.427	1289.62
963.02	1277.62
963.612	1264.62
964.205	1266.62
964.796	1272.62
965.39	1290.62
965.981	1269.62
966.574	1214.62
967.166	1270.62
967.759	1245.62
968.35	1242.62
968.943	1261.62
969.534	1258.62
970.128	1294.62
970.718	1268.62
971.309	1241.62
971.902	1250.62
972.493	1250.62
973.086	1283.62
973.677	1277.62
974.268	1282.62
974.861	1275.62
975.451	1290.62
976.044	1297.62
976.635	1260.62
977.225	1254.62
977.818	1270.62
978.408	1265.62
978.999	1296.62
979.591	1288.62
980.182	1279.62
980.772	1210.62
981.362	1243.62
981.955	1283.62
982.545	1230.62
983.135	1279.62
983.725	1248.62
984.318	1306.62
984.908	1254.62
985.498	1254.62
986.088	1288.62
986.678	1255.62
987.268	1243.62
987.86	1232.62
988.449	1307.62
989.039	1269.62
989.629	1266.62
990.219	1241.62
990.808	1219.62
991.398	1263.62
991.988	1287.62
992.579	1241.62
993.169	1246.62
993.759	1269.62
994.348	1279.62
994.938	1249.62
995.527	1286.62
996.116	1228.62
996.706	1222.62
997.295	1278.62
997.884	1240.62
998.473	1280.62
999.063	1226.62
999.652	1235.62
1000.24	1249.62
1000.83	1243.62
1001.42	1217.62
1002.01	1251.62
1002.59	1299.62
1003.18	1215.62
1003.77	1198.62
1004.36	1217.62
1004.95	1252.62
1005.54	1197.62
1006.13	1270.62
1006.72	1217.62
1007.3	1216.62
1007.89	1225.62
1008.48	1223.62
1009.07	1233.62
1009.66	1236.62
1010.24	1227.62
1010.83	1220.62
1011.42	1266.62
1012.01	1230.62
1012.6	1231.62
1013.18	1222.62
1013.77	1207.62
1014.36	1234.62
1014.95	1236.62
1015.53	1228.62
1016.12	1189.62
1016.71	1219.62
1017.3	1168.62
1017.88	1185.62
1018.47	1245.62
1019.06	1219.62
1019.65	1205.62
1020.23	1277.62
1020.82	1173.62
1021.4	1228.62
1021.99	1169.62
1022.58	1197.62
1023.17	1175.62
1023.75	1160.62
1024.34	1201.62
1024.93	1190.62
1025.51	1247.57
1026.1	1167.63
1026.68	1218.1
1027.27	1198.15
1027.86	1186.8
1028.44	1212.44
1029.03	1216.86
1029.62	1172.56
1030.2	1163.82
1030.79	1151.12
1031.37	1153.82
1031.96	1168.17
1032.55	1164.13
1033.13	1150.2
1033.72	1125.89
1034.3	1174.82
1034.89	1175.54
1035.47	1167.65
1036.06	1148.79
1036.65	1188.05
1037.23	1122.58
1037.82	1144.11
1038.4	1128.21
1038.99	1183.43
1039.57	1110.52
1040.16	1165.5
1040.74	1119.31
1041.33	1121.97
1041.91	1131.71
1042.5	1131.14
1043.08	1142.1
1043.67	1109.05
1044.25	1105.64
1044.83	1118.74
1045.42	1051.12
1046.01	1074.74
1046.59	1041.73
1047.17	1046.76
1047.76	1060.91
1048.34	1096
1048.93	1075.82
1049.51	1100.29
1050.1	1126.48
1050.68	1100.7
1051.26	1042.82
1051.85	1090.08
1052.43	1086.87
1053.01	1058.17
1053.6	1091.25
1054.18	1057.8
1054.76	1077.1
1055.35	1093.78
1055.93	1081.55
1056.52	1082.62
1057.1	1064.36
1057.68	1081.85
1058.27	1097.3
1058.85	1076.86
1059.43	1035.81
1060.02	1061.47
1060.6	1055.13
1061.18	1048.1
1061.76	1022.41
1062.35	1032.23
1062.93	1067.69
1063.51	1042.99
1064.09	1019.49
1064.68	1079.77
1065.26	1057.74
1065.84	1013.47
1066.43	1043.54
1067.01	1016.91
1067.59	1018.08
1068.17	1039.25
1068.76	1029.09
1069.34	1041.85
1069.92	1023.16
1070.5	994.449
1071.08	1038.62
1071.67	984.324
1072.25	1010.65
1072.83	1024.06
1073.41	1002.48
1073.99	955.309
1074.58	1035.26
1075.16	982.233
1075.74	986.548
1076.32	1012.56
1076.9	961.339
1077.48	995.41
1078.06	990.876
1078.64	987.481
1079.23	994.477
1079.81	962.09
1080.39	1007.16
1080.97	959.944
1081.55	970.297
1082.13	968.444
1082.71	963.826
1083.29	960.501
1083.87	937.162
1084.45	948.612
1085.03	942.106
1085.62	962.286
1086.2	931.578
1086.78	930.135
1087.36	911.398
1087.94	969.583
1088.52	949.092
1089.1	902.999
1089.68	920.421
1090.26	941.966
1090.84	965.702
1091.42	924.188
1092	932.983
1092.58	909.569
1093.16	905.122
1093.74	925.536
1094.32	938.673
1094.9	914.325
1095.48	898.351
1096.06	910.622
1096.64	925.275
1097.22	917.463
1097.79	926.755
1098.37	903.637
1098.95	910.337
1099.53	904.478
1100.11	908.698
1100.69	875.676
1101.27	901.146
1101.85	915.846
1102.43	895.705
1103.01	858.266
1103.58	895.533
1104.16	897.888
1104.74	882.41
1105.32	886.65
1105.9	871.286
1106.48	870.689
1107.06	844.639
1107.64	887.339
1108.21	863.301
1108.79	851.196
1109.37	871.011
1109.95	838.298
1110.53	849.76
1111.1	836.706
1111.68	837.525
1112.26	861.71
1112.84	866.378
1113.42	830.657
1113.99	842.897
1114.57	823.669
1115.15	820.44
1115.73	827.498
1116.3	816.841
1116.88	795.461
1117.46	834.146
1118.04	828.143
1118.61	802.371
1119.19	843.98
1119.77	859.684
1120.35	825.428
1120.92	827.537
1121.5	815.856
1122.08	841.405
1122.65	804.943
1123.23	816.958
1123.81	812.808
1124.39	803.398
1124.96	801.618
1125.54	799.374
1126.11	790.935
1126.69	789.512
1127.27	787.919
1127.85	792.894
1128.42	798.459
1129	725.236
1129.57	728.427
1130.15	749.668
1130.72	840.999
1131.3	781.866
1131.88	832.558
1132.45	797.391
1133.03	813.812
1133.61	797.313
1134.18	770.535
1134.76	801.983
1135.33	777.928
1135.91	748.713
1136.48	769.506
1137.06	785.427
1137.63	736.923
1138.21	781.095
1138.78	785.458
1139.36	793.265
1139.93	780.642
1140.51	754.282
1141.09	775.133
1141.66	732.004
1142.23	762.416
1142.81	759.769
1143.38	731.039
1143.96	777.89
1144.53	727.683
1145.11	748.496
1145.68	772.919
1146.26	789.142
1146.83	755.734
1147.41	712.388
1147.98	746.181
1148.56	760.572
1149.13	773.655
1149.71	751.153
1150.28	741.392
1150.85	741.7
1151.43	711.582
1152	768.927
1152.58	747.215
1153.15	765.548
1153.72	741.998
1154.3	710.579
1154.87	694.343
1155.45	699.003
1156.02	738.421
1156.59	706.006
1157.17	709.782
1157.74	657.663
1158.31	714.561
1158.89	687.478
1159.46	744.578
1160.03	690.491
1160.61	726.471
1161.18	698.387
1161.75	673.161
1162.32	723.029
1162.9	674.686
1163.47	673.487
1164.04	712.708
1164.62	714.482
1165.19	722.412
1165.76	654.263
1166.33	702.003
1166.91	663.108
1167.48	698.657
1168.05	712.262
1168.62	699.494
1169.2	690.805
1169.77	664.33
1170.34	658.892
1170.91	627.167
1171.48	614.935
1172.06	644.052
1172.18	614.052
1172.76	642.052
1173.34	630.052
1173.92	639.052
1174.5	689.052
1175.08	639.052
1175.66	665.052
1176.24	623.052
1176.82	679.052
1177.4	649.052
1177.98	663.052
1178.56	672.052
1179.14	690.052
1179.72	652.052
1180.3	657.052
1180.88	611.052
1181.46	597.052
1182.04	608.052
1182.62	659.052
1183.2	620.052
1183.78	628.052
1184.36	613.052
1184.94	634.052
1185.52	651.052
1186.09	613.052
1186.67	641.052
1187.25	661.052
1187.83	643.052
1188.41	619.052
1188.99	623.052
1189.57	613.052
1190.15	677.052
1190.73	631.052
1191.3	625.052
1191.88	586.052
1192.46	633.052
1193.04	636.052
1193.62	622.052
1194.2	641.052
1194.78	577.052
1195.35	588.052
1195.93	602.052
1196.51	588.052
1197.09	556.052
1197.67	602.163
1198.24	601.675
1198.82	595.784
1199.4	595.44
1199.98	594.151
1200.56	593.24
1201.13	598.186
1201.71	596.664
1202.29	595.501
1202.87	593.882
1203.45	593.947
1204.02	577.052
1204.6	560.052
1205.18	614.052
1205.75	613.052
1206.33	586.052
1206.91	539.052
1207.49	591.052
1208.06	566.052
1208.64	596.052
1209.22	563.052
1209.79	606.052
1210.37	556.052
1210.95	576.052
1211.52	584.052
1212.1	555.052
1212.68	576.052
1213.25	579.052
1213.83	576.052
1214.41	601.052
1214.98	578.052
1215.56	593.052
1216.14	574.052
1216.71	555.052
1217.29	579.052
1217.86	553.052
1218.44	554.052
1219.02	565.052
1219.59	590.052
1220.17	622.052
1220.74	576.052
1221.32	545.052
1221.9	589.052
1222.47	583.052
1223.05	591.052
1223.62	582.052
1224.2	556.052
1224.77	564.052
1225.35	577.052
1225.92	556.052
1226.5	556.052
1227.08	604.052
1227.65	532.052
1228.23	573.052
1228.8	539.052
1229.38	564.052
1229.95	582.052
1230.53	570.052
1231.1	569.052
1231.67	566.052
1232.25	559.052
1232.83	571.052
1233.4	559.052
1233.97	546.052
1234.55	600.052
1235.12	535.052
1235.7	598.052
1236.27	589.052
1236.85	554.052
1237.42	592.052
1237.99	565.052
1238.57	533.052
1239.14	597.052
1239.72	537.052
1240.29	520.052
1240.86	547.052
1241.44	529.052
1242.01	551.052
1242.59	549.052
1243.16	547.052
1243.73	557.052
1244.31	513.052
1244.88	570.052
1245.45	567.052
1246.03	561.052
1246.6	525.052
1247.17	549.052
1247.75	504.051
1248.32	561.052
1248.89	529.052
1249.47	524.052
1250.04	539.052
1250.61	547.052
1251.18	535.052
1251.76	536.052
1252.33	547.052
1252.9	578.052
1253.48	551.052
1254.05	530.052
1254.62	553.052
1255.19	537.052
1255.77	556.052
1256.34	546.052
1256.91	505.051
1257.48	557.052
1258.06	523.052
1258.63	518.052
1259.2	540.052
1259.77	555.052
1260.34	547.052
1260.92	536.052
1261.49	554.052
1262.06	550.052
1262.63	556.052
1263.2	545.052
1263.78	504.051
1264.35	559.052
1264.92	562.052
1265.49	533.052
1266.06	585.052
1266.63	512.052
1267.2	520.052
1267.78	517.052
1268.35	507.051
1268.92	537.052
1269.49	541.052
1270.06	573.052
1270.63	509.051
1271.2	545.052
1271.77	533.052
1272.34	567.052
1272.92	514.052
1273.49	527.052
1274.06	544.052
1274.63	509.051
1275.2	502.051
1275.77	534.052
1276.34	561.052
1276.91	544.052
1277.48	535.052
1278.05	550.052
1278.62	559.052
1279.19	523.052
1279.76	522.052
1280.33	571.052
1280.9	546.052
1281.47	518.052
1282.04	503.051
1282.61	541.052
1283.18	538.052
1283.75	517.052
1284.32	563.052
1284.89	567.052
1285.46	522.052
1286.03	518.052
1286.6	534.052
1287.17	515.052
1287.74	531.052
1288.31	544.052
1288.88	521.052
1289.45	518.052
1290.01	532.052
1290.58	547.052
1291.15	568.052
1291.72	526.052
1292.29	532.052
1292.86	555.052
1293.43	501.051
1294	565.052
1294.57	536.052
1295.13	560.052
1295.7	522.052
1296.27	531.052
1296.84	563.052
1297.41	526.052
1297.98	540.052
1298.55	539.052
1299.11	538.052
1299.68	542.052
1300.25	554.052
1300.82	553.052
1301.39	545.052
1301.95	541.052
1302.52	529.052
1303.09	562.052
1303.66	525.052
1304.23	540.052
1304.79	513.052
1305.36	529.052
1305.93	553.052
1306.5	555.052
1307.06	556.052
1307.63	505.051
1308.2	546.052
1308.77	526.052
1309.33	506.051
1309.9	529.052
1310.47	503.051
1311.04	516.052
1311.6	568.052
1312.17	537.052
1312.74	522.052
1313.3	546.052
1313.87	519.052
1314.44	523.052
1315	522.052
1315.57	514.052
1316.14	528.052
1316.7	488.051
1317.27	521.052
1317.84	549.052
1318.4	536.052
1318.97	552.052
1319.54	559.052
1320.1	543.052
1320.67	534.052
1321.23	529.052
1321.8	510.051
1322.37	522.052
1322.93	500.051
1323.5	524.052
1324.06	529.052
1324.63	518.052
1325.2	552.052
1325.76	558.052
1326.33	562.052
1326.89	516.052
1327.46	514.052
1328.02	516.052
1328.59	554.052
1329.15	524.052
1329.72	574.052
1330.29	527.052
1330.85	560.052
1331.42	520.052
1331.98	529.052
1332.55	535.052
1333.11	543.052
1333.68	506.051
1334.24	544.052
1334.81	533.052
1335.37	524.052
1335.93	528.052
1336.5	534.052
1337.06	563.052
1337.63	555.052
1338.19	500.051
1338.76	538.052
1339.32	481.051
1339.89	488.051
1340.45	526.052
1341.02	517.052
1341.58	506.051
1342.14	511.051
1342.71	542.052
1343.27	536.052
1343.84	529.052
1344.4	533.052
1344.96	550.052
1345.53	563.052
1346.09	568.052
1346.65	512.052
1347.22	549.052
1347.78	540.052
1348.35	532.052
1348.91	531.052
1349.47	556.052
1350.04	543.052
1350.6	529.052
1351.16	521.052
1351.73	519.052
1352.29	523.052
1352.85	530.052
1353.41	530.052
1353.98	522.052
1354.54	526.052
1355.1	518.052
1355.67	485.051
1356.23	534.052
1356.79	544.052
1357.35	518.052
1357.92	519.052
1358.48	531.052
1359.04	544.052
1359.6	545.052
1360.17	561.052
1360.73	510.051
1361.29	521.052
1361.85	561.052
1362.42	523.052
1362.98	549.052
1363.54	534.052
1364.1	529.052
1364.66	531.052
1365.23	505.051
1365.79	522.052
1366.35	462.051
1366.91	525.052
1367.47	552.052
1368.03	531.052
1368.6	556.052
1369.16	527.052
1369.72	528.052
1370.28	519.052
1370.84	508.051
1371.4	532.052
1371.96	583.052
1372.53	500.051
1373.09	542.052
1373.65	532.052
1374.21	538.052
1374.77	535.052
1375.33	534.052
1375.89	509.051
1376.45	529.052
1377.01	542.052
1377.57	539.052
1378.13	501.051
1378.69	521.052
1379.26	566.052
1379.82	517.052
1380.38	519.052
1380.94	537.052
1381.5	566.052
1382.06	533.052
1382.62	503.051
1383.18	534.052
1383.74	535.052
1384.3	529.052
1384.86	532.052
1385.42	540.052
1385.98	505.051
1386.54	537.052
1387.1	523.052
1387.66	512.052
1388.22	505.051
1388.78	497.051
1389.34	513.052
1389.89	529.052
1390.45	512.052
1391.01	509.051
1391.57	510.051
1392.13	542.052
1392.69	488.051
1393.25	514.052
1393.81	511.051
1394.37	539.052
1394.93	501.051
1395.49	467.051
1396.05	536.052
1396.6	522.052
1397.16	494.051
1397.72	504.051
1398.28	531.052
1398.84	549.052
1399.4	547.052
1399.96	537.052
1400.52	474.051
1401.07	525.052
1401.63	559.052
1402.19	525.052
1402.75	529.052
1403.31	525.052
1403.86	526.052
1404.42	491.051
1404.98	521.052
1405.54	524.052
1406.1	523.052
1406.66	524.052
1407.21	529.052
1407.77	528.052
1408.33	468.051
1408.88	517.052
1409.44	477.051
1410	539.052
1410.56	531.052
1411.12	510.051
1411.67	527.052
1412.23	482.051
1412.79	520.052
1413.34	551.052
1413.9	524.052
1414.46	548.052
1415.02	545.052
1415.57	497.051
1416.13	531.052
1416.69	487.051
1417.24	533.052
1417.8	509.051
1418.36	500.051
1418.91	546.052
1419.47	544.052
1420.03	543.052
1420.58	539.052
1421.14	540.052
1421.7	539.052
1422.25	524.052
1422.81	526.052
1423.37	573.052
1423.92	525.052
1424.48	548.052
1425.03	533.052
1425.59	532.052
1426.15	511.051
1426.7	516.052
1427.26	520.052
1427.81	536.052
1428.37	501.051
1428.93	493.051
1429.48	536.052
1430.04	505.051
1430.59	512.052
1431.15	516.052
1431.7	523.052
1432.26	534.052
1432.81	516.052
1433.37	525.052
1433.92	526.052
1434.48	500.051
1435.03	518.052
1435.59	509.051
1436.14	516.052
1436.7	536.052
1437.25	503.051
1437.81	505.051
1438.36	505.051
1438.92	491.051
1439.47	504.051
1440.03	526.052
1440.58	508.051
1441.14	540.052
1441.69	500.051
1442.25	536.052
1442.8	556.052
1443.35	503.051
1443.91	520.052
1444.46	530.052
1445.02	544.052
1445.57	542.052
1446.13	516.052
1446.68	532.052
1447.23	507.051
1447.79	520.052
1448.34	523.052
1448.89	494.051
1449.45	534.052
1450	514.052
1450.55	492.051
1451.11	523.052
1451.66	503.051
1452.22	519.052
1452.77	507.051
1453.32	521.052
1453.88	516.052
1454.43	519.052
1454.98	520.052
1455.54	521.052
1456.09	529.052
1456.64	551.052
1457.19	523.052
1457.75	539.052
1458.3	514.052
1458.85	539.052
1459.41	529.052
1459.96	541.052
1460.51	530.052
1461.06	530.052
1461.62	509.051
1462.17	539.052
1462.72	492.051
1463.27	523.052
1463.83	511.051
1464.38	523.052
1464.93	540.052
1465.48	520.052
1466.03	528.052
1466.59	496.051
1467.14	512.052
1467.69	541.052
1468.24	511.051
1468.79	544.052
1469.34	533.052
1469.9	514.052
1470.45	526.052
1471	539.052
1471.55	488.051
1472.1	549.052
1472.66	491.051
1473.21	539.052
1473.76	521.052
1474.31	534.052
1474.86	485.051
1475.41	540.052
1475.96	538.052
1476.52	499.051
1477.07	524.052
1477.62	518.052
1478.17	513.052
1478.72	505.051
1479.27	520.052
1479.82	498.051
1480.37	506.051
1480.92	513.052
1481.47	501.051
1482.02	474.051
1482.57	486.051
1483.12	508.051
1483.67	503.051
1484.22	503.051
1484.77	536.052
1485.32	489.051
1485.87	527.052
1486.42	502.051
1486.98	509.051
1487.52	540.052
1488.07	545.052
1488.62	533.052
1489.18	528.052
1489.72	546.052
1490.27	509.051
1490.82	510.051
1491.37	540.052
1491.92	531.052
1492.47	538.052
1493.02	534.052
1493.57	548.052
1494.12	566.052
1494.67	522.052
1495.22	510.051
1495.77	533.052
1496.32	537.052
1496.87	535.052
1497.42	509.051
1497.97	517.052
1498.51	528.052
1499.06	508.051
1499.61	536.052
1500.16	500.051
2600.02	464.316
2600.5	453.316
2600.97	468.316
2601.44	450.316
2601.92	473.316
2602.39	457.316
2602.87	452.316
2603.34	470.316
2603.82	456.316
2604.29	503.316
2604.76	457.316
2605.24	470.316
2605.71	480.316
2606.19	467.316
2606.66	448.316
2607.13	467.316
2607.61	450.316
2608.08	465.316
2608.55	479.316
2609.03	444.316
2609.5	433.316
2609.97	458.316
2610.45	476.316
2610.92	456.316
2611.39	471.316
2611.87	469.316
2612.34	445.316
2612.81	453.316
2613.29	434.316
2613.76	445.316
2614.23	420.316
2614.7	466.316
2615.18	467.316
2615.65	471.316
2616.12	450.316
2616.6	460.316
2617.07	450.316
2617.54	450.316
2618.01	474.316
2618.49	473.316
2618.96	447.316
2619.43	463.316
2619.91	489.316
2620.38	453.316
2620.85	466.316
2621.32	429.316
2621.8	454.316
2622.27	455.316
2622.74	429.316
2623.21	511.316
2623.68	463.316
2624.16	462.316
2624.63	461.316
2625.1	443.316
2625.57	441.316
2626.04	469.316
2626.52	441.316
2626.99	460.316
2627.46	423.316
2627.93	466.316
2628.4	483.316
2628.88	422.316
2629.35	462.316
2629.82	466.316
2630.29	466.316
2630.76	462.316
2631.23	471.316
2631.71	462.316
2632.18	476.316
2632.65	489.316
2633.12	490.316
2633.59	492.316
2634.06	458.316
2634.53	481.316
2635	465.316
2635.48	437.316
2635.95	511.316
2636.42	484.316
2636.89	470.316
2637.36	457.316
2637.83	430.316
2638.3	440.316
2638.77	453.316
2639.24	464.316
2639.71	458.316
2640.18	458.316
2640.65	474.316
2641.13	457.316
2641.6	462.316
2642.07	463.316
2642.54	454.316
2643.01	460.316
2643.48	477.316
2643.95	437.316
2644.42	473.316
2644.89	465.316
2645.36	496.316
2645.83	460.316
2646.3	450.316
2646.77	462.316
2647.24	494.316
2647.71	446.316
2648.18	447.316
2648.65	463.316
2649.12	441.316
2649.59	461.316
2650.06	440.316
2650.53	446.316
2651	439.316
2651.47	458.316
2651.94	467.316
2652.41	450.316
2652.88	489.316
2653.35	456.316
2653.81	457.316
2654.28	466.316
2654.75	478.316
2655.22	424.316
2655.69	476.316
2656.16	463.316
2656.63	439.316
2657.1	406.316
2657.57	459.289
2658.04	459.887
2658.51	452.638
2658.97	452.986
2659.44	452.888
2659.91	452.638
2660.38	459.556
2660.85	463.162
2661.32	415.316
2661.79	434.316
2662.26	456.316
2662.73	465.316
2663.19	474.316
2663.66	460.316
2664.13	452.316
2664.6	460.316
2665.07	429.316
2665.54	474.316
2666	478.316
2666.47	444.316
2666.94	501.316
2667.41	458.316
2667.88	481.316
2668.35	471.316
2668.81	463.316
2669.28	477.316
2669.75	448.316
2670.22	463.316
2670.69	485.316
2671.15	458.316
2671.62	481.316
2672.09	462.316
2672.56	445.316
2673.02	474.316
2673.49	447.316
2673.96	480.316
2674.43	481.316
2674.89	482.316
2675.36	461.316
2675.83	471.316
2676.3	477.316
2676.76	483.316
2677.23	480.316
2677.7	471.316
2678.16	499.316
2678.63	459.316
2679.1	425.316
2679.57	472.316
2680.03	469.316
2680.5	461.316
2680.97	492.316
2681.43	471.316
2681.9	462.316
2682.37	443.316
2682.84	437.316
2683.3	482.316
2683.77	466.316
2684.23	492.316
2684.7	437.316
2685.17	491.316
2685.63	494.316
2686.1	477.316
2686.57	509.316
2687.03	468.316
2687.5	495.316
2687.97	485.316
2688.43	452.316
2688.9	445.316
2689.36	487.316
2689.83	470.316
2690.3	461.316
2690.76	488.316
2691.23	404.316
2691.69	468.316
2692.16	470.316
2692.63	450.316
2693.09	482.316
2693.56	446.316
2694.02	492.316
2694.49	437.316
2694.96	441.316
2695.42	429.316
2695.89	419.316
2696.35	428.316
2696.82	463.316
2697.28	453.316
2697.75	456.316
2698.21	465.316
2698.68	459.316
2699.14	495.316
2699.61	481.316
2700.07	486.316
2700.54	481.316
2701	458.316
2701.47	472.316
2701.93	486.316
2702.4	474.316
2702.86	474.316
2703.33	465.316
2703.79	460.316
2704.26	457.316
2704.72	469.316
2705.19	486.316
2705.65	431.316
2706.12	450.316
2706.58	446.316
2707.05	461.316
2707.51	469.316
2707.98	474.316
2708.44	463.316
2708.9	465.316
2709.37	472.316
2709.83	465.316
2710.3	466.316
2710.76	481.316
2711.23	477.316
2711.69	470.316
2712.15	455.316
2712.62	466.316
2713.08	458.316
2713.55	470.316
2714.01	481.316
2714.47	446.316
2714.94	418.316
2715.4	450.316
2715.86	449.316
2716.33	428.316
2716.79	456.102
2717.25	455.736
2717.72	456.718
2718.18	456.754
2718.65	456.772
2719.11	456.781
2719.57	456.441
2720.04	406.316
2720.5	452.316
2720.96	395.316
2721.42	489.316
2721.89	494.316
2722.35	479.316
2722.81	463.316
2723.28	449.316
2723.74	480.316
2724.2	470.316
2724.67	453.316
2725.13	465.316
2725.59	451.316
2726.06	491.316
2726.52	465.316
2726.98	454.316
2727.44	505.316
2727.91	448.316
2728.37	485.316
2728.83	469.316
2729.29	500.316
2729.76	454.316
2730.22	468.316
2730.68	457.316
2731.14	485.316
2731.6	452.316
2732.07	472.316
2732.53	484.316
2732.99	457.316
2733.45	455.316
2733.92	453.316
2734.38	426.316
2734.84	470.316
2735.3	474.316
2735.76	463.316
2736.22	469.316
2736.69	474.316
2737.15	462.316
2737.61	450.316
2738.07	450.316
2738.53	459.316
2739	493.316
2739.46	468.316
2739.92	465.316
2740.38	461.316
2740.84	483.316
2741.3	455.316
2741.76	455.316
2742.23	468.316
2742.69	459.316
2743.15	463.316
2743.61	448.316
2744.07	466.316
2744.53	494.316
2744.99	446.316
2745.45	471.316
2745.91	482.316
2746.37	477.316
2746.83	450.316
2747.3	463.316
2747.76	457.316
2748.22	494.316
2748.68	473.316
2749.14	471.316
2749.6	485.316
2750.06	471.316
2750.52	509.316
2750.98	476.316
2751.44	450.316
2751.9	495.316
2752.36	478.316
2752.82	448.316
2753.28	500.316
2753.74	474.316
2754.2	444.316
2754.66	480.316
2755.12	466.316
2755.58	450.316
2756.04	463.316
2756.5	477.316
2756.96	464.316
2757.42	463.316
2757.88	432.316
2758.34	452.316
2758.8	480.316
2759.26	485.316
2759.72	458.316
2760.18	489.316
2760.64	488.316
2761.1	463.316
2761.56	461.316
2762.02	462.316
2762.48	462.316
2762.94	437.316
2763.4	457.316
2763.86	464.316
2764.32	474.316
2764.78	472.316
2765.23	493.316
2765.69	481.316
2766.15	469.316
2766.61	477.316
2767.07	438.316
2767.53	457.316
2767.99	480.316
2768.45	464.316
2768.91	488.316
2769.36	490.316
2769.82	453.316
2770.28	465.316
2770.74	457.316
2771.2	450.316
2771.66	462.316
2772.12	450.316
2772.57	471.316
2773.03	442.316
2773.49	479.316
2773.95	474.316
2774.41	460.316
2774.87	457.316
2775.32	451.316
2775.78	466.316
2776.24	479.316
2776.7	459.316
2777.16	448.316
2777.62	486.316
2778.07	462.316
2778.53	448.316
2778.99	457.316
2779.45	457.316
2779.91	465.316
2780.36	480.316
2780.82	451.316
2781.28	467.316
2781.74	454.316
2782.19	477.316
2782.65	466.316
2783.11	463.316
2783.57	481.316
2784.02	480.316
2784.48	457.316
2784.94	490.316
2785.39	467.316
2785.85	490.316
2786.31	477.316
2786.77	438.316
2787.22	490.316
2787.68	477.316
2788.14	482.316
2788.6	450.316
2789.05	464.316
2789.51	456.316
2789.97	467.316
2790.42	466.316
2790.88	507.316
2791.34	454.316
2791.79	447.316
2792.25	471.316
2792.71	483.316
2793.16	507.316
2793.62	441.316
2794.07	453.316
2794.53	454.316
2794.99	465.316
2795.44	466.316
2795.9	473.316
2796.36	463.316
2796.81	473.316
2797.27	452.316
2797.73	465.316
2798.18	471.316
2798.64	458.316
2799.09	452.316
2799.55	469.316
2800.01	479.316
2800.46	511.316
2800.92	462.316
2801.37	457.316
2801.83	463.316
2802.29	461.316
2802.74	480.316
2803.2	479.316
2803.65	425.316
2804.11	464.316
2804.56	478.316
2805.02	467.316
2805.47	479.316
2805.93	500.316
2806.38	445.316
2806.84	468.316
2807.3	464.316
2807.75	463.316
2808.21	469.316
2808.66	464.316
2809.12	475.316
2809.57	458.316
2810.03	484.316
2810.48	472.316
2810.93	442.316
2811.39	460.316
2811.85	462.316
2812.3	442.316
2812.75	474.316
2813.21	478.316
2813.66	499.316
2814.12	450.316
2814.57	457.316
2815.03	456.316
2815.48	460.316
2815.94	492.316
2816.39	481.316
2816.84	484.316
2817.3	499.316
2817.75	444.316
2818.21	470.316
2818.66	469.316
2819.12	458.316
2819.57	475.316
2820.02	471.316
2820.48	482.316
2820.93	465.316
2821.39	465.316
2821.84	464.316
2822.29	480.316
2822.75	468.316
2823.2	487.316
2823.66	489.316
2824.11	454.316
2824.56	488.316
2825.02	484.316
2825.47	494.316
2825.92	450.316
2826.38	474.316
2826.83	442.316
2827.28	476.316
2827.74	490.316
2828.19	487.316
2828.64	472.316
2829.1	472.316
2829.55	491.316
2830	441.316
2830.46	479.316
2830.91	498.316
2831.36	438.316
2831.82	455.316
2832.27	456.316
2832.72	467.316
2833.17	485.316
2833.63	436.316
2834.08	487.316
2834.53	465.316
2834.99	501.316
2835.44	497.316
2835.89	492.316
2836.34	475.316
2836.8	458.316
2837.25	443.316
2837.7	486.316
2838.15	465.316
2838.61	477.316
2839.06	495.316
2839.51	472.316
2839.96	486.316
2840.41	494.316
2840.87	458.316
2841.32	471.316
2841.77	507.316
2842.22	476.316
2842.68	460.316
2843.13	466.316
2843.58	465.316
2844.03	485.316
2844.48	465.316
2844.93	483.316
2845.39	426.316
2845.84	470.316
2846.29	489.316
2846.74	447.316
2847.19	448.316
2847.64	484.316
2848.1	472.316
2848.55	432.316
2849	473.316
2849.45	462.316
2849.9	495.316
2850.35	478.316
2850.8	463.316
2851.25	453.316
2851.71	454.316
2852.16	480.316
2852.61	450.316
2853.06	421.316
2853.51	465.316
2853.96	497.316
2854.41	513.316
2854.86	493.316
2855.31	453.316
2855.76	489.316
2856.21	450.316
2856.66	519.316
2857.12	470.316
2857.57	458.316
2858.02	467.316
2858.47	469.316
2858.92	472.316
2859.37	482.316
2859.82	463.316
2860.27	482.316
2860.72	477.316
2861.17	473.316
2861.62	472.316
2862.07	468.316
2862.52	418.316
2862.97	492.316
2863.42	465.316
2863.87	466.316
2864.32	470.316
2864.77	456.316
2865.22	497.316
2865.67	491.316
2866.12	452.316
2866.57	471.316
2867.02	480.316
2867.47	489.316
2867.92	478.316
2868.37	445.316
2868.82	487.316
2869.27	455.316
2869.72	477.316
2870.17	491.316
2870.61	448.316
2871.06	488.316
2871.51	480.316
2871.96	476.316
2872.41	465.316
2872.86	447.316
2873.31	450.316
2873.76	465.316
2874.21	458.316
2874.66	461.316
2875.11	472.316
2875.55	476.316
2876	480.316
2876.45	469.316
2876.9	450.316
2877.35	481.316
2877.8	473.316
2878.25	481.316
2878.7	501.316
2879.14	461.316
2879.59	488.316
2880.04	452.316
2880.49	461.316
2880.94	440.316
2881.39	484.316
2881.84	461.316
2882.28	454.316
2882.73	501.316
2883.18	499.316
2883.63	485.316
2884.08	487.316
2884.52	447.316
2884.97	485.316
2885.42	477.316
2885.87	491.316
2886.32	491.316
2886.76	478.316
2887.21	504.316
2887.66	479.316
2888.11	465.316
2888.55	471.316
2889	464.316
2889.45	478.316
2889.9	466.316
2890.35	482.316
2890.79	474.316
2891.24	445.316
2891.69	490.316
2892.13	432.316
2892.58	501.316
2893.03	462.316
2893.48	465.316
2893.92	477.316
2894.37	434.316
2894.82	434.316
2895.26	479.316
2895.71	456.316
2896.16	451.316
2896.61	500.316
2897.05	471.316
2897.5	507.316
2897.95	464.316
2898.39	494.316
2898.84	480.316
2899.29	495.316
2899.73	480.316
2900.18	453.316
2900.63	447.316
2901.07	489.316
2901.52	468.316
2901.97	483.316
2902.41	486.316
2902.86	458.316
2903.31	456.316
2903.75	470.316
2904.2	463.316
2904.64	487.316
2905.09	473.316
2905.54	482.316
2905.98	437.316
2906.43	449.316
2906.87	488.316
2907.32	480.316
2907.77	471.316
2908.21	492.316
2908.66	448.316
2909.1	478.316
2909.55	522.316
2909.99	477.316
2910.44	476.316
2910.89	464.316
2911.33	464.316
2911.78	468.316
2912.22	455.316
2912.67	481.316
2913.11	492.316
2913.56	471.316
2914	485.316
2914.45	463.316
2914.9	458.316
2915.34	461.316
2915.78	474.316
2916.23	471.316
2916.68	472.316
2917.12	434.316
2917.57	475.316
2918.01	484.316
2918.45	410.316
2918.9	488.316
2919.35	482.316
2919.79	479.316
2920.23	444.316
2920.68	459.316
2921.12	492.316
2921.57	477.316
2922.01	468.316
2922.46	499.316
2922.9	490.316
2923.35	480.316
2923.79	446.316
2924.24	430.316
2924.68	462.316
2925.12	473.316
2925.57	482.316
2926.01	449.316
2926.46	441.316
2926.9	498.316
2927.34	468.316
2927.79	481.316
2928.23	505.316
2928.68	445.316
2929.12	447.316
2929.56	493.316
2930.01	478.316
2930.45	462.316
2930.89	466.316
2931.34	436.316
2931.78	473.316
2932.23	464.316
2932.67	470.316
2933.11	489.316
2933.56	477.316
2934	494.316
2934.44	489.316
2934.89	468.316
2935.33	507.316
2935.77	465.316
2936.22	477.316
2936.66	455.316
2937.1	466.316
2937.55	461.316
2937.99	463.316
2938.43	490.316
2938.88	512.316
2939.32	446.316
2939.76	475.316
2940.2	496.316
2940.65	498.316
2941.09	460.316
2941.53	466.316
2941.97	471.316
2942.42	473.316
2942.86	445.316
2943.3	483.316
2943.75	485.316
2944.19	476.316
2944.63	480.316
2945.07	406.316
2945.52	439.316
2945.96	459.316
2946.4	416.316
2946.84	464.316
2947.28	441.316
2947.73	492.316
2948.17	460.316
2948.61	470.316
2949.05	480.316
2949.49	500.316
2949.94	436.316
2950.38	443.316
2950.82	500.316
2951.26	489.316
2951.7	468.316
2952.15	478.316
2952.59	500.316
2953.03	497.316
2953.47	436.316
2953.91	489.316
2954.35	469.316
2954.8	461.316
2955.24	476.316
2955.68	490.316
2956.12	472.316
2956.56	484.316
2957	477.316
2957.44	495.316
2957.88	478.316
2958.33	471.316
2958.77	436.316
2959.21	462.316
2959.65	478.316
2960.09	496.316
2960.53	493.316
2960.97	504.316
2961.41	482.316
2961.85	475.316
2962.29	468.316
2962.74	450.316
2963.18	466.316
2963.62	489.316
2964.06	456.316
2964.5	482.316
2964.94	453.316
2965.38	468.316
2965.82	466.316
2966.26	457.316
2966.7	497.316
2967.14	472.316
2967.58	473.316
2968.02	489.316
2968.46	502.156
2968.9	463.309
2969.34	484.476
2969.78	473.445
2970.22	482.934
2970.66	499.37
2971.1	458.55
2971.54	470.738
2971.98	433.233
2972.42	472.166
2972.86	455.583
2973.3	454.447
2973.74	458.146
2974.18	472.4
2974.62	471.345
2975.06	454.284
2975.5	472.272
2975.94	463.253
2976.38	456.024
2976.82	483.143
2977.26	469.578
2977.7	475.625
2978.14	454.393
2978.57	454.59
2979.01	467.575
2979.45	466.192
2979.89	487.168
2980.33	473.332
2980.77	469.235
2981.21	468.357
2981.65	489.567
2982.09	458.575
2982.53	448.853
2982.97	500.171
2983.4	481.933
2983.84	495.719
2984.28	499.274
2984.72	478.714
2985.16	491.233
2985.6	485.013
2986.04	481.081
2986.47	506.915
2986.91	468.749
2987.35	454.412
2987.79	460.372
2988.23	471.801
2988.67	471.671
2989.1	496.439
2989.54	465.201
2989.98	482.642
2990.42	497.647
2990.86	458.193
2991.3	493.63
2991.73	468.756
2992.17	443.094
2992.61	493.105
2993.05	480.78
2993.49	475.113
2993.92	469.337
2994.36	447.015
2994.8	464.802
2995.24	443.847
2995.67	477.666
2996.11	489.212
2996.55	472.148
2996.99	458.144
2997.42	487.489
2997.86	457.867
2998.3	473.875
2998.74	479.523
2999.17	478.267
2999.61	472.239
3000.05	475.556
3000.49	475.546
3000.92	486.591
3001.36	454.311
3001.8	465.463
3002.23	480.087
3002.67	446.083
3003.11	470.337
3003.55	493.063
3003.98	452.414
3004.42	459.422
3004.86	482.019
3005.29	470.673
3005.73	459.594
3006.17	454.494
3006.6	483.409
3007.04	490.339
3007.47	497.84
3007.91	488.272
3008.35	476.133
3008.78	484.546
3009.22	453.639
3009.66	464.395
3010.09	478.832
3010.53	465.843
3010.97	466.479
3011.4	467.058
3011.84	464.643
3012.27	499.333
3012.71	481.44
3013.15	477.091
3013.58	486.417
3014.02	483.912
3014.45	485.476
3014.89	479.295
3015.33	456.835
3015.76	507.311
3016.2	448.773
3016.63	462.274
3017.07	484.895
3017.5	479.416
3017.94	481.779
3018.38	481.302
3018.81	476.635
3019.25	495.787
3019.68	484.066
3020.12	452.522
3020.55	480.19
3020.99	486.039
3021.42	474.291
3021.86	486.909
3022.29	494.509
3022.73	483.688
3023.16	508.213
3023.6	526.939
3024.03	499.238
3024.47	513.931
3024.9	468.252
3025.34	488.158
3025.77	491.226
3026.21	485.76
3026.64	478.792
3027.08	450.566
3027.51	463.298
3027.95	499.408
3028.38	476.257
3028.82	481.956
3029.25	471.826
3029.68	469.192
3030.12	485.942
3030.55	491.977
3030.99	492.306
3031.42	500.495
3031.86	487.128
3032.29	467.782
3032.72	496.237
3033.16	489.669
3033.59	502.266
3034.03	452.055
3034.46	479.552
3034.9	478.939
3035.33	500.148
3035.76	449.793
3036.2	450.892
3036.63	445.368
3037.06	464.902
3037.5	449.475
3037.93	475.002
3038.36	488.122
3038.8	482.391
3039.23	492.742
3039.67	495.666
3040.1	485.371
3040.53	488.127
3040.97	467.646
3041.4	497.684
3041.83	449.684
3042.28	395.684
3042.72	475.687
3043.16	476.348
3043.6	469.396
3044.04	469.64
3044.48	470.123
3044.92	469.618
3045.37	476.568
3045.81	476.184
3046.25	431.684
3046.69	457.684
3047.13	453.684
3047.57	472.684
3048.01	448.684
3048.45	488.684
3048.89	461.684
3049.33	446.684
3049.77	462.684
3050.22	433.684
3050.66	483.684
3051.1	496.684
3051.54	492.684
3051.98	492.684
3052.42	481.684
3052.86	485.684
3053.3	536.684
3053.74	467.684
3054.18	465.684
3054.62	496.684
3055.06	472.684
3055.5	501.684
3055.94	503.684
3056.38	491.684
3056.82	508.684
3057.26	491.684
3057.7	496.684
3058.14	486.684
3058.58	475.684
3059.02	474.684
3059.46	491.684
3059.9	488.684
3060.34	447.684
3060.78	476.684
3061.22	480.684
3061.66	491.684
3062.1	465.684
3062.54	463.684
3062.98	470.684
3063.42	470.684
3063.86	509.684
3064.3	459.684
3064.74	475.684
3065.18	516.684
3065.62	474.684
3066.06	483.684
3066.5	500.684
3066.94	488.684
3067.38	488.684
3067.81	467.684
3068.25	462.684
3068.69	503.684
3069.13	480.684
3069.57	498.684
3070.01	464.684
3070.45	506.684
3070.89	512.684
3071.33	474.684
3071.77	476.684
3072.21	502.684
3072.64	463.684
3073.08	517.684
3073.52	466.684
3073.96	473.684
3074.4	501.684
3074.84	487.684
3075.28	504.684
3075.71	513.684
3076.15	474.684
3076.59	519.684
3077.03	457.684
3077.47	432.684
3077.9	469.684
3078.34	483.75
3078.78	448.684
3079.22	452.684
3079.66	465.684
3080.1	496.684
3080.53	475.684
3080.97	506.684
3081.41	483.684
3081.85	466.684
3082.29	478.684
3082.72	497.684
3083.16	495.684
3083.6	474.684
3084.04	515.684
3084.48	483.684
3084.91	515.684
3085.35	474.684
3085.79	501.684
3086.22	457.684
3086.66	473.684
3087.1	469.684
3087.54	466.684
3087.97	453.684
3088.41	491.684
3088.85	500.684
3089.29	488.684
3089.72	478.684
3090.16	467.684
3090.6	494.684
3091.04	445.684
3091.47	500.684
3091.91	503.684
3092.35	480.684
3092.78	494.684
3093.22	496.684
3093.66	480.684
3094.09	524.684
3094.53	509.684
3094.97	496.684
3095.4	481.684
3095.84	526.684
3096.28	503.684
3096.71	481.684
3097.15	466.684
3097.59	477.684
3098.02	438.684
3098.46	487.45
3098.9	480.1
3099.33	480.809
3099.77	480.584
3100.2	481.025
3100.64	481.159
3101.08	480.934
3101.51	481.159
3101.95	459.684
3102.39	451.684
3102.82	486.684
3103.26	516.684
3103.69	480.684
3104.13	474.684
3104.56	504.684
3105	494.684
3105.44	484.684
3105.87	495.684
3106.31	512.684
3106.74	482.684
3107.18	497.684
3107.61	508.684
3108.05	522.684
3108.49	500.684
3108.92	495.684
3109.36	492.684
3109.79	530.684
3110.23	500.684
3110.66	490.684
3111.1	474.684
3111.53	516.684
3111.97	461.684
3112.4	539.684
3112.84	526.684
3113.27	495.684
3113.71	508.684
3114.14	450.684
3114.58	475.684
3115.01	506.684
3115.45	460.684
3115.88	485.684
3116.32	478.684
3116.75	496.684
3117.19	501.684
3117.62	478.684
3118.06	484.684
3118.49	506.684
3118.93	486.684
3119.36	503.684
3119.79	483.684
3120.23	514.684
3120.66	488.684
3121.1	481.684
3121.53	491.684
3121.96	518.684
3122.4	498.684
3122.83	518.684
3123.27	481.684
3123.7	483.684
3124.14	502.684
3124.57	460.684
3125	492.684
3125.44	516.684
3125.87	474.684
3126.31	519.684
3126.74	486.684
3127.17	516.684
3127.61	518.684
3128.04	491.684
3128.47	509.684
3128.91	516.684
3129.34	473.684
3129.78	502.684
3130.21	478.684
3130.64	500.684
3131.07	505.684
3131.51	513.684
3131.94	489.684
3132.38	491.684
3132.81	494.684
3133.24	484.684
3133.68	468.684
3134.11	508.684
3134.54	492.684
3134.97	484.684
3135.41	530.684
3135.84	505.684
3136.27	498.684
3136.71	519.684
3137.14	503.684
3137.57	489.684
3138	495.684
3138.44	485.684
3138.87	492.684
3139.3	508.684
3139.74	484.684
3140.17	508.684
3140.6	509.684
3141.03	483.684
3141.47	540.684
3141.9	476.684
3142.33	530.684
3142.76	509.684
3143.2	492.684
3143.63	522.684
3144.06	490.684
3144.49	466.684
3144.92	523.684
3145.36	512.684
3145.79	515.684
3146.22	491.684
3146.65	486.684
3147.08	490.684
3147.51	495.684
3147.95	522.684
3148.38	503.684
3148.81	513.684
3149.24	521.684
3149.67	492.684
3150.11	508.684
3150.54	543.684
3150.97	488.684
3151.4	470.684
3151.83	512.684
3152.26	522.684
3152.69	498.684
3153.13	499.684
3153.56	518.684
3153.99	503.684
3154.42	516.684
3154.85	522.684
3155.28	497.684
3155.71	502.684
3156.15	515.684
3156.58	486.684
3157.01	476.684
3157.44	526.684
3157.87	497.684
3158.3	494.684
3158.73	508.684
3159.16	504.684
3159.59	516.684
3160.02	520.684
3160.45	498.684
3160.89	537.684
3161.32	486.684
3161.75	534.684
3162.18	506.684
3162.61	494.684
3163.04	505.684
3163.47	487.684
3163.9	511.684
3164.33	532.684
3164.76	487.684
3165.19	516.684
3165.62	490.684
3166.05	488.684
3166.48	475.684
3166.91	487.684
3167.34	531.684
3167.77	523.684
3168.2	531.684
3168.63	519.684
3169.06	488.684
3169.49	480.684
3169.92	513.684
3170.35	490.684
3170.78	525.684
3171.21	526.684
3171.64	525.684
3172.07	495.684
3172.5	509.684
3172.93	508.684
3173.36	527.684
3173.79	522.684
3174.22	513.684
3174.65	483.684
3175.08	495.684
3175.5	492.684
3175.93	509.684
3176.36	486.684
3176.79	500.684
3177.22	500.684
3177.65	503.684
3178.08	520.684
3178.51	545.684
3178.94	529.684
3179.37	515.684
3179.8	520.684
3180.22	496.684
3180.65	520.684
3181.08	519.684
3181.51	500.684
3181.94	536.684
3182.37	558.684
3182.8	511.684
3183.23	524.684
3183.65	518.684
3184.08	522.684
3184.51	529.684
3184.94	514.684
3185.37	482.684
3185.8	524.684
3186.22	506.684
3186.65	525.684
3187.08	520.684
3187.51	530.684
3187.94	531.684
3188.37	521.684
3188.79	519.684
3189.22	508.684
3189.65	501.684
3190.08	538.684
3190.51	514.684
3190.93	534.684
3191.36	522.684
3191.79	529.684
3192.22	534.684
3192.65	572.684
3193.07	548.684
3193.5	558.684
3193.93	504.684
3194.36	487.684
3194.78	541.684
3195.21	526.684
3195.64	528.684
3196.07	521.684
3196.49	492.684
3196.92	516.684
3197.35	531.684
3197.78	510.684
3198.2	549.684
3198.63	512.684
3199.06	511.684
3199.48	512.684
3199.91	481.684
3200.34	512.684
3200.77	527.684
3201.19	498.684
3201.62	546.684
3202.05	508.684
3202.47	548.684
3202.9	534.684
3203.33	533.684
3203.75	535.684
3204.18	532.684
3204.61	524.684
3205.03	510.684
3205.46	498.684
3205.89	528.684
3206.31	518.684
3206.74	520.684
3207.17	537.684
3207.59	533.684
3208.02	513.684
3208.45	538.684
3208.87	501.684
3209.3	523.684
3209.72	550.684
3210.15	478.684
3210.58	539.684
3211	538.684
3211.43	533.684
3211.85	518.684
3212.28	572.684
3212.71	536.684
3213.13	516.684
3213.56	549.684
3213.98	525.684
3214.41	529.684
3214.83	517.684
3215.26	547.684
3215.69	508.684
3216.11	526.684
3216.54	520.684
3216.96	551.684
3217.39	491.684
3217.81	557.684
3218.24	514.684
3218.67	558.684
3219.09	491.684
3219.52	542.684
3219.94	566.684
3220.37	510.684
3220.79	546.684
3221.22	508.684
3221.64	504.684
3222.07	531.684
3222.49	518.684
3222.92	549.684
3223.34	538.684
3223.77	518.684
3224.19	533.684
3224.62	526.684
3225.04	547.684
3225.46	569.684
3225.89	535.684
3226.31	542.684
3226.74	544.684
3227.16	512.684
3227.59	532.684
3228.01	504.684
3228.44	513.684
3228.86	541.684
3229.29	537.684
3229.71	497.684
3230.14	571.684
3230.56	559.684
3230.98	532.684
3231.41	519.684
3231.83	517.684
3232.26	562.684
3232.68	480.684
3233.1	545.684
3233.53	519.684
3233.95	532.684
3234.38	520.684
3234.8	508.684
3235.22	551.684
3235.65	565.684
3236.07	547.684
3236.49	524.684
3236.92	542.684
3237.34	520.684
3237.77	523.684
3238.19	526.684
3238.61	536.684
3239.04	530.684
3239.46	530.684
3239.88	537.684
3240.31	554.684
3240.73	561.684
3241.15	549.684
3241.58	552.684
3242	511.684
3242.42	542.684
3242.84	528.684
3243.27	525.684
3243.69	553.684
3244.12	525.684
3244.54	536.684
3244.96	552.684
3245.38	517.684
3245.81	518.684
3246.23	508.684
3246.65	522.684
3247.07	517.684
3247.5	519.684
3247.92	560.684
3248.34	567.684
3248.77	527.684
3249.19	519.684
3249.61	531.684
3250.03	532.684
3250.46	522.684
3250.88	532.684
3251.3	549.684
3251.72	542.684
3252.15	503.684
3252.57	547.684
3252.99	512.684
3253.41	499.684
3253.83	523.684
3254.25	536.684
3254.68	519.684
3255.1	503.684
3255.52	559.684
3255.94	532.684
3256.37	539.684
3256.79	538.684
3257.21	541.684
3257.63	539.684
3258.05	550.684
3258.47	565.684
3258.9	563.684
3259.32	543.684
3259.74	513.684
3260.16	535.684
3260.58	500.684
3261	543.684
3261.43	572.684
3261.85	502.684
3262.27	516.684
3262.69	556.684
3263.11	574.684
3263.53	556.684
3263.95	528.684
3264.37	528.684
3264.79	535.684
3265.22	547.684
3265.64	545.684
3266.06	556.684
3266.48	537.684
3266.9	573.684
3267.32	548.684
3267.74	552.684
3268.16	536.684
3268.58	550.684
3269	537.684
3269.42	504.684
3269.84	557.684
3270.27	539.684
3270.69	522.684
3271.11	564.684
3271.53	542.684
3271.95	545.684
3272.37	540.684
3272.79	523.684
3273.21	535.684
3273.63	554.684
3274.05	529.684
3274.47	482.684
3274.89	525.684
3275.31	529.684
3275.73	532.684
3276.15	538.684
3276.57	508.684
3276.99	550.684
3277.41	529.684
3277.83	575.684
3278.25	564.684
3278.67	545.684
3279.09	512.684
3279.51	521.684
3279.93	526.684
3280.35	548.684
3280.77	532.684
3281.19	521.684
3281.61	552.684
3282.03	537.684
3282.45	560.684
3282.86	542.684
3283.29	550.684
3283.7	512.684
3284.12	511.684
3284.54	535.684
3284.96	546.684
3285.38	496.684
3285.8	560.684
3286.22	532.684
3286.64	547.684
3287.06	586.684
3287.48	578.684
3287.9	548.684
3288.31	541.684
3288.73	550.684
3289.15	534.684
3289.57	569.684
3289.99	512.684
3290.41	537.684
3290.83	522.684
3291.25	521.684
3291.66	556.684
3292.08	518.684
3292.5	539.684
3292.92	518.805
3293.34	527.903
3293.76	559.644
3294.18	552.764
3294.59	543.139
3295.01	563.917
3295.43	566.65
3295.85	568.442
3296.27	528.115
3296.68	532.997
3297.1	540.331
3297.52	539.18
3297.94	519.468
3298.36	549.533
3298.77	537.93
3299.19	551.32
3299.61	555.348
3300.03	531.45
3300.45	563.507
3300.86	533.177
3301.28	550.384
3301.7	580.859
3302.12	536.98
3302.53	532.974
3302.95	534.655
3303.37	544.783
3303.79	525.02
3304.2	562.503
3304.62	553.161
3305.04	563.289
3305.46	544.765
3305.87	566.016
3306.29	567.116
3306.71	546.11
3307.12	578.518
3307.54	551.413
3307.96	550.973
3308.38	548.062
3308.79	569.88
3309.21	576.249
3309.63	570.363
3310.04	540.586
3310.46	550.933
3310.88	570.886
3311.29	562.423
3311.71	541.167
3312.13	579.979
3312.54	584.275
3312.96	552.215
3313.38	546.53
3313.79	536.167
3314.21	527.064
3314.63	542.816
3315.04	561.554
3315.46	541.612
3315.88	555.668
3316.29	534.678
3316.71	553.284
3317.13	560.864
3317.54	560.325
3317.96	565.421
3318.37	553.024
3318.79	558.344
3319.21	561.519
3319.62	567.487
3320.04	539.382
3320.45	572.011
3320.87	551.572
3321.29	572.999
3321.7	566.676
3322.12	581.426
3322.53	564.058
3322.95	554.205
3323.37	554.378
3323.78	563.913
3324.2	556.532
3324.61	577.241
3325.03	544.682
3325.44	548.096
3325.86	559.848
3326.27	573.099
3326.69	532.411
3327.1	557.11
3327.52	522.108
3327.94	546.201
3328.35	548.366
3328.76	585.821
3329.18	575.655
3329.6	537.404
3330.01	576.856
3330.43	575.9
3330.84	595.825
3331.26	573.383
3331.67	557.92
3332.08	542.01
3332.5	552.373
3332.92	568.024
3333.33	561.66
3333.74	546.878
3334.16	561.816
3334.57	569.702
3334.99	569.203
3335.4	571.787
3335.82	585.833
3336.23	568.006
3336.65	570.112
3337.06	563.547
3337.48	559.048
3337.89	573.341
3338.3	574.07
3338.72	586.441
3339.13	572.924
3339.55	579.869
3339.96	576.397
3340.37	584.768
3340.79	556.422
3341.2	566.532
3341.62	558.243
3342.03	570.095
3342.44	608.977
3342.86	591.852
3343.27	594.797
3343.69	577.877
3344.1	583.741
3344.51	593.738
3344.93	566.8
3345.34	578.995
3345.75	588.62
3346.17	587.625
3346.58	582.88
3346.99	562.725
3347.41	582.279
3347.82	596.019
3348.23	543.353
3348.65	567.888
3349.06	568.016
3349.47	585.518
3349.89	586.09
3350.3	564.566
3350.71	598.605
3351.13	595.39
3351.54	575.899
3351.95	599.669
3352.37	593.767
3352.78	595.411
3353.19	584.886
3353.6	610.444
3354.02	574.236
3354.43	575.611
3354.84	589.915
3355.26	583.748
3355.67	566
3356.08	574.378
3356.49	573.637
3356.91	549.134
3357.32	552.048
3357.73	575.712
3358.14	606.353
3358.56	570.914
3358.97	583.657
3359.38	590.304
3359.79	589.16
3360.21	590.947
3360.62	592.42
3361.03	581.286
3361.44	591.397
3361.85	550.318
3362.27	574.014
3362.68	557.064
3363.09	589.501
3363.5	590.104
3363.91	587.218
3364.33	588.181
3364.74	585.83
3365.15	586.288
3365.56	589.572
3365.97	593.339
3366.38	593.139
3366.8	547.098
3367.21	561.329
3367.62	607.344
3368.03	590.491
3368.44	609.473
3368.85	584.453
3369.26	602.17
3369.68	560.689
3370.09	575.666
3370.5	594.798
3370.91	598.753
3371.32	611.243
3371.73	611.023
3372.14	606.504
3372.55	619.543
3372.97	586.71
3373.38	608.415
3373.79	604.478
3374.2	590.054
3374.61	598.112
3375.02	598.3
3375.43	622.466
3375.84	618.831
3376.25	613.575
3376.66	598.006
3377.07	633.75
3377.48	604.069
3377.89	627.201
3378.31	633.206
3378.72	610.918
3379.13	612.356
3379.54	606.453
3379.95	606.115
3380.36	619.219
3380.77	593.958
3381.18	614.174
3381.59	615.829
3382	585.435
3382.41	599.011
3382.82	625.401
3383.23	608.253
3383.64	615.911
3384.05	652.939
3384.46	600.452
3384.87	620.248
3385.28	601.186
3385.69	626.651
3386.1	583.204
3386.51	593.803
3386.92	618.013
3387.33	614.664
3387.74	612.927
3388.15	633.469
3388.56	606.191
3388.97	634.517
3389.38	643.366
3389.78	640.169
3390.19	628.04
3390.6	644.747
3391.01	648.252
3391.42	635.202
3391.83	639.711
3392.24	640.044
3392.65	587.602
3393.06	592.648
3393.47	663.911
3393.88	663.722
3394.29	620.503
3394.7	615.113
3395.11	597.842
3395.51	624.709
3395.92	634.375
3396.33	577.664
3396.74	590.759
3397.15	559.458
3397.56	550.68
3397.97	581.7
3398.38	572.526
3398.78	590.606
3399.19	636.462
3399.6	620.255
3400.01	649.04
3400.42	614.246
3400.83	630.662
3401.23	672.175
3401.64	639.479
3402.05	671.872
3402.46	654.982
3402.87	614.685
3403.28	667.679
3403.68	616.874
3404.09	588.092
3404.49	592.092
3404.91	584.092
3405.32	632.092
3405.74	622.092
3406.15	656.092
3406.57	662.092
3406.98	650.092
3407.4	638.092
3407.81	640.092
3408.23	671.092
3408.64	641.092
3409.06	602.092
3409.47	680.092
3409.89	661.092
3410.3	650.092
3410.72	638.092
3411.13	642.092
3411.55	669.092
3411.96	669.092
3412.37	640.092
3412.79	679.092
3413.2	657.092
3413.62	645.092
3414.03	644.092
3414.45	663.092
3414.86	650.092
3415.28	616.092
3415.69	570.092
3416.1	644
3416.52	644.836
3416.93	639.375
3417.35	639.917
3417.76	639.799
3418.17	640.235
3418.59	646.574
3419	646.965
3419.42	592.092
3419.83	612.092
3420.24	629.092
3420.66	677.092
3421.07	695.092
3421.49	652.092
3421.9	675.092
3422.31	643.092
3422.73	630.092
3423.14	687.092
3423.55	655.092
3423.97	682.092
3424.38	629.092
3424.79	658.092
3425.21	680.092
3425.62	670.092
3426.03	687.092
3426.45	678.092
3426.86	665.092
3427.27	654.092
3427.69	668.092
3428.1	704.092
3428.51	680.092
3428.93	711.092
3429.34	637.092
3429.75	718.092
3430.16	645.092
3430.58	668.092
3430.99	611.092
3431.4	624.092
3431.82	682.092
3432.23	632.092
3432.64	669.092
3433.05	636.092
3433.47	700.092
3433.88	668.092
3434.29	642.092
3434.7	637.092
3435.12	674.092
3435.53	701.092
3435.94	715.092
3436.35	675.092
3436.77	630.092
3437.18	690.092
3437.59	722.092
3438	646.092
3438.42	696.092
3438.83	678.092
3439.24	676.092
3439.65	688.092
3440.06	682.092
3440.48	695.092
3440.89	665.092
3441.3	695.092
3441.71	667.092
3442.12	687.092
3442.53	672.092
3442.95	721.092
3443.36	690.092
3443.77	707.092
3444.18	661.092
3444.59	710.092
3445	659.092
3445.42	709.092
3445.83	698.092
3446.24	702.092
3446.65	695.092
3447.06	689.092
3447.47	699.092
3447.88	700.092
3448.3	698.092
3448.71	698.092
3449.12	711.092
3449.53	695.092
3449.94	697.092
3450.35	677.092
3450.76	699.092
3451.17	719.092
3451.58	711.092
3452	719.092
3452.41	707.092
3452.82	710.092
3453.23	721.092
3453.64	683.092
3454.05	711.092
3454.46	730.092
3454.87	710.092
3455.28	676.092
3455.69	714.092
3456.1	698.092
3456.51	705.092
3456.92	727.092
3457.33	713.092
3457.74	646.092
3458.15	768.092
3458.57	711.092
3458.98	694.092
3459.39	717.092
3459.8	705.092
3460.21	702.092
3460.62	694.092
3461.03	724.092
3461.44	702.092
3461.85	710.092
3462.26	708.092
3462.67	735.092
3463.08	725.092
3463.49	737.092
3463.9	724.092
3464.31	726.092
3464.72	732.092
3465.13	724.092
3465.53	724.092
3465.95	698.092
3466.35	759.092
3466.76	724.092
3467.17	744.092
3467.58	727.092
3467.99	762.092
3468.4	702.092
3468.81	719.092
3469.22	748.092
3469.63	750.092
3470.04	698.092
3470.45	746.092
3470.86	730.092
3471.27	707.092
3471.68	750.092
3472.09	711.092
3472.49	721.092
3472.9	721.092
3473.31	733.092
3473.72	730.092
3474.13	751.092
3474.54	759.092
3474.95	719.092
3475.36	768.092
3475.77	729.092
3476.17	735.092
3476.58	763.092
3476.99	727.092
3477.4	727.092
3477.81	740.092
3478.22	762.092
3478.63	769.092
3479.03	734.092
3479.44	716.092
3479.85	760.092
3480.26	808.092
3480.67	753.092
3481.08	719.092
3481.48	751.092
3481.89	763.092
3482.3	771.092
3482.71	705.092
3483.12	770.092
3483.53	777.092
3483.93	749.092
3484.34	729.092
3484.75	823.092
3485.16	797.092
3485.56	781.092
3485.97	779.092
3486.38	760.092
3486.79	758.092
3487.2	758.092
3487.6	783.092
3488.01	725.092
3488.42	790.092
3488.83	738.092
3489.23	729.092
3489.64	796.092
3490.05	810.092
3490.46	756.092
3490.86	788.092
3491.27	803.092
3491.68	779.092
3492.09	757.092
3492.49	807.092
3492.9	823.092
3493.31	765.092
3493.71	780.092
3494.12	800.092
3494.53	768.092
3494.94	780.092
3495.34	796.092
3495.75	797.092
3496.16	785.092
3496.56	771.092
3496.97	789.092
3497.38	814.092
3497.78	809.092
3498.19	761.092
3498.6	788.092
3499	788.092
3499.41	771.092
3499.82	778.092
3500.22	795.092
3500.63	755.092
3501.04	800.092
3501.44	824.092
3501.85	802.092
3502.26	773.092
3502.66	788.092
3503.07	776.092
3503.47	803.092
3503.88	738.092
3504.29	815.092
3504.69	814.092
3505.1	788.092
3505.51	790.092
3505.91	814.092
3506.32	786.092
3506.72	769.092
3507.13	800.092
3507.54	820.092
3507.94	799.092
3508.35	834.092
3508.75	802.092
3509.16	795.092
3509.56	851.092
3509.97	832.092
3510.37	800.092
3510.78	800.092
3511.19	798.092
3511.59	791.092
3512	825.092
3512.4	782.092
3512.81	834.092
3513.21	811.092
3513.62	818.092
3514.02	806.092
3514.43	850.092
3514.83	801.092
3515.24	810.092
3515.64	791.092
3516.05	811.092
3516.46	795.092
3516.86	794.092
3517.26	849.092
3517.67	819.092
3518.07	835.092
3518.48	835.092
3518.88	839.092
3519.29	799.092
3519.69	829.092
3520.1	825.092
3520.5	839.092
3520.91	854.092
3521.31	847.092
3521.72	786.092
3522.12	784.092
3522.53	828.092
3522.93	815.092
3523.33	793.092
3523.74	863.092
3524.14	808.092
3524.55	804.092
3524.95	823.092
3525.36	828.092
3525.76	830.092
3526.17	819.092
3526.57	823.092
3526.97	879.092
3527.38	852.092
3527.78	855.092
3528.19	818.092
3528.59	847.092
3528.99	781.092
3529.4	844.092
3529.8	806.092
3530.2	830.092
3530.61	814.092
3531.01	821.092
3531.42	821.092
3531.82	829.092
3532.22	858.092
3532.63	884.092
3533.03	845.092
3533.43	837.092
3533.84	822.092
3534.24	885.092
3534.64	852.092
3535.05	807.092
3535.45	838.092
3535.85	872.092
3536.26	885.092
3536.66	868.092
3537.06	864.092
3537.47	894.092
3537.87	865.092
3538.27	834.092
3538.68	870.092
3539.08	845.092
3539.48	846.092
3539.89	897.092
3540.29	857.092
3540.69	801.092
3541.09	877.092
3541.5	825.092
3541.9	842.092
3542.3	843.092
3542.7	864.092
3543.11	865.092
3543.51	860.092
3543.91	875.092
3544.31	859.092
3544.72	834.092
3545.12	843.092
3545.52	880.092
3545.92	879.092
3546.33	888.092
3546.73	867.092
3547.13	841.092
3547.53	867.092
3547.94	875.092
3548.34	849.092
3548.74	892.092
3549.14	847.092
3549.54	879.092
3549.95	856.092
3550.35	868.092
3550.75	859.092
3551.15	870.092
3551.55	926.092
3551.96	906.092
3552.36	879.092
3552.76	849.092
3553.16	846.092
3553.56	806.092
3553.96	825.092
3554.36	870.092
3554.77	852.092
3555.17	888.092
3555.57	844.092
3555.97	859.092
3556.37	877.092
3556.77	911.092
3557.17	839.092
3557.58	837.092
3557.98	850.092
3558.38	877.092
3558.78	880.092
3559.18	843.092
3559.58	825.092
3559.98	841.092
3560.38	872.092
3560.79	849.092
3561.19	855.092
3561.59	839.092
3561.99	858.092
3562.39	881.092
3562.79	855.092
3563.19	813.092
3563.59	877.092
3563.99	858.092
3564.39	862.092
3564.79	885.092
3565.19	866.092
3565.59	838.092
3565.99	854.092
3566.39	834.092
3566.8	848.092
3567.2	866.092
3567.6	838.092
3568	822.092
3568.4	853.092
3568.8	880.092
3569.2	829.092
3569.6	842.092
3570	833.092
3570.4	874.092
3570.8	875.092
3571.2	845.092
3571.6	860.092
3572	851.092
3572.4	866.092
3572.8	858.092
3573.2	860.092
3573.6	857.092
3574	815.092
3574.4	863.092
3574.8	847.092
3575.2	834.092
3575.6	860.092
3576	800.092
3576.4	850.092
3576.79	810.092
3577.19	852.092
3577.59	847.092
3577.99	860.092
3578.39	837.092
3578.79	833.092
3579.19	843.092
3579.59	839.092
3579.99	882.092
3580.39	890.092
3580.79	844.092
3581.19	813.092
3581.59	856.092
3581.99	782.092
3582.38	866.092
3582.78	834.092
3583.18	794.092
3583.58	799.092
3583.98	807.092
3584.38	811.092
3584.78	849.092
3585.18	832.092
3585.57	847.092
3585.97	839.092
3586.37	792.092
3586.77	844.092
3587.17	832.092
3587.57	836.092
3587.97	844.092
3588.36	777.092
3588.76	823.092
3589.16	811.092
3589.56	795.092
3589.96	800.092
3590.36	800.092
3590.75	822.092
3591.15	853.092
3591.55	813.092
3591.95	799.092
3592.35	794.092
3592.74	810.092
3593.14	839.092
3593.54	804.092
3593.94	818.092
3594.34	807.092
3594.73	829.092
3595.13	812.092
3595.53	784.092
3595.93	806.092
3596.33	809.092
3596.72	785.092
3597.12	803.092
3597.52	793.092
3597.92	797.092
3598.31	746.092
3598.71	769.092
3599.11	779.092
3599.51	793.092
3599.9	796.092
3600.3	818.092
3600.7	800.092
3601.1	705.092
3601.49	779.092
3601.89	751.092
3602.29	743.092
3602.69	800.092
3603.08	801.092
3603.48	800.092
3603.88	775.092
3604.27	759.092
3604.67	751.092
3605.07	772.092
3605.46	748.092
3605.86	722.092
3606.26	782.092
3606.65	783.092
3607.05	798.092
3607.45	794.092
3607.84	787.092
3608.24	814.092
3608.64	755.092
3609.03	785.912
3609.43	739.389
3609.83	728.869
3610.22	708.685
3610.62	727.732
3611.02	738.815
3611.41	739.308
3611.81	701.926
3612.2	723.551
3612.6	729.995
3613	753.718
3613.39	753.899
3613.79	728.177
3614.19	750.73
3614.58	722.615
3614.98	721.937
3615.37	709.199
3615.77	680.978
3616.16	739.062
3616.56	740.064
3616.96	726.844
3617.35	719.324
3617.75	695.711
3618.14	717.997
3618.54	711.785
3618.93	688.998
3619.33	699.875
3619.73	706.667
3620.12	658.746
3620.52	660.072
3620.91	607.35
3621.31	659.539
3621.7	670.173
3622.1	671.276
3622.49	712.162
3622.89	710.743
3623.28	651.268
3623.68	673.108
3624.08	686.24
3624.47	661.963
3624.87	655.225
3625.26	634.459
3625.66	673.82
3626.05	676.456
3626.45	661.768
3626.84	683.019
3627.23	693.736
3627.63	679.824
3628.02	684.96
3628.42	660.614
3628.81	639.394
3629.21	677.342
3629.6	684.457
3630	660.006
3630.39	636.667
3630.79	666.768
3631.18	656.002
3631.58	665.551
3631.97	657.419
3632.37	626.61
3632.76	611.651
3633.15	656.487
3633.55	627.101
3633.94	615.304
3634.34	625.715
3634.73	623.783
3635.13	605.178
3635.52	629.362
3635.91	637.865
3636.31	634.604
3636.7	612.979
3637.1	609.951
3637.49	616.597
3637.88	630.237
3638.28	626.687
3638.67	626.115
3639.06	607.146
3639.46	592.986
3639.85	622.292
3640.25	594.655
3640.64	616.963
3641.03	621.093
3641.43	603.294
3641.82	565.282
3642.21	587.509
3642.61	578.686
3643	543.611
3643.39	582.517
3643.79	606.726
3644.18	598.443
3644.57	573.611
3644.97	583.502
3645.36	563.94
3645.75	562.614
3646.15	571.271
3646.54	596.099
3646.93	549.733
3647.33	540.225
3647.72	574.313
3648.11	573.755
3648.5	557.454
3648.9	544.574
3649.29	552.342
3649.68	575.34
3650.08	575.083
3650.47	571.993
3650.86	554.655
3651.25	548.321
3651.65	561.858
3652.04	564.067
3652.43	530.823
3652.82	545.319
3653.22	560.702
3653.61	562.154
3654	552.832
3654.39	536.997
3654.79	532.708
3655.18	533.378
3655.57	524.17
3655.96	541.573
3656.36	524.385
3656.75	518.489
3657.14	521.33
3657.53	515.952
3657.92	524.922
3658.32	536.446
3658.71	495.319
3659.1	528.921
3659.49	511.725
3659.88	524.051
3660.27	509.252
3660.67	503.838
3661.06	521.864
3661.45	522.879
3661.84	500.112
3662.23	483.981
3662.62	523.267
3663.02	510.881
3663.41	501.543
3663.8	496.736
3664.19	490.467
3664.58	491.388
3664.97	495.937
3665.36	472.81
3665.76	498.347
3666.15	475.184
3666.54	486
3666.93	498.476
3667.32	486.636
3667.71	490.157
3668.1	458.989
3668.49	487.348
3668.88	490.925
3669.28	472.831
3669.67	475.691
3670.06	479.201
3670.45	490.661
3670.84	477.017
3671.23	456.564
3671.62	488.362
3672.01	472.231
3672.4	484.48
3672.79	462.525
3673.18	448.226
3673.57	493.913
3673.96	476.818
3674.36	482.817
3674.75	466.566
3675.14	454.226
3675.53	417.379
3675.92	470.274
3676.31	464.215
3676.7	463.022
3677.09	461.976
3677.48	460.684
3677.87	459.467
3678.26	463.222
3678.65	461.897
3679.04	420.34
3679.43	471.873
3679.82	451.885
3680.21	464.38
3680.6	452.785
3680.99	433.544
3681.38	439.14
3681.77	436.845
3682.16	427.786
3682.55	451.016
3682.94	443.055
3683.33	445.5
3683.72	452.434
3684.11	445.297
3684.5	468.022
3684.89	458.314
3685.27	460.782
3685.66	478.742
3686.05	442.447
3686.44	428.866
3686.83	441.765
3687.22	428.505
3687.61	460.311
3688	453.758
3688.39	436.953
3688.78	438.966
3689.17	451.539
3689.56	442.894
3689.95	443.115
3690.33	440.662
3690.72	427.32
3691.11	431.978
3691.5	423.274
3691.89	431.965
3692.28	435.503
3692.67	416.019
3693.06	415.852
3693.45	415.016
3693.83	402.877
3694.22	443.118
3694.61	431.044
3695	397.091
3695.39	420.7
3695.78	427.865
3696.17	420.317
3696.55	426.408
3696.94	393.038
3697.33	419.105
3697.72	410.8
3698.11	424.904
3698.5	428.862
3698.88	394.419
3699.27	409.559
3699.66	431.444
3700.05	389.73
3700.44	410.599
3700.82	431.208
3701.21	422.822
3701.6	441.578
3701.99	386.163
3702.38	410.36
3702.76	427.654
3703.15	392.486
3703.54	405.019
3703.93	425.876
3704.32	396.825
3704.7	398.719
3705.09	408.446
3705.48	423.456
3705.87	413.625
3706.25	400.696
3706.52	379.696
3706.92	356.696
3707.31	378.696
3707.71	374.696
3708.1	341.696
3708.5	377.696
3708.89	375.696
3709.29	398.696
3709.68	390.696
3710.07	397.696
3710.47	414.696
3710.86	380.696
3711.26	367.696
3711.65	405.696
3712.05	395.696
3712.44	408.696
3712.83	407.696
3713.23	430.696
3713.62	412.696
3714.02	392.696
3714.41	376.696
3714.8	388.696
3715.2	357.696
3715.59	384.696
3715.99	380.696
3716.38	368.696
3716.77	403.696
3717.17	406.696
3717.56	411.696
3717.95	397.696
3718.35	406.696
3718.74	412.696
3719.14	388.696
3719.53	405.696
3719.92	399.696
3720.32	409.696
3720.71	391.696
3721.1	410.696
3721.5	387.696
3721.89	388.696
3722.28	402.696
3722.68	369.696
3723.07	393.696
3723.46	404.696
3723.85	388.696
3724.25	406.696
3724.64	386.696
3725.03	386.388
3725.43	386.054
3725.82	385.913
3726.21	385.9
3726.61	383.639
3727	383.445
3727.39	383.001
3727.78	385.15
3728.18	384.606
3728.57	384.237
3728.96	339.696
3729.35	356.696
3729.75	376.696
3730.14	370.696
3730.53	422.696
3730.92	365.696
3731.32	398.696
3731.71	401.696
3732.1	385.696
3732.49	389.696
3732.89	379.696
3733.28	360.696
3733.67	401.696
3734.06	384.696
3734.46	399.696
3734.85	394.696
3735.24	382.696
3735.63	406.696
3736.02	409.696
3736.42	385.696
3736.81	405.696
3737.2	378.696
3737.59	370.696
3737.98	391.696
3738.38	370.696
3738.77	415.696
3739.16	386.696
3739.55	359.696
3739.94	383.696
3740.33	371.696
3740.73	363.696
3741.12	372.696
3741.51	370.696
3741.9	396.696
3742.29	339.696
3742.68	367.696
3743.07	378.696
3743.47	350.696
3743.86	376.696
3744.25	380.696
3744.64	380.696
3745.03	396.696
3745.42	376.696
3745.81	386.696
3746.2	414.696
3746.6	360.696
3746.99	366.696
3747.38	359.696
3747.77	349.696
3748.16	383.696
3748.55	376.696
3748.94	377.696
3749.33	376.696
3749.72	373.696
3750.11	394.696
3750.5	377.696
3750.9	362.696
3751.29	423.696
3751.68	364.696
3752.07	373.696
3752.46	403.696
3752.85	406.696
3753.24	386.696
3753.63	377.696
3754.02	360.696
3754.41	384.696
3754.8	371.696
3755.19	399.696
3755.58	407.696
3755.97	386.696
3756.36	375.696
3756.75	362.696
3757.14	387.696
3757.53	372.696
3757.92	363.696
3758.31	356.696
3758.7	377.696
3759.09	354.696
3759.48	376.696
3759.87	363.696
3760.26	372.696
3760.65	390.696
3761.04	326.696
3761.43	350.696
3761.82	372.696
3762.21	380.696
3762.6	381.696
3762.99	364.696
3763.38	371.696
3763.77	428.696
3764.16	372.696
3764.55	359.696
3764.94	390.696
3765.33	395.696
3765.72	378.696
3766.1	340.696
3766.49	380.696
3766.88	393.696
3767.27	367.696
3767.66	356.696
3768.05	364.696
3768.44	357.696
3768.83	399.696
3769.22	394.696
3769.61	377.696
3770	377.696
3770.39	371.696
3770.77	369.696
3771.16	367.696
3771.55	367.696
3771.94	367.696
3772.33	378.696
3772.72	385.696
3773.11	376.696
3773.5	380.696
3773.88	345.696
3774.27	380.696
3774.66	396.696
3775.05	394.696
3775.44	364.696
3775.83	380.696
3776.21	356.696
3776.6	380.696
3776.99	354.696
3777.38	363.696
3777.77	377.696
3778.16	371.696
3778.54	399.696
3778.93	372.696
3779.32	363.696
3779.71	394.696
3780.1	392.696
3780.48	381.696
3780.87	382.696
3781.26	360.696
3781.65	375.696
3782.04	369.696
3782.42	352.696
3782.81	352.696
3783.2	375.696
3783.59	350.696
3783.98	359.696
3784.36	403.696
3784.75	372.696
3785.14	356.696
3785.53	363.696
3785.91	359.696
3786.3	376.696
3786.69	362.696
3787.08	352.696
3787.46	360.696
3787.85	385.696
3788.24	389.696
3788.62	348.696
3789.01	349.696
3789.4	330.696
3789.79	352.696
3790.17	365.696
3790.56	376.696
3790.95	355.696
3791.33	376.696
3791.72	382.696
3792.11	332.696
3792.49	394.696
3792.88	379.696
3793.27	379.696
3793.66	391.696
3794.04	355.696
3794.43	364.696
3794.82	362.696
3795.2	353.696
3795.59	351.696
3795.98	370.696
3796.36	372.696
3796.75	367.696
3797.13	354.696
3797.52	365.696
3797.91	357.696
3798.29	357.696
3798.68	347.696
3799.07	362.696
3799.45	357.696
3799.84	361.696
3800.23	364.696
3800.61	395.696
3801	370.696
3801.38	374.696
3801.77	327.696
3802.16	342.696
3802.54	376.696
3802.93	378.696
3803.31	361.696
3803.7	343.696
3804.09	362.696
3804.47	322.696
3804.86	391.696
3805.24	368.696
3805.63	369.696
3806.02	398.696
3806.4	342.696
3806.79	354.696
3807.17	362.696
3807.56	397.696
3807.94	367.696
3808.33	366.696
3808.71	363.696
3809.1	372.696
3809.49	343.696
3809.87	366.696
3810.26	345.696
3810.64	352.696
3811.03	384.696
3811.41	344.696
3811.8	367.696
3812.18	376.696
3812.57	363.696
3812.95	387.696
3813.34	358.696
3813.72	372.696
3814.11	393.696
3814.49	341.696
3814.88	357.696
3815.26	378.696
3815.65	380.696
3816.03	366.696
3816.42	377.696
3816.8	372.696
3817.18	354.696
3817.57	377.696
3817.95	344.696
3818.34	342.696
3818.72	373.696
3819.11	360.696
3819.49	368.696
3819.88	352.696
3820.26	360.696
3820.65	343.696
3821.03	364.696
3821.41	382.696
3821.8	360.696
3822.18	377.696
3822.57	346.696
3822.95	380.696
3823.33	370.696
3823.72	327.696
3824.1	358.696
3824.49	378.696
3824.87	353.696
3825.26	352.696
3825.64	369.696
3826.02	350.696
3826.41	366.696
3826.79	352.696
3827.18	353.696
3827.56	391.696
3827.94	370.696
3828.33	372.696
3828.71	371.696
3829.09	361.696
3829.48	395.696
3829.86	331.696
3830.24	362.696
3830.63	388.696
3831.01	362.696
3831.39	367.696
3831.78	346.696
3832.16	372.696
3832.54	346.696
3832.93	338.696
3833.31	368.696
3833.69	355.696
3834.08	349.696
3834.46	366.696
3834.84	329.696
3835.23	370.696
3835.61	369.696
3835.99	331.696
3836.38	362.696
3836.76	354.696
3837.14	348.696
3837.52	365.696
3837.91	339.696
3838.29	360.696
3838.67	349.696
3839.05	376.696
3839.44	392.696
3839.82	373.696
3840.2	371.696
3840.58	372.696
3840.97	359.696
3841.35	344.696
3841.73	353.696
3842.11	370.696
3842.5	374.696
3842.88	350.696
3843.26	362.696
3843.64	354.696
3844.03	359.696
3844.41	366.696
3844.79	362.696
3845.17	356.696
3845.55	360.696
3845.94	342.696
3846.32	362.696
3846.7	359.696
3847.08	349.696
3847.46	336.696
3847.85	364.696
3848.23	350.696
3848.61	359.696
3848.99	337.696
3849.37	325.696
3849.75	355.696
3850.14	355.696
3850.52	369.696
3850.9	395.696
3851.28	330.696
3851.66	359.696
3852.04	349.696
3852.43	356.696
3852.81	356.696
3853.19	354.696
3853.57	385.696
3853.95	364.696
3854.33	367.696
3854.71	336.696
3855.1	369.696
3855.48	345.696
3855.86	364.696
3856.24	344.696
3856.62	379.696
3857	348.696
3857.38	358.696
3857.76	367.696
3858.14	358.696
3858.53	342.696
3858.91	377.696
3859.29	383.696
3859.67	376.696
3860.05	352.696
3860.43	357.696
3860.81	369.696
3861.19	352.696
3861.57	367.696
3861.95	337.696
3862.33	335.696
3862.71	357.696
3863.09	330.696
3863.47	351.696
3863.85	392.696
3864.23	357.696
3864.62	362.696
3865	346.696
3865.38	328.696
3865.76	368.696
3866.14	334.696
3866.52	380.696
3866.9	357.696
3867.28	338.696
3867.66	354.696
3868.04	356.696
3868.42	365.696
3868.8	372.696
3869.18	336.696
3869.56	339.696
3869.94	369.696
3870.32	348.696
3870.7	344.696
3871.08	349.696
3871.46	356.696
3871.83	359.696
3872.21	324.696
3872.59	361.696
3872.97	361.696
3873.35	338.696
3873.73	376.696
3874.11	353.696
3874.49	367.696
3874.87	341.696
3875.25	319.696
3875.63	343.696
3876.01	352.696
3876.39	358.696
3876.77	328.696
3877.15	348.696
3877.53	368.696
3877.91	367.696
3878.28	342.696
3878.66	382.696
3879.04	357.696
3879.42	354.696
3879.8	350.696
3880.18	370.696
3880.56	362.696
3880.94	343.696
3881.32	352.696
3881.69	359.696
3882.07	356.696
3882.45	324.696
3882.83	339.696
3883.21	348.696
3883.59	342.696
3883.97	354.696
3884.35	329.696
3884.72	339.696
3885.1	366.696
3885.48	330.696
3885.86	341.696
3886.24	379.696
3886.62	371.696
3886.99	366.696
3887.37	368.696
3887.75	352.696
3888.13	373.696
3888.51	338.696
3888.89	369.696
3889.26	358.696
3889.64	351.696
3890.02	361.696
3890.4	347.696
3890.78	333.696
3891.15	360.696
3891.53	362.696
3891.91	362.696
3892.29	343.696
3892.66	340.696
3893.04	348.696
3893.42	328.696
3893.8	351.696
3894.18	359.696
3894.55	363.696
3894.93	363.696
3895.31	332.696
3895.69	344.696
3896.06	359.696
3896.44	345.696
3896.82	367.696
3897.2	366.696
3897.57	356.696
3897.95	371.696
3898.33	346.696
3898.7	350.696
3899.08	382.696
3899.46	321.696
3899.84	344.696
3900.21	347.696
3900.59	341.696
3900.97	402.696
3901.34	382.696
3901.72	378.696
3902.1	349.696
3902.48	348.696
3902.85	338.696
3903.23	324.696
3903.61	343.696
3903.98	355.696
3904.36	339.696
3904.74	344.696
3905.11	354.696
3905.49	319.696
3905.87	354.696
3906.24	350.696
3906.62	343.696
3906.99	379.696
3907.37	354.696
3907.75	357.696
3908.12	357.696
3908.5	352.696
3908.88	362.696
3909.25	344.696
3909.63	345.696
3910.01	367.696
3910.38	351.696
3910.76	334.696
3911.13	365.696
3911.51	352.696
3911.89	355.696
3912.26	359.696
3912.64	354.696
3913.01	366.696
3913.39	327.696
3913.77	332.696
3914.14	354.696
3914.52	342.696
3914.89	368.696
3915.27	340.696
3915.65	344.696
3916.02	357.696
3916.4	356.696
3916.77	340.696
3917.15	375.696
3917.52	346.696
3917.9	356.696
3918.27	326.696
3918.65	330.696
3919.02	355.696
3919.4	322.696
3919.77	323.696
3920.15	323.696
3920.53	330.696
3920.9	310.696
3921.28	336.696
3921.65	347.696
3922.03	352.696
3922.4	336.696
3922.78	320.696
3923.15	346.696
3923.53	318.696
3923.9	355.696
3924.28	328.696
3924.65	321.696
3925.03	367.696
3925.4	341.696
3925.77	340.696
3926.15	340.696
3926.52	341.696
3926.9	333.696
3927.27	351.696
3927.65	342.696
3928.02	363.696
3928.4	333.696
3928.77	343.696
3929.15	350.696
3929.52	355.696
3929.89	336.696
3930.27	331.696
3930.64	364.696
3931.02	322.696
3931.39	321.696
3931.77	341.696
3932.14	337.696
3932.51	355.696
3932.89	358.696
3933.26	358.696
3933.64	330.696
3934.01	364.696
3934.38	353.696
3934.76	312.696
3935.13	341.696
3935.51	341.696
3935.88	327.696
3936.25	344.696
3936.63	317.696
3937	347.696
3937.38	328.696
3937.75	358.696
3938.12	327.696
3938.5	307.696
3938.87	351.696
3939.24	359.696
3939.62	326.696
3939.99	355.696
3940.36	353.696
3940.74	338.696
3941.11	355.696
3941.48	346.696
3941.86	365.696
3942.23	332.696
3942.6	343.696
3942.98	332.696
3943.35	368.696
3943.72	354.696
3944.1	353.696
3944.47	335.696
3944.84	342.696
3945.21	302.696
3945.59	352.696
3945.96	348.696
3946.33	322.696
3946.71	342.696
3947.08	353.696
3947.45	325.696
3947.82	358.696
3948.2	348.696
3948.57	355.696
3948.94	326.696
3949.32	331.696
3949.69	345.696
3950.06	365.696
3950.43	330.696
3950.81	339.696
3951.18	347.696
3951.55	336.696
3951.92	361.696
3952.29	317.696
3952.67	360.696
3953.04	330.696
3953.41	312.696
3953.78	342.696
3954.16	339.696
3954.53	349.696
3954.9	341.696
3955.27	324.696
3955.64	336.696
3956.02	356.696
3956.39	335.696
3956.76	342.696
3957.13	347.696
3957.5	357.696
3957.87	342.696
3958.25	354.696
3958.62	359.696
3958.99	333.696
3959.36	325.696
3959.73	325.696
3960.11	353.696
3960.48	346.696
3960.85	336.696
3961.22	324.696
3961.59	334.696
3961.96	325.696
3962.33	312.696
3962.71	332.696
3963.08	348.696
3963.45	336.696
3963.82	317.696
3964.19	314.696
3964.56	335.696
3964.93	332.696
3965.3	349.696
3965.68	325.696
3966.05	351.696
3966.42	350.696
3966.79	357.696
3967.16	315.696
3967.53	335.696
3967.9	351.696
3968.27	345.696
3968.64	335.696
3969.01	317.696
3969.38	368.696
3969.75	369.696
3970.12	371.696
3970.5	355.696
3970.87	340.696
3971.24	355.696
3971.61	356.696
3971.98	327.696
3972.35	338.696
3972.72	314.696
3973.09	341.696
3973.46	355.696
3973.83	319.696
3974.2	326.696
3974.57	329.696
3974.94	336.696
3975.31	360.696
3975.68	341.696
3976.05	351.696
3976.42	344.696
3976.79	343.696
3977.16	355.696
3977.53	343.696
3977.9	341.696
3978.27	348.696
3978.64	308.696
3979.01	320.696
3979.38	348.696
3979.75	338.696
3980.12	334.696
3980.49	344.696
3980.86	354.696
3981.23	351.696
3981.6	332.696
3981.97	328.696
3982.34	325.696
3982.71	349.696
3983.08	333.696
3983.45	301.696
3983.82	333.696
3984.19	317.696
3984.55	318.696
3984.92	348.696
3985.29	319.696
3985.66	323.696
3986.03	334.696
3986.4	332.696
3986.77	320.696
3987.14	342.696
3987.51	355.696
3987.88	297.696
3988.25	350.696
3988.61	342.696
3988.98	352.696
3989.35	310.696
3989.72	322.696
3990.09	338.696
3990.46	369.696
3990.83	344.696
3991.2	345.696
3991.56	345.696
3991.93	340.696
3992.3	312.696
3992.67	341.696
3993.04	340.696
3993.41	342.696
3993.78	363.696
3994.15	336.696
3994.51	331.696
3994.88	359.696
3995.25	319.696
3995.62	326.696
3995.99	354.696
3996.36	337.696
3996.72	324.696
3997.09	344.696
3997.46	342.696
3997.83	347.696
3998.2	319.696
3998.56	344.696
3998.93	366.696
3999.3	337.696
3999.67	334.696
4000.04	329.696
