19.7123	5460.42
20.3887	5286.42
21.0651	5302.42
21.7414	5404.42
22.4176	5320.42
23.0939	5262.42
23.77	5423.42
24.4462	5263.42
25.1222	5359.42
25.7983	5351.42
26.4742	5332.42
27.1502	5408.42
27.8261	5354.42
28.5019	5280.42
29.1777	5230.42
29.8534	5298.42
30.5291	5448.42
31.2048	5315.42
31.8804	5319.42
32.5559	5370.42
33.2314	5453.42
33.9069	5476.42
34.5823	5531.42
35.2577	5653.42
35.933	5731.42
36.6083	5541.42
37.2835	5609.42
37.9587	5652.42
38.6338	5604.42
39.3066	5707.42
39.9817	5759.42
40.6566	5809.42
41.3316	5974.42
42.0065	5938.42
42.6813	5998.42
43.3539	6042.42
44.0286	5943.42
44.7033	5980.42
45.378	6122.42
46.0526	6079.42
46.7249	6111.42
47.3994	6051.42
48.0739	6146.42
48.7483	6109.42
49.4204	6322.42
50.0947	6203.42
50.769	6129.42
51.4433	6176.42
52.1152	6206.42
52.7893	6334.42
53.4634	6400.42
54.1352	6248.42
54.8092	6219.42
55.4831	6272.42
56.1548	6237.42
56.8286	6389.42
57.5024	6535.42
58.1739	6481.42
58.8477	6557.42
59.5213	6489.42
60.1927	6419.42
60.8663	6442.42
61.5375	6442.42
62.211	6485.42
62.8845	6575.42
63.5556	6463.42
64.2289	6660.42
64.8999	6470.42
65.5732	6424.42
66.2441	6402.42
66.9173	6368.42
67.5881	6384.42
68.2612	6403.42
68.9319	6264.42
69.6049	6364.42
70.2755	6180.42
70.9484	6312.42
71.619	6440.42
72.2918	6407.42
72.9622	6475.42
73.6349	6571.42
74.3053	6385.42
74.9756	6434.42
75.6482	6388.42
76.3184	6415.42
76.9909	6294.42
77.661	6419.42
78.3311	6510.42
79.0034	6425.42
79.6734	6520.42
80.3433	6478.42
81.0155	6564.42
81.6854	6432.42
82.3552	6495.42
83.0272	6429.42
83.6969	6415.42
84.3666	6354.42
85.0385	6250.42
85.7081	6377.42
86.3776	6448.42
87.0471	6441.42
87.7188	6461.42
88.3882	6491.42
89.0575	6357.42
89.7268	6443.42
90.3961	6473.42
91.0676	6315.42
91.7367	6468.42
92.4059	6472.42
93.0749	6478.42
93.7439	6436.42
94.4152	6386.42
95.0841	6247.42
95.753	6314.42
96.4218	6386.42
97.0906	6223.42
97.7594	6339.42
98.4281	6138.42
99.0967	6340.42
99.7676	6296.42
100.436	6280.42
101.105	6241.42
101.773	6236.42
102.442	6229.42
103.11	6271.42
103.778	6294.42
104.447	6261.42
105.115	6190.42
105.783	6304.42
106.451	6270.42
107.119	6083.42
107.787	6116.42
108.455	6090.42
109.123	6140.42
109.791	6115.42
110.459	6101.42
111.127	6163.42
111.795	6142.42
112.462	6177.42
113.13	6050.42
113.795	6129.42
114.463	6103.42
115.13	6045.42
115.798	6000.42
116.465	5981.42
117.133	5985.42
117.8	5951.42
118.467	5886.42
119.132	6042.42
119.8	5954.42
120.467	5728.42
121.134	5822.42
121.801	5670.42
122.466	5797.42
123.133	5823.42
123.8	5934.42
124.467	5947.42
125.133	5855.42
125.798	5810.42
126.465	5945.42
127.131	6033.42
127.796	5994.42
128.462	5837.42
129.129	5639.42
129.796	5798.13
130.46	5773.23
131.126	5737.57
131.793	5668.2
132.457	5659.82
133.123	5574.15
133.789	5565.99
134.453	5554.35
135.119	5662.25
135.783	5667.3
136.449	5684.11
137.115	5698.38
137.779	5400.42
138.445	5466.42
139.108	5542.42
139.774	5620.42
140.438	5645.42
141.104	5605.42
141.769	5621.42
142.433	5580.42
143.098	5682.42
143.762	5755.42
144.427	5716.42
145.09	5759.42
145.756	5511.42
146.419	5632.42
147.084	5632.42
147.747	5731.42
148.41	5542.42
149.075	5552.42
149.738	5602.42
150.403	5470.42
151.066	5536.42
151.731	5567.42
152.394	5530.42
153.056	5510.42
153.721	5506.42
154.384	5507.42
155.046	5482.42
155.711	5494.42
156.374	5548.42
157.036	5569.42
157.701	5382.42
158.363	5454.42
159.025	5367.42
159.69	5383.42
160.352	5383.42
161.014	5390.42
161.676	5358.42
162.34	5397.42
163.002	5232.42
163.664	5409.42
164.326	5333.42
164.99	5342.42
165.652	5333.42
166.314	5344.42
166.975	5286.42
167.637	5200.42
168.301	5288.42
168.962	5244.42
169.624	5221.42
170.285	5236.42
170.947	5199.42
171.608	5301.42
172.272	5302.42
172.933	5146.42
173.594	5180.42
174.255	5285.42
174.917	5326.42
175.578	5306.42
176.239	5232.42
176.9	5055.42
177.561	5225.42
178.222	5182.42
178.882	5201.42
179.543	5166.42
180.204	5193.42
180.865	5144.42
181.526	5047.42
182.186	5058.42
182.847	5207.42
183.507	5189.42
184.168	4854.42
184.828	4945.42
185.489	4895.42
186.149	4798.42
186.809	4836.42
187.47	5023.42
188.13	4988.42
188.79	4818.42
189.45	4990.42
190.11	4978.42
190.768	4974.42
191.428	5038.42
192.088	5078.42
192.748	4960.42
193.408	5059.42
194.068	5038.42
194.728	4906.42
195.385	4954.42
196.045	4871.42
196.705	4878.42
197.364	4842.42
198.021	4874.42
198.681	4878.42
199.34	4843.42
200	4949.42
200.657	4974.42
201.316	4910.42
201.976	4854.42
202.635	4945.42
203.292	4891.42
203.951	4832.42
204.61	4934.42
205.267	4857.42
205.926	5006.42
206.585	4808.42
207.242	4878.42
207.9	4904.42
208.559	4963.42
209.216	4855.42
209.875	4795.42
210.533	4874.42
211.19	4798.42
211.848	4873.42
212.505	4734.42
213.163	4560.42
213.819	4783.41
214.478	4756.21
215.134	4753.16
215.792	4735.72
216.451	4678.95
217.107	4674.56
217.765	4699.11
218.421	4694.44
219.079	4657.46
219.735	4702.29
220.391	4709.86
221.049	4703.31
221.704	4625.42
222.362	4649.42
223.018	4596.42
223.675	4662.42
224.331	4671.42
224.989	4714.42
225.644	4689.42
226.3	4664.42
226.957	4672.42
227.612	4691.42
228.268	4654.42
228.925	4650.42
229.58	4696.42
230.235	4641.42
230.893	4615.42
231.548	4632.42
232.203	4702.42
232.86	4673.42
233.515	4644.42
234.17	4605.42
234.827	4707.42
235.481	4544.42
236.136	4644.42
236.791	4584.42
237.448	4625.42
238.102	4657.42
238.757	4677.42
239.411	4574.42
240.066	4537.42
240.722	4520.42
241.377	4571.42
242.031	4554.42
242.685	4550.42
243.339	4505.42
243.993	4545.42
244.648	4667.42
245.304	4590.42
245.958	4559.42
246.612	4550.42
247.266	4586.42
247.92	4462.42
248.574	4543.42
249.227	4645.42
249.881	4496.42
250.535	4415.42
251.189	4577.42
251.842	4428.42
252.496	4444.42
253.149	4542.42
253.803	4460.42
254.456	4602.42
255.11	4500.42
255.763	4559.42
256.416	4431.42
257.07	4498.42
257.723	4499.42
258.376	4424.42
259.029	4459.42
259.682	4586.42
260.335	4542.42
260.988	4440.42
261.641	4482.42
262.294	4584.42
262.947	4588.42
263.598	4570.42
264.251	4564.42
264.903	4447.42
265.556	4462.42
266.209	4370.42
266.861	4481.42
267.512	4427.42
268.164	4512.42
268.817	4439.42
269.469	4354.42
270.121	4462.42
270.772	4308.42
271.424	4387.42
272.076	4358.42
272.728	4334.42
273.378	4357.42
274.03	4536.42
274.682	4415.42
275.332	4509.42
275.984	4467.42
276.636	4417.42
277.288	4431.42
277.938	4474.42
278.59	4479.42
279.239	4351.42
279.891	4380.42
280.542	4428.42
281.192	4415.42
281.843	4458.42
282.495	4410.42
283.144	4402.42
283.796	4435.42
284.445	4442.42
285.096	4394.42
285.745	4368.42
286.397	4385.42
287.048	4417.42
287.697	4433.42
288.348	4356.42
288.997	4392.42
289.648	4410.42
290.297	4447.42
290.948	4389.42
291.596	4371.42
292.247	4362.42
292.896	4417.42
293.544	4390.42
294.195	4363.42
294.844	4310.42
295.494	4297.42
296.143	4434.42
296.793	4373.42
297.441	4292.42
298.09	4411.42
298.74	4274.42
299.388	4286.42
300.036	4428.42
300.687	4344.42
301.335	4366.42
301.983	4411.42
302.633	4365.42
303.281	4386.42
303.929	4386.42
304.579	4366.42
305.227	4367.42
305.874	4398.42
306.522	4367.42
307.172	4325.42
307.819	4270.42
308.467	4220.42
309.114	4290.42
309.764	4306.42
310.412	4312.42
311.059	4354.42
311.706	4270.42
312.354	4302.42
313.003	4356.42
313.65	4330.42
314.297	4372.42
314.944	4332.42
315.592	4309.42
316.239	4259.42
316.886	4350.42
317.535	4239.42
318.182	4358.42
318.828	4221.42
319.475	4245.42
320.122	4289.42
320.769	4295.42
321.415	4272.42
322.062	4340.42
322.709	4229.42
323.355	4394.42
324.002	4362.42
324.648	4288.42
325.294	4290.42
325.941	4238.42
326.587	4335.42
327.233	4288.42
327.88	4410.42
328.526	4371.42
329.172	4349.42
329.818	4273.42
330.464	4308.42
331.11	4290.42
331.754	4347.42
332.4	4237.42
333.046	4328.42
333.692	4424.42
334.337	4325.42
334.983	4479.42
335.629	4369.42
336.275	4299.42
336.918	4402.42
337.564	4376.42
338.209	4408.42
338.855	4207.42
339.5	4284.42
340.143	4272.42
340.789	4378.42
341.434	4253.42
342.079	4386.42
342.722	4350.42
343.367	4382.42
344.012	4280.42
344.658	4300.42
345.3	4289.42
345.945	4310.42
346.59	4253.42
347.233	4336.42
347.878	4318.42
348.523	4266.42
349.165	4287.42
349.81	4254.42
350.455	4255.42
351.097	4278.42
351.742	4369.42
352.384	4256.42
353.029	4276.42
353.673	4311.42
354.315	4396.42
354.96	4341.42
355.602	4254.42
356.246	4378.42
356.888	4249.42
357.533	4377.42
358.175	4245.42
358.819	4262.42
359.461	4306.42
360.105	4331.42
360.746	4361.42
361.39	4212.42
362.032	4291.42
362.676	4242.42
363.318	4227.42
363.961	4334.42
364.603	4270.42
365.247	4347.42
365.888	4360.42
366.529	4243.42
367.173	4301.42
367.814	4278.42
368.456	4245.42
369.099	4306.42
369.74	4264.42
370.381	4304.42
371.025	4242.42
371.666	4283.42
372.307	4262.42
372.95	4194.42
373.591	4195.42
374.232	4255.42
374.875	4307.42
375.516	4293.42
376.156	4288.42
376.797	4187.42
377.44	4232.42
378.081	4315.42
378.721	4398.42
379.362	4240.42
380.002	4403.42
380.645	4249.42
381.285	4340.42
381.926	4266.42
382.566	4299.42
383.206	4360.42
383.847	4395.42
384.489	4276.42
385.129	4382.42
385.769	4262.42
386.409	4374.42
387.049	4306.42
387.689	4331.42
388.329	4407.42
388.969	4367.42
389.609	4288.42
390.249	4247.42
390.889	4120.42
391.528	4334.42
392.168	4284.42
392.81	4379.42
393.449	4364.42
394.089	4457.42
394.726	4330.42
395.366	4292.42
396.005	4303.42
396.645	4344.42
397.284	4420.42
397.923	4327.42
398.562	4425.42
399.202	4302.42
399.841	4352.42
400.48	4337.42
401.119	4354.42
401.758	4400.42
402.397	4347.42
403.034	4316.42
403.673	4395.42
404.311	4309.42
404.95	4381.42
405.589	4414.42
406.228	4411.42
406.864	4385.42
407.503	4346.42
408.142	4384.42
408.78	4342.42
409.419	4358.42
410.055	4315.42
410.693	4382.42
411.332	4343.42
411.968	4429.42
412.606	4434.42
413.244	4542.42
413.883	4448.42
414.519	4462.42
415.157	4388.42
415.795	4478.42
416.431	4432.42
417.069	4486.42
417.707	4479.42
418.342	4368.42
418.98	4484.42
419.616	4398.42
420.254	4398.42
420.891	4395.42
421.527	4572.42
422.165	4609.42
422.8	4400.42
423.438	4495.42
424.075	4431.42
424.71	4475.42
425.348	4499.42
425.983	4566.42
426.62	4500.42
427.256	4500.42
427.893	4658.42
428.528	4576.42
429.165	4560.42
429.8	4429.42
430.435	4542.42
431.072	4604.42
431.707	4600.42
432.344	4557.42
432.979	4574.42
433.615	4458.42
434.25	4640.42
434.885	4577.42
435.521	4585.42
436.156	4657.42
436.79	4654.42
437.427	4619.42
438.061	4626.42
438.696	4647.42
439.332	4692.42
439.967	4727.42
440.601	4638.42
441.237	4589.42
441.871	4581.42
442.505	4554.42
443.142	4658.42
443.776	4702.42
444.41	4710.42
445.044	4684.42
445.678	4729.42
446.314	4684.42
446.947	4700.42
447.581	4729.42
448.215	4700.42
448.849	4798.42
449.484	4786.42
450.118	4736.42
450.752	4726.42
451.385	4673.42
452.018	4669.42
452.652	4814.42
453.285	4747.42
453.921	4793.42
454.554	4864.42
455.187	4851.42
455.821	4804.42
456.454	4783.42
457.087	4752.42
457.72	4753.42
458.353	4840.42
458.986	4846.42
459.619	4859.42
460.252	4839.42
460.885	4838.42
461.518	4822.42
462.15	4880.42
462.783	4801.42
463.416	4955.42
464.048	4922.42
464.681	4836.42
465.314	4822.42
465.946	4714.42
466.579	4812.42
467.209	4876.42
467.841	4998.42
468.474	4796.42
469.106	4857.42
469.738	4908.42
470.371	4858.42
471.003	4974.42
471.633	4846.42
472.265	4883.42
472.897	4872.42
473.529	4969.42
474.161	4985.42
474.791	4872.42
475.423	4858.42
476.054	4959.42
476.686	4894.42
477.318	4992.42
477.948	4936.42
478.579	4890.42
479.211	4871.42
479.84	4896.42
480.472	4935.42
481.103	5071.42
481.733	4851.42
482.364	4948.42
482.996	5006.42
483.625	4993.42
484.256	4910.42
484.887	4975.42
485.516	4954.42
486.148	5023.42
486.779	5055.42
487.408	5069.42
488.039	5045.42
488.668	4971.42
489.298	4884.42
489.927	4940.42
490.558	4978.42
491.187	4925.42
491.818	5059.42
492.446	4964.42
493.077	5016.42
493.705	4994.42
494.336	4960.42
494.964	4856.42
495.595	4868.42
496.223	4938.42
496.854	4863.42
497.482	4962.42
498.112	4840.42
498.741	4818.42
499.371	4891.42
499.999	5081.42
500.627	4948.42
501.257	4936.42
501.885	4762.42
502.513	4862.42
503.143	4853.42
503.771	4898.42
504.399	4904.42
505.029	4833.42
505.656	4771.42
506.284	4772.42
506.914	4779.42
507.541	4824.42
508.169	4800.42
508.796	4795.42
509.426	4823.42
510.054	4841.42
510.681	4751.42
511.308	4674.42
511.938	4710.42
512.565	4745.42
513.192	4722.42
513.819	4836.42
514.446	4614.42
515.076	4656.42
515.703	4662.42
516.33	4637.42
516.957	4653.42
517.584	4610.42
518.21	4656.42
518.837	4580.42
519.464	4640.42
520.093	4605.42
520.72	4633.42
521.346	4486.42
521.973	4480.42
522.6	4517.42
523.226	4496.42
523.853	4440.42
524.479	4404.42
525.105	4386.42
525.732	4417.42
526.358	4444.42
526.984	4496.42
527.611	4403.42
528.237	4502.42
528.863	4442.42
529.489	4468.42
530.115	4406.42
530.741	4405.42
531.365	4307.42
531.991	4366.42
532.617	4421.42
533.243	4355.42
533.869	4341.42
534.495	4138.42
535.12	4347.42
535.746	4293.42
536.369	4290.42
536.995	4368.42
537.621	4174.42
538.246	4161.42
538.872	4199.42
539.495	4142.42
540.12	4006.42
540.746	4140.42
541.371	4121.42
541.994	4151.42
542.62	4224.42
543.245	4175.42
543.87	4167.42
544.493	4171.42
545.118	4075.42
545.743	4078.42
546.366	4192.42
546.991	4016.42
547.616	4201.42
548.238	4159.42
548.863	4163.42
549.488	4083.42
550.111	4036.42
550.735	4132.42
551.36	4186.42
551.982	4140.42
552.607	4107.42
553.229	4076.42
553.854	4078.42
554.476	3908.42
555.101	3892.42
555.723	3965.42
556.347	3888.42
556.969	3875.42
557.594	3957.42
558.216	3970.42
558.84	3974.42
559.462	3846.42
560.086	3956.64
560.708	4006.8
561.332	4006.04
561.954	4004.69
562.578	4028.09
563.199	3918.87
563.821	3978.52
564.445	3968.51
565.066	3889.96
565.69	3861.08
566.312	3858.71
566.933	3858.27
567.557	3891.61
568.178	3931.22
568.799	3918.26
569.423	3927.69
570.044	3816.19
570.665	3928.43
571.289	3890.4
571.91	3772.39
572.531	3709.73
573.152	3851.65
573.775	3833.1
574.396	3796.08
575.017	3759.79
575.638	3762.64
576.261	3795.9
576.882	3701.37
577.503	3697.06
578.123	3719.81
578.744	3681.99
579.365	3685.2
579.987	3731.44
580.608	3626.18
581.229	3615.35
581.849	3621.08
582.47	3578.44
583.09	3524.48
583.71	3582.83
584.331	3689.98
584.951	3539.51
585.571	3580.97
586.194	3530.94
586.814	3540.14
587.434	3536.1
588.054	3442.74
588.674	3518.04
589.294	3451.13
589.914	3485.05
590.534	3428.16
591.154	3438.1
591.774	3393.62
592.391	3454.5
593.011	3458.49
593.631	3419.65
594.25	3410.92
594.87	3381.55
595.49	3488.78
596.109	3420.97
596.729	3397.97
597.348	3371.77
597.967	3340.15
598.585	3375.42
599.204	3329.76
599.823	3331.1
600.443	3274.28
601.062	3359.32
601.681	3287.44
602.298	3202.65
602.917	3253.29
603.536	3308.48
604.155	3252.34
604.772	3164.8
605.391	3166.19
606.01	3224.7
606.629	3167
607.245	3157.39
607.864	3135.68
608.483	3078.71
609.099	3103.9
609.718	3085.56
610.337	3089.47
610.953	3084.13
611.572	3038.91
612.19	3062.74
612.806	3051.8
613.425	3047.91
614.043	3043.03
614.659	3054.03
615.278	3064.88
615.894	3043.89
616.512	3059.15
617.128	3023.74
617.746	3064.77
618.364	3001.39
618.98	3002.02
619.598	3005.78
620.214	3033.63
620.832	2987.43
621.448	3016.89
622.065	2929.9
622.681	2959.31
623.297	2937.78
623.914	2977.31
624.53	2956.77
625.148	2916.31
625.763	2909.17
626.381	2919.67
626.996	2965.8
627.611	2969.28
628.229	2955.31
628.844	2904.63
629.459	2970.97
630.076	2901.01
630.692	2861.8
631.307	2894.48
631.924	2912.45
632.539	2857.87
633.154	2859.57
633.771	2910.41
634.386	2873.65
635.001	2876.27
635.615	2851.01
636.232	2835.34
636.847	2859.87
637.462	2844.13
638.076	2805.34
638.693	2912.04
639.308	2868.74
639.922	2863.29
640.537	2799.79
641.151	2819.66
641.768	2842.2
642.382	2802.89
642.996	2820.52
643.611	2781.05
644.225	2818.97
644.839	2804.83
645.453	2822.5
646.067	2837.46
646.681	2823.74
647.295	2759.35
647.912	2849.81
648.526	2841.41
649.139	2845.03
649.753	2766.77
650.367	2850.24
650.981	2829.31
651.595	2758.99
652.208	2740.28
652.822	2852.55
653.436	2722.58
653.707	2686.58
654.329	2729.58
654.953	2714.58
655.576	2671.58
656.198	2733.58
656.822	2661.58
657.444	2704.58
658.066	2819.58
658.688	2775.58
659.312	2739.58
659.933	2697.58
660.555	2853.58
661.177	2767.58
661.801	2664.58
662.422	2568.58
663.044	2757.24
663.666	2744.15
664.287	2719.28
664.911	2661.28
665.532	2659.19
666.154	2668.5
666.775	2666.51
667.396	2631.16
668.018	2683.47
668.639	2679.01
669.262	2698.71
669.883	2694.88
670.504	2705.16
671.126	2569.58
671.747	2749.58
672.368	2721.58
672.989	2667.58
673.609	2669.58
674.23	2742.58
674.851	2630.58
675.472	2732.58
676.093	2697.58
676.713	2737.58
677.334	2739.58
677.955	2654.58
678.575	2724.58
679.196	2797.58
679.816	2687.58
680.437	2717.58
681.057	2770.58
681.677	2720.58
682.298	2711.58
682.918	2694.58
683.538	2672.58
684.159	2674.58
684.779	2692.58
685.397	2772.58
686.017	2676.58
686.637	2708.58
687.257	2724.58
687.877	2664.58
688.497	2662.58
689.115	2669.58
689.734	2603.58
690.354	2651.58
690.974	2587.58
691.594	2580.58
692.211	2642.58
692.831	2569.58
693.45	2654.58
694.07	2617.58
694.687	2586.58
695.307	2618.58
695.926	2621.58
696.546	2577.58
697.163	2576.58
697.782	2622.58
698.401	2499.58
699.019	2607.58
699.638	2649.58
700.257	2551.58
700.874	2579.58
701.493	2575.58
702.112	2699.58
702.729	2557.58
703.348	2615.58
703.967	2629.58
704.583	2557.58
705.202	2625.58
705.819	2599.58
706.438	2620.58
707.054	2526.58
707.673	2564.58
708.291	2621.58
708.908	2719.58
709.526	2659.58
710.143	2658.58
710.761	2649.58
711.377	2583.58
711.996	2509.58
712.612	2575.58
713.23	2534.58
713.846	2456.58
714.462	2409.58
715.081	2359.58
715.697	2389.58
716.315	2441.58
716.931	2487.58
717.549	2545.58
718.164	2461.58
718.78	2449.58
719.398	2569.58
720.014	2520.58
720.629	2547.58
721.247	2501.58
721.863	2538.58
722.478	2575.58
723.096	2542.58
723.711	2580.58
724.327	2478.58
724.944	2447.58
725.56	2509.58
726.175	2468.58
726.792	2483.58
727.408	2495.58
728.023	2532.58
728.638	2509.58
729.255	2561.58
729.87	2481.58
730.485	2486.58
731.1	2526.58
731.715	2525.58
732.332	2525.58
732.947	2489.58
733.562	2512.58
734.177	2490.58
734.791	2458.58
735.406	2472.58
736.021	2496.58
736.637	2515.58
737.252	2515.58
737.867	2505.58
738.481	2464.58
739.096	2509.58
739.71	2450.58
740.324	2411.58
740.939	2380.58
741.553	2383.58
742.167	2454.94
742.781	2455.42
743.396	2420.27
744.01	2420.72
744.624	2419.04
745.238	2418.18
745.852	2417.09
746.466	2414.77
747.08	2412.45
747.694	2445.33
748.307	2443.55
748.921	2414.58
749.535	2461.58
750.149	2389.58
750.762	2512.58
751.376	2409.58
751.99	2485.58
752.603	2409.58
753.215	2489.58
753.828	2461.58
754.441	2404.58
755.055	2386.58
755.668	2450.58
756.282	2529.58
756.893	2464.58
757.506	2452.58
758.119	2363.58
758.732	2394.58
759.345	2467.58
759.956	2466.58
760.569	2409.58
761.182	2439.58
761.795	2426.58
762.406	2454.58
763.019	2446.58
763.632	2441.58
764.243	2440.58
764.855	2430.58
765.468	2456.58
766.081	2383.58
766.691	2411.58
767.304	2365.58
767.916	2345.58
768.527	2368.58
769.139	2401.58
769.75	2481.58
770.362	2429.58
770.974	2403.58
771.584	2369.58
772.197	2365.58
772.807	2446.58
773.419	2386.58
774.031	2406.58
774.641	2386.58
775.253	2445.58
775.863	2384.58
776.475	2362.58
777.085	2362.58
777.697	2382.58
778.307	2417.58
778.919	2419.58
779.528	2366.58
780.14	2321.58
780.75	2347.58
781.359	2360.58
781.971	2269.58
782.58	2402.58
783.192	2358.58
783.801	2377.58
784.413	2347.58
785.022	2343.58
785.631	2333.58
786.243	2301.58
786.852	2399.58
787.461	2425.58
788.072	2374.58
788.681	2323.58
789.29	2292.58
789.901	2320.58
790.51	2295.58
791.119	2356.58
791.73	2357.58
792.339	2291.58
792.948	2309.58
793.557	2290.58
794.167	2314.58
794.776	2217.58
795.385	2272.58
795.993	2304.58
796.604	2268.58
797.213	2272.58
797.821	2345.58
798.429	2284.58
799.038	2366.58
799.646	2295.58
800.257	2267.58
800.865	2239.58
801.473	2320.58
802.081	2240.58
802.69	2313.58
803.298	2310.58
803.906	2277.58
804.514	2269.58
805.124	2218.58
805.732	2222.58
806.34	2302.58
806.948	2189.58
807.555	2223.58
808.163	2117.58
808.771	2231.58
809.379	2210.58
809.986	2206.58
810.594	2223.58
811.202	2189.58
811.809	2255.58
812.417	2155.58
813.024	2262.58
813.632	2231.58
814.239	2215.58
814.846	2253.58
815.454	2225.58
816.059	2207.58
816.666	2217.58
817.273	2174.58
817.881	2201.58
818.488	2226.58
819.095	2206.58
819.702	2151.58
820.309	2219.58
820.914	2152.58
821.521	2101.58
822.128	2163.58
822.734	2148.58
823.341	2205.58
823.946	2112.58
824.553	2185.58
825.159	2234.58
825.766	2152.58
826.37	2197.58
826.977	2198.58
827.583	2225.58
828.19	2238.58
828.794	2204.58
829.401	2230.58
830.007	2216.58
830.611	2111.58
831.218	2155.58
831.824	2219.58
832.428	2183.58
833.034	2208.58
833.64	2216.58
834.244	2126.58
834.85	2172.58
835.456	2192.58
836.06	2156.58
836.666	2159.58
837.27	2193.58
837.876	2175.58
838.482	2179.58
839.085	2252.58
839.691	2208.58
840.295	2186.58
840.9	2273.58
841.504	2192.58
842.109	2164.58
842.713	2244.58
843.318	2221.58
843.922	2210.58
844.527	2225.58
845.13	2232.58
845.736	2238.58
846.339	2254.58
846.942	2310.58
847.547	2239.58
848.15	2179.58
848.756	2248.58
849.359	2254.58
849.962	2222.58
850.567	2222.58
851.17	2284.58
851.774	2277.58
852.377	2262.58
852.98	2257.58
853.585	2343.58
854.188	2277.58
854.79	2304.58
855.395	2356.58
855.998	2259.58
856.6	2272.58
857.203	2283.58
857.807	2333.58
858.41	2288.58
859.012	2327.58
859.614	2262.58
860.219	2334.58
860.821	2369.58
861.423	2245.58
862.025	2361.58
862.628	2355.58
863.232	2324.58
863.834	2292.58
864.436	2299.58
865.038	2315.58
865.64	2313.58
866.242	2362.58
866.844	2372.58
867.447	2355.58
868.049	2394.58
868.651	2410.58
869.253	2329.58
869.854	2400.58
870.456	2403.58
871.058	2402.58
871.659	2341.58
872.261	2377.58
872.862	2401.58
873.464	2400.58
874.065	2351.58
874.666	2424.58
875.268	2364.58
875.869	2335.58
876.47	2429.58
877.071	2359.58
877.673	2432.58
878.274	2411.58
878.875	2389.58
879.476	2407.58
880.077	2336.58
880.676	2394.58
881.277	2447.58
881.878	2476.58
882.479	2472.58
883.079	2446.58
883.68	2445.58
884.281	2385.58
884.882	2418.58
885.48	2462.58
886.081	2525.58
886.681	2506.58
887.282	2463.58
887.882	2361.58
888.481	2441.58
889.081	2469.58
889.682	2387.58
890.282	2575.58
890.88	2516.58
891.48	2407.58
892.081	2464.58
892.679	2481.58
893.279	2354.58
893.879	2460.58
894.479	2539.58
895.077	2547.58
895.677	2505.58
896.277	2484.58
896.875	2543.58
897.475	2500.58
898.073	2499.58
898.672	2555.58
899.272	2560.58
899.87	2512.58
900.469	2554.58
901.067	2522.58
901.667	2538.58
902.266	2543.58
902.864	2547.58
903.463	2598.58
904.06	2605.58
904.66	2637.58
905.257	2471.58
905.857	2550.58
906.454	2587.58
907.053	2588.58
907.65	2573.58
908.249	2601.58
908.846	2551.58
909.443	2579.58
910.043	2548.58
910.639	2445.58
911.238	2520.58
911.835	2618.58
912.432	2536.58
913.031	2581.58
913.628	2565.58
914.227	2608.58
914.823	2607.58
915.42	2553.58
916.019	2575.58
916.615	2578.58
917.212	2541.58
917.81	2565.58
918.407	2591.58
919.003	2629.58
919.599	2667.58
920.198	2519.58
920.794	2577.58
921.39	2591.58
921.987	2607.58
922.585	2549.58
923.181	2579.58
923.777	2652.58
924.373	2677.58
924.969	2569.58
925.567	2576.58
926.163	2633.58
926.759	2604.58
927.355	2573.58
927.951	2694.58
928.547	2644.58
929.144	2607.58
929.74	2601.58
930.336	2596.58
930.931	2563.58
931.527	2621.58
932.123	2659.58
932.718	2698.58
933.314	2663.58
933.909	2552.58
934.504	2622.58
935.1	2639.58
935.695	2675.58
936.29	2658.58
936.886	2694.58
937.481	2659.58
938.076	2726.58
938.671	2629.58
939.266	2526.58
939.861	2650.58
940.456	2634.58
941.051	2625.58
941.646	2661.58
942.241	2659.58
942.836	2594.58
943.431	2629.58
944.024	2667.58
944.618	2643.58
945.213	2691.58
945.808	2636.58
946.402	2669.58
946.997	2652.58
947.592	2673.58
948.184	2637.58
948.778	2639.58
949.373	2590.58
949.967	2655.58
950.562	2614.58
951.154	2686.58
951.748	2668.58
952.342	2704.58
952.937	2665.58
953.529	2605.58
954.123	2606.58
954.717	2601.58
955.309	2685.58
955.903	2636.58
956.497	2697.58
957.089	2569.58
957.683	2652.58
958.277	2639.58
958.868	2725.58
959.462	2586.58
960.056	2663.58
960.648	2630.58
961.241	2622.58
961.833	2652.58
962.427	2636.58
963.02	2654.58
963.612	2667.58
964.205	2609.58
964.796	2726.58
965.39	2682.58
965.981	2708.58
966.574	2693.58
967.166	2597.58
967.759	2576.58
968.35	2628.58
968.943	2622.58
969.534	2659.58
970.128	2640.58
970.718	2655.58
971.309	2611.58
971.902	2662.58
972.493	2625.58
973.086	2623.58
973.677	2653.58
974.268	2695.58
974.861	2653.58
975.451	2663.58
976.044	2597.58
976.635	2650.58
977.225	2602.58
977.818	2629.58
978.408	2677.58
978.999	2582.58
979.591	2704.58
980.182	2596.58
980.772	2614.58
981.362	2617.58
981.955	2606.58
982.545	2614.58
983.135	2539.58
983.725	2692.58
984.318	2623.58
984.908	2626.58
985.498	2535.58
986.088	2561.58
986.678	2660.58
987.268	2577.58
987.86	2635.58
988.449	2664.58
989.039	2575.58
989.629	2601.58
990.219	2528.58
990.808	2504.58
991.398	2519.58
991.988	2579.58
992.579	2517.58
993.169	2619.58
993.759	2609.58
994.348	2511.58
994.938	2540.58
995.527	2565.58
996.116	2639.58
996.706	2623.58
997.295	2557.58
997.884	2600.58
998.473	2619.58
999.063	2514.58
999.652	2552.58
1000.24	2581.58
1000.83	2489.58
1001.42	2558.58
1002.01	2524.58
1002.59	2584.58
1003.18	2499.58
1003.77	2507.58
1004.36	2584.58
1004.95	2550.58
1005.54	2521.58
1006.13	2531.58
1006.72	2519.58
1007.3	2568.58
1007.89	2587.58
1008.48	2476.58
1009.07	2589.58
1009.66	2451.58
1010.24	2493.58
1010.83	2521.58
1011.42	2516.58
1012.01	2453.58
1012.6	2445.58
1013.18	2546.58
1013.77	2466.58
1014.36	2567.58
1014.95	2567.58
1015.53	2579.58
1016.12	2498.58
1016.71	2513.58
1017.3	2464.58
1017.88	2480.58
1018.47	2462.58
1019.06	2497.58
1019.65	2493.58
1020.23	2505.58
1020.82	2434.58
1021.4	2487.58
1021.99	2461.58
1022.58	2408.58
1023.17	2481.58
1023.75	2369.58
1024.34	2412.58
1024.93	2444.58
1025.51	2455.32
1026.1	2447.44
1026.68	2462.83
1027.27	2382.99
1027.86	2368.94
1028.44	2447.46
1029.03	2405.1
1029.62	2477.97
1030.2	2350.32
1030.79	2397.97
1031.37	2293.63
1031.96	2395.77
1032.55	2333.44
1033.13	2270.69
1033.72	2348.65
1034.3	2353.11
1034.89	2337.56
1035.47	2360.43
1036.06	2417.5
1036.65	2366.38
1037.23	2355.99
1037.82	2328.3
1038.4	2400.47
1038.99	2331.86
1039.57	2309.52
1040.16	2342.21
1040.74	2292.04
1041.33	2260.16
1041.91	2295.68
1042.5	2326.85
1043.08	2343.76
1043.67	2252.7
1044.25	2328.22
1044.83	2210.46
1045.42	2197.07
1046.01	2186.87
1046.59	2196
1047.17	2209.63
1047.76	2243.16
1048.34	2178.19
1048.93	2216.72
1049.51	2267.48
1050.1	2260.66
1050.68	2229.46
1051.26	2190.89
1051.85	2175.82
1052.43	2238
1053.01	2211.4
1053.6	2169.51
1054.18	2213.34
1054.76	2174.03
1055.35	2201.41
1055.93	2146.91
1056.52	2161.43
1057.1	2200.14
1057.68	2185.8
1058.27	2201.38
1058.85	2206.93
1059.43	2113.68
1060.02	2115.41
1060.6	2070.15
1061.18	2129.9
1061.76	2090.9
1062.35	2130.5
1062.93	2128.6
1063.51	2149.16
1064.09	2124.38
1064.68	2139.32
1065.26	2085.08
1065.84	2082.78
1066.43	2140.96
1067.01	2074.99
1067.59	2084.19
1068.17	2120.49
1068.76	2072.73
1069.34	2030.19
1069.92	2021.61
1070.5	2015.19
1071.08	2046.44
1071.67	2074.42
1072.25	2046.26
1072.83	2048.2
1073.41	2020.72
1073.99	2018.85
1074.58	1974.88
1075.16	1967.84
1075.74	2038.7
1076.32	1974.51
1076.9	2031.72
1077.48	2027.26
1078.06	1958.57
1078.64	1986.1
1079.23	1979.85
1079.81	2028.46
1080.39	2008.7
1080.97	1952.26
1081.55	1972.77
1082.13	1988.35
1082.71	1960.47
1083.29	1952.21
1083.87	1929.18
1084.45	1928.57
1085.03	1918.29
1085.62	1893.07
1086.2	1907.1
1086.78	1920.49
1087.36	1923.39
1087.94	1922.34
1088.52	1874.86
1089.1	1874.5
1089.68	1872.43
1090.26	1925
1090.84	1901.24
1091.42	1887.23
1092	1858.19
1092.58	1849.3
1093.16	1909.08
1093.74	1892.57
1094.32	1870.44
1094.9	1851.1
1095.48	1803.62
1096.06	1841.42
1096.64	1821.42
1097.22	1882.88
1097.79	1823.88
1098.37	1789.74
1098.95	1848.07
1099.53	1822.02
1100.11	1821.38
1100.69	1820.07
1101.27	1764.75
1101.85	1814.08
1102.43	1780.81
1103.01	1774.66
1103.58	1734.54
1104.16	1755.4
1104.74	1788.11
1105.32	1744.92
1105.9	1776.34
1106.48	1733.65
1107.06	1736.35
1107.64	1765.82
1108.21	1734.04
1108.79	1719.22
1109.37	1702.43
1109.95	1689.26
1110.53	1709.88
1111.1	1670.24
1111.68	1686.03
1112.26	1662.36
1112.84	1709.31
1113.42	1695.6
1113.99	1666.56
1114.57	1688.25
1115.15	1668.41
1115.73	1614.57
1116.3	1702.76
1116.88	1617.27
1117.46	1681.11
1118.04	1631.86
1118.61	1644.88
1119.19	1646.85
1119.77	1607.07
1120.35	1718.31
1120.92	1668.27
1121.5	1640.96
1122.08	1567.49
1122.65	1547.75
1123.23	1444.91
1123.81	1613.13
1124.39	1578.16
1124.96	1574.46
1125.54	1570.91
1126.11	1567.78
1126.69	1564.15
1127.27	1559.46
1127.85	1554.7
1128.42	1581.22
1129	1576.25
1129.57	1471.7
1130.15	1534.36
1130.72	1527.49
1131.3	1579.5
1131.88	1567.89
1132.45	1553.84
1133.03	1507.09
1133.61	1527.48
1134.18	1566.24
1134.76	1568.12
1135.33	1501.94
1135.91	1549.91
1136.48	1538.55
1137.06	1529.05
1137.63	1567.34
1138.21	1571.11
1138.78	1540.59
1139.36	1515.29
1139.93	1534.07
1140.51	1546.6
1141.09	1538.45
1141.66	1512.03
1142.23	1504.37
1142.81	1543.76
1143.38	1499.66
1143.96	1455.62
1144.53	1494.48
1145.11	1503.09
1145.68	1535.34
1146.26	1445.33
1146.83	1463.84
1147.41	1497.84
1147.98	1509.01
1148.56	1487.88
1149.13	1438.6
1149.71	1448.94
1150.28	1476.77
1150.85	1451.62
1151.43	1480.39
1152	1476.58
1152.58	1496.42
1153.15	1468.77
1153.72	1431.71
1154.3	1429.16
1154.87	1429.16
1155.45	1427.53
1156.02	1378.17
1156.59	1404.1
1157.17	1395.1
1157.74	1402.13
1158.31	1395.51
1158.89	1425.57
1159.46	1422.14
1160.03	1406.89
1160.61	1393.48
1161.18	1404.87
1161.75	1423.28
1162.32	1440.78
1162.9	1451.69
1163.47	1357.2
1164.04	1350.65
1164.62	1355.45
1165.19	1402.67
1165.76	1389.56
1166.33	1371.71
1166.91	1363.25
1167.48	1348.83
1168.05	1408.99
1168.62	1419.41
1169.2	1386.51
1169.77	1351.56
1170.34	1336.43
1170.91	1298.26
1171.48	1272.46
1172.06	1260.57
1172.18	1227.57
1172.76	1275.57
1173.34	1277.57
1173.92	1336.57
1174.5	1267.57
1175.08	1316.57
1175.66	1283.57
1176.24	1311.57
1176.82	1305.57
1177.4	1359.57
1177.98	1266.57
1178.56	1283.57
1179.14	1307.57
1179.72	1378.57
1180.3	1261.57
1180.88	1280.57
1181.46	1302.57
1182.04	1213.57
1182.62	1228.57
1183.2	1238.57
1183.78	1278.57
1184.36	1232.57
1184.94	1274.57
1185.52	1260.57
1186.09	1282.57
1186.67	1264.57
1187.25	1209.57
1187.83	1259.57
1188.41	1275.57
1188.99	1186.57
1189.57	1280.57
1190.15	1215.57
1190.73	1181.57
1191.3	1232.57
1191.88	1280.57
1192.46	1214.57
1193.04	1220.57
1193.62	1209.57
1194.2	1242.57
1194.78	1205.57
1195.35	1225.57
1195.93	1193.57
1196.51	1125.57
1197.09	1146.57
1197.67	1051.57
1198.24	1183.26
1198.82	1183.43
1199.4	1181.34
1199.98	1179.39
1200.56	1176.75
1201.13	1174.98
1201.71	994.574
1202.29	1047.57
1202.87	1101.57
1203.45	1126.57
1204.02	1170.57
1204.6	1161.57
1205.18	1144.57
1205.75	1143.57
1206.33	1136.57
1206.91	1199.57
1207.49	1165.57
1208.06	1205.57
1208.64	1155.57
1209.22	1217.57
1209.79	1155.57
1210.37	1151.57
1210.95	1146.57
1211.52	1189.57
1212.1	1149.57
1212.68	1193.57
1213.25	1181.57
1213.83	1144.57
1214.41	1166.57
1214.98	1082.57
1215.56	1126.57
1216.14	1139.57
1216.71	1128.57
1217.29	1151.57
1217.86	1120.57
1218.44	1152.57
1219.02	1093.57
1219.59	1091.57
1220.17	1121.57
1220.74	1139.57
1221.32	1109.57
1221.9	1143.57
1222.47	1122.57
1223.05	1208.57
1223.62	1119.57
1224.2	1132.57
1224.77	1167.57
1225.35	1110.57
1225.92	1074.57
1226.5	1118.57
1227.08	1151.57
1227.65	1080.57
1228.23	1127.57
1228.8	1097.57
1229.38	1112.57
1229.95	1114.57
1230.53	1093.57
1231.1	1143.57
1231.67	1133.57
1232.25	1114.57
1232.83	1159.57
1233.4	1143.57
1233.97	1178.57
1234.55	1139.57
1235.12	1064.57
1235.7	1073.57
1236.27	1135.57
1236.85	1087.57
1237.42	1114.57
1237.99	1127.57
1238.57	1139.57
1239.14	1127.57
1239.72	1058.57
1240.29	1077.57
1240.86	1070.57
1241.44	1126.57
1242.01	1031.57
1242.59	1047.57
1243.16	1103.57
1243.73	1029.57
1244.31	1080.57
1244.88	1088.57
1245.45	1152.57
1246.03	1071.57
1246.6	1120.57
1247.17	1050.57
1247.75	1040.57
1248.32	1129.57
1248.89	1091.57
1249.47	1111.57
1250.04	1097.57
1250.61	1129.57
1251.18	1068.57
1251.76	1062.57
1252.33	1073.57
1252.9	1058.57
1253.48	1058.57
1254.05	1083.57
1254.62	1050.57
1255.19	1095.57
1255.77	1066.57
1256.34	1023.57
1256.91	1008.57
1257.48	1056.57
1258.06	1114.57
1258.63	1081.57
1259.2	1018.57
1259.77	1089.57
1260.34	1066.57
1260.92	1091.57
1261.49	1083.57
1262.06	1071.57
1262.63	1029.57
1263.2	1074.57
1263.78	1085.57
1264.35	1057.57
1264.92	1054.57
1265.49	1118.57
1266.06	1127.57
1266.63	1070.57
1267.2	1108.57
1267.78	1105.57
1268.35	1059.57
1268.92	1040.57
1269.49	1074.57
1270.06	1064.57
1270.63	1061.57
1271.2	1069.57
1271.77	1006.57
1272.34	1060.57
1272.92	1034.57
1273.49	1093.57
1274.06	1034.57
1274.63	1091.57
1275.2	1070.57
1275.77	1052.57
1276.34	1091.57
1276.91	1074.57
1277.48	1055.57
1278.05	1092.57
1278.62	1112.57
1279.19	1073.57
1279.76	1036.57
1280.33	1066.57
1280.9	1098.57
1281.47	1066.57
1282.04	1107.57
1282.61	1072.57
1283.18	1034.57
1283.75	1074.57
1284.32	1064.57
1284.89	1057.57
1285.46	1082.57
1286.03	1087.57
1286.6	1049.57
1287.17	1093.57
1287.74	1079.57
1288.31	1105.57
1288.88	1089.57
1289.45	1075.57
1290.01	1088.57
1290.58	1071.57
1291.15	1046.57
1291.72	1070.57
1292.29	1085.57
1292.86	1029.57
1293.43	1016.57
1294	1054.57
1294.57	1070.57
1295.13	1074.57
1295.7	994.574
1296.27	1091.57
1296.84	1015.57
1297.41	1074.57
1297.98	1048.57
1298.55	1055.57
1299.11	1038.57
1299.68	1071.57
1300.25	1075.57
1300.82	1031.57
1301.39	1033.57
1301.95	1031.57
1302.52	1039.57
1303.09	1045.57
1303.66	1077.57
1304.23	1040.57
1304.79	1075.57
1305.36	1023.57
1305.93	1047.57
1306.5	983.574
1307.06	1049.57
1307.63	961.574
1308.2	1066.57
1308.77	1036.57
1309.33	1049.57
1309.9	1077.57
1310.47	1017.57
1311.04	1053.57
1311.6	1047.57
1312.17	1059.57
1312.74	1035.57
1313.3	1055.57
1313.87	1014.57
1314.44	1008.57
1315	1056.57
1315.57	1074.57
1316.14	1096.57
1316.7	1082.57
1317.27	1005.57
1317.84	1105.57
1318.4	1047.57
1318.97	999.574
1319.54	1038.57
1320.1	1079.57
1320.67	1024.57
1321.23	1054.57
1321.8	1074.57
1322.37	1042.57
1322.93	1046.57
1323.5	1025.57
1324.06	1041.57
1324.63	1004.57
1325.2	1039.57
1325.76	1098.57
1326.33	1012.57
1326.89	1005.57
1327.46	1078.57
1328.02	1050.57
1328.59	1027.57
1329.15	997.574
1329.72	1019.57
1330.29	1024.57
1330.85	1094.57
1331.42	1014.57
1331.98	1027.57
1332.55	1058.57
1333.11	1077.57
1333.68	1020.57
1334.24	1014.57
1334.81	1021.57
1335.37	1032.57
1335.93	995.574
1336.5	1009.57
1337.06	962.574
1337.63	1027.57
1338.19	1022.57
1338.76	1021.57
1339.32	1066.57
1339.89	1044.57
1340.45	1091.57
1341.02	1019.57
1341.58	1046.57
1342.14	990.574
1342.71	1058.57
1343.27	1001.57
1343.84	1037.57
1344.4	1086.57
1344.96	1044.57
1345.53	1053.57
1346.09	1018.57
1346.65	1023.57
1347.22	1038.57
1347.78	1029.57
1348.35	1014.57
1348.91	1027.57
1349.47	1074.57
1350.04	1065.57
1350.6	1073.57
1351.16	1027.57
1351.73	1045.57
1352.29	1052.57
1352.85	1001.57
1353.41	1020.57
1353.98	1030.57
1354.54	1024.57
1355.1	1039.57
1355.67	1014.57
1356.23	1043.57
1356.79	954.574
1357.35	1044.57
1357.92	1015.57
1358.48	1036.57
1359.04	992.574
1359.6	989.574
1360.17	1043.57
1360.73	1038.57
1361.29	986.574
1361.85	1039.57
1362.42	1052.57
1362.98	998.574
1363.54	977.574
1364.1	994.574
1364.66	1014.57
1365.23	995.574
1365.79	1054.57
1366.35	1063.57
1366.91	996.574
1367.47	996.574
1368.03	1023.57
1368.6	1070.57
1369.16	1052.57
1369.72	1038.57
1370.28	1073.57
1370.84	992.574
1371.4	1029.57
1371.96	1041.57
1372.53	979.574
1373.09	1038.57
1373.65	1020.57
1374.21	975.574
1374.77	976.574
1375.33	1054.57
1375.89	1012.57
1376.45	993.574
1377.01	995.574
1377.57	1052.57
1378.13	1052.57
1378.69	1008.57
1379.26	1005.57
1379.82	1041.57
1380.38	1027.57
1380.94	1009.57
1381.5	1001.57
1382.06	1023.57
1382.62	1058.57
1383.18	996.574
1383.74	1027.57
1384.3	1061.57
1384.86	1027.57
1385.42	1046.57
1385.98	1037.57
1386.54	1013.57
1387.1	986.574
1387.66	1044.57
1388.22	1027.57
1388.78	1009.57
1389.34	1000.57
1389.89	981.574
1390.45	1019.57
1391.01	1011.57
1391.57	1018.57
1392.13	1039.57
1392.69	1029.57
1393.25	1004.57
1393.81	999.574
1394.37	1004.57
1394.93	1009.57
1395.49	1017.57
1396.05	1027.57
1396.6	1030.57
1397.16	997.574
1397.72	994.574
1398.28	980.574
1398.84	1005.57
1399.4	959.574
1399.96	1062.57
1400.52	988.574
1401.07	1057.57
1401.63	1041.57
1402.19	1019.57
1402.75	1039.57
1403.31	980.574
1403.86	1006.57
1404.42	967.574
1404.98	1016.57
1405.54	993.574
1406.1	1039.57
1406.66	1006.57
1407.21	1007.57
1407.77	1013.57
1408.33	994.574
1408.88	987.574
1409.44	1079.57
1410	1027.57
1410.56	971.574
1411.12	1022.57
1411.67	986.574
1412.23	982.574
1412.79	1002.57
1413.34	998.574
1413.9	954.574
1414.46	1007.57
1415.02	955.574
1415.57	1006.57
1416.13	985.574
1416.69	1015.57
1417.24	998.574
1417.8	945.574
1418.36	1027.57
1418.91	998.574
1419.47	1036.57
1420.03	1034.57
1420.58	1011.57
1421.14	1011.57
1421.7	1040.57
1422.25	1027.57
1422.81	994.574
1423.37	995.574
1423.92	996.574
1424.48	1001.57
1425.03	1043.57
1425.59	1000.57
1426.15	959.574
1426.7	1003.57
1427.26	1031.57
1427.81	1017.57
1428.37	965.574
1428.93	969.574
1429.48	978.574
1430.04	987.574
1430.59	983.574
1431.15	959.574
1431.7	1027.57
1432.26	1000.57
1432.81	970.574
1433.37	967.574
1433.92	1028.57
1434.48	911.574
1435.03	991.574
1435.59	964.574
1436.14	994.574
1436.7	986.574
1437.25	1007.57
1437.81	986.574
1438.36	1042.57
1438.92	946.574
1439.47	967.574
1440.03	1019.57
1440.58	1004.57
1441.14	1037.57
1441.69	978.574
1442.25	994.574
1442.8	1027.57
1443.35	1019.57
1443.91	1024.57
1444.46	973.574
1445.02	988.574
1445.57	996.574
1446.13	1016.57
1446.68	1048.57
1447.23	1008.57
1447.79	1011.57
1448.34	1052.57
1448.89	981.574
1449.45	954.574
1450	958.574
1450.55	978.574
1451.11	985.574
1451.66	990.574
1452.22	1013.57
1452.77	988.574
1453.32	1029.57
1453.88	982.574
1454.43	969.574
1454.98	963.574
1455.54	954.574
1456.09	1021.57
1456.64	983.574
1457.19	975.574
1457.75	986.574
1458.3	991.574
1458.85	996.574
1459.41	999.574
1459.96	978.574
1460.51	1010.57
1461.06	1008.57
1461.62	994.574
1462.17	1049.57
1462.72	1059.57
1463.27	1001.57
1463.83	973.574
1464.38	976.574
1464.93	947.574
1465.48	961.574
1466.03	996.574
1466.59	989.574
1467.14	975.574
1467.69	992.574
1468.24	1034.57
1468.79	1005.57
1469.34	989.574
1469.9	999.574
1470.45	971.574
1471	930.574
1471.55	999.574
1472.1	1000.57
1472.66	1013.57
1473.21	977.574
1473.76	1003.57
1474.31	974.574
1474.86	981.574
1475.41	981.574
1475.96	962.574
1476.52	1002.57
1477.07	998.574
1477.62	982.574
1478.17	1031.57
1478.72	972.574
1479.27	993.574
1479.82	911.574
1480.37	1020.57
1480.92	996.574
1481.47	986.574
1482.02	988.574
1482.57	965.574
1483.12	919.574
1483.67	950.574
1484.22	910.574
1484.77	1003.57
1485.32	967.574
1485.87	966.574
1486.42	1003.57
1486.98	972.574
1487.52	954.574
1488.07	932.574
1488.62	978.574
1489.18	986.574
1489.72	1001.57
1490.27	927.574
1490.82	949.574
1491.37	1034.57
1491.92	973.574
1492.47	963.574
1493.02	992.574
1493.57	977.574
1494.12	960.574
1494.67	967.574
1495.22	1065.57
1495.77	1000.57
1496.32	938.574
1496.87	986.574
1497.42	957.574
1497.97	936.574
1498.51	944.574
1499.06	950.574
1499.61	948.574
1500.16	948.574
2600.02	924.437
2600.5	910.437
2600.97	886.437
2601.44	886.437
2601.92	916.437
2602.39	946.437
2602.87	928.437
2603.34	956.437
2603.82	945.437
2604.29	923.437
2604.76	923.437
2605.24	972.437
2605.71	932.437
2606.19	931.437
2606.66	926.437
2607.13	945.437
2607.61	925.437
2608.08	916.437
2608.55	926.437
2609.03	921.437
2609.5	922.437
2609.97	928.437
2610.45	919.437
2610.92	911.437
2611.39	965.437
2611.87	909.437
2612.34	886.437
2612.81	948.437
2613.29	971.437
2613.76	921.437
2614.23	912.437
2614.7	928.437
2615.18	941.437
2615.65	935.437
2616.12	929.437
2616.6	891.437
2617.07	888.437
2617.54	937.437
2618.01	882.437
2618.49	903.437
2618.96	937.437
2619.43	895.437
2619.91	935.437
2620.38	927.437
2620.85	899.437
2621.32	900.437
2621.8	938.437
2622.27	897.437
2622.74	918.437
2623.21	953.437
2623.68	941.437
2624.16	969.437
2624.63	952.437
2625.1	872.437
2625.57	946.437
2626.04	894.437
2626.52	915.437
2626.99	891.437
2627.46	955.437
2627.93	948.437
2628.4	910.437
2628.88	948.437
2629.35	930.437
2629.82	913.437
2630.29	925.437
2630.76	860.437
2631.23	921.437
2631.71	908.437
2632.18	924.437
2632.65	986.437
2633.12	943.437
2633.59	940.437
2634.06	915.437
2634.53	912.437
2635	911.437
2635.48	961.437
2635.95	990.437
2636.42	962.437
2636.89	972.437
2637.36	899.437
2637.83	931.437
2638.3	922.437
2638.77	930.437
2639.24	921.437
2639.71	898.437
2640.18	897.437
2640.65	918.437
2641.13	893.437
2641.6	896.437
2642.07	937.437
2642.54	926.437
2643.01	940.437
2643.48	909.437
2643.95	915.437
2644.42	901.437
2644.89	947.437
2645.36	915.437
2645.83	937.437
2646.3	924.437
2646.77	933.437
2647.24	930.437
2647.71	947.437
2648.18	912.437
2648.65	902.437
2649.12	905.437
2649.59	898.437
2650.06	894.437
2650.53	888.437
2651	870.437
2651.47	885.437
2651.94	855.437
2652.41	911.437
2652.88	880.437
2653.35	901.437
2653.81	911.437
2654.28	941.437
2654.75	899.437
2655.22	910.437
2655.69	880.437
2656.16	918.437
2656.63	904.648
2657.1	904.773
2657.57	905.255
2658.04	887.723
2658.51	887.705
2658.97	888.098
2659.44	887.393
2659.91	886.562
2660.38	885.696
2660.85	903.719
2661.32	822.437
2661.79	817.437
2662.26	841.437
2662.73	877.437
2663.19	898.437
2663.66	864.437
2664.13	876.437
2664.6	853.437
2665.07	915.437
2665.54	940.437
2666	942.437
2666.47	915.437
2666.94	892.437
2667.41	916.437
2667.88	936.437
2668.35	955.437
2668.81	889.437
2669.28	922.437
2669.75	918.437
2670.22	931.437
2670.69	919.437
2671.15	931.437
2671.62	892.437
2672.09	918.437
2672.56	903.437
2673.02	928.437
2673.49	900.437
2673.96	948.437
2674.43	927.437
2674.89	927.437
2675.36	881.437
2675.83	919.437
2676.3	920.437
2676.76	908.437
2677.23	908.437
2677.7	886.437
2678.16	916.437
2678.63	862.437
2679.1	910.437
2679.57	929.437
2680.03	933.437
2680.5	874.437
2680.97	864.437
2681.43	914.437
2681.9	903.437
2682.37	931.437
2682.84	877.437
2683.3	879.437
2683.77	890.437
2684.23	927.437
2684.7	881.437
2685.17	902.437
2685.63	910.437
2686.1	912.437
2686.57	925.437
2687.03	917.437
2687.5	922.437
2687.97	896.437
2688.43	904.437
2688.9	913.437
2689.36	929.437
2689.83	899.437
2690.3	947.437
2690.76	948.437
2691.23	943.437
2691.69	882.437
2692.16	908.437
2692.63	922.437
2693.09	910.437
2693.56	885.437
2694.02	894.437
2694.49	855.437
2694.96	882.437
2695.42	861.437
2695.89	833.437
2696.35	821.437
2696.82	903.437
2697.28	857.437
2697.75	865.437
2698.21	866.437
2698.68	902.437
2699.14	925.437
2699.61	936.437
2700.07	920.437
2700.54	900.437
2701	942.437
2701.47	882.437
2701.93	916.437
2702.4	933.437
2702.86	922.437
2703.33	890.437
2703.79	907.437
2704.26	915.437
2704.72	941.437
2705.19	864.437
2705.65	957.437
2706.12	921.437
2706.58	923.437
2707.05	919.437
2707.51	914.437
2707.98	937.437
2708.44	961.437
2708.9	900.437
2709.37	916.437
2709.83	904.437
2710.3	900.437
2710.76	873.437
2711.23	883.437
2711.69	908.437
2712.15	955.437
2712.62	916.437
2713.08	945.437
2713.55	905.437
2714.01	936.437
2714.47	890.437
2714.94	908.437
2715.4	905.437
2715.86	850.437
2716.33	811.437
2716.79	888.016
2717.25	887.981
2717.72	887.902
2718.18	887.648
2718.65	887.981
2719.11	888.183
2719.57	887.288
2720.04	887.464
2720.5	787.437
2720.96	829.437
2721.42	869.437
2721.89	896.437
2722.35	901.437
2722.81	883.437
2723.28	919.437
2723.74	900.437
2724.2	915.437
2724.67	884.437
2725.13	914.437
2725.59	959.437
2726.06	888.437
2726.52	886.437
2726.98	899.437
2727.44	908.437
2727.91	968.437
2728.37	896.437
2728.83	963.437
2729.29	901.437
2729.76	887.437
2730.22	887.437
2730.68	878.437
2731.14	894.437
2731.6	915.437
2732.07	897.437
2732.53	922.437
2732.99	905.437
2733.45	880.437
2733.92	907.437
2734.38	889.437
2734.84	910.437
2735.3	917.437
2735.76	903.437
2736.22	910.437
2736.69	870.437
2737.15	914.437
2737.61	906.437
2738.07	848.437
2738.53	890.437
2739	882.437
2739.46	929.437
2739.92	904.437
2740.38	925.437
2740.84	889.437
2741.3	906.437
2741.76	927.437
2742.23	914.437
2742.69	889.437
2743.15	898.437
2743.61	913.437
2744.07	907.437
2744.53	901.437
2744.99	910.437
2745.45	930.437
2745.91	893.437
2746.37	925.437
2746.83	934.437
2747.3	914.437
2747.76	918.437
2748.22	868.437
2748.68	932.437
2749.14	915.437
2749.6	911.437
2750.06	959.437
2750.52	908.437
2750.98	923.437
2751.44	923.437
2751.9	921.437
2752.36	896.437
2752.82	924.437
2753.28	889.437
2753.74	896.437
2754.2	926.437
2754.66	876.437
2755.12	932.437
2755.58	906.437
2756.04	881.437
2756.5	943.437
2756.96	934.437
2757.42	914.437
2757.88	900.437
2758.34	898.437
2758.8	941.437
2759.26	917.437
2759.72	918.437
2760.18	888.437
2760.64	898.437
2761.1	915.437
2761.56	859.437
2762.02	904.437
2762.48	873.437
2762.94	910.437
2763.4	960.437
2763.86	887.437
2764.32	914.437
2764.78	913.437
2765.23	895.437
2765.69	922.437
2766.15	932.437
2766.61	865.437
2767.07	916.437
2767.53	937.437
2767.99	852.437
2768.45	923.437
2768.91	888.437
2769.36	931.437
2769.82	919.437
2770.28	889.437
2770.74	910.437
2771.2	901.437
2771.66	894.437
2772.12	896.437
2772.57	919.437
2773.03	895.437
2773.49	914.437
2773.95	882.437
2774.41	911.437
2774.87	874.437
2775.32	882.437
2775.78	903.437
2776.24	887.437
2776.7	913.437
2777.16	865.437
2777.62	899.437
2778.07	918.437
2778.53	946.437
2778.99	923.437
2779.45	912.437
2779.91	937.437
2780.36	865.437
2780.82	891.437
2781.28	896.437
2781.74	896.437
2782.19	875.437
2782.65	900.437
2783.11	907.437
2783.57	959.437
2784.02	917.437
2784.48	908.437
2784.94	902.437
2785.39	910.437
2785.85	902.437
2786.31	886.437
2786.77	908.437
2787.22	922.437
2787.68	901.437
2788.14	927.437
2788.6	907.437
2789.05	938.437
2789.51	936.437
2789.97	902.437
2790.42	871.437
2790.88	932.437
2791.34	899.437
2791.79	914.437
2792.25	904.437
2792.71	931.437
2793.16	952.437
2793.62	910.437
2794.07	905.437
2794.53	868.437
2794.99	910.437
2795.44	896.437
2795.9	892.437
2796.36	932.437
2796.81	911.437
2797.27	880.437
2797.73	902.437
2798.18	937.437
2798.64	902.437
2799.09	884.437
2799.55	851.437
2800.01	880.437
2800.46	926.437
2800.92	878.437
2801.37	932.437
2801.83	906.437
2802.29	946.437
2802.74	898.437
2803.2	919.437
2803.65	880.437
2804.11	908.437
2804.56	934.437
2805.02	899.437
2805.47	891.437
2805.93	868.437
2806.38	885.437
2806.84	899.437
2807.3	882.437
2807.75	901.437
2808.21	893.437
2808.66	932.437
2809.12	873.437
2809.57	926.437
2810.03	910.437
2810.48	914.437
2810.93	937.437
2811.39	938.437
2811.85	918.437
2812.3	981.437
2812.75	943.437
2813.21	920.437
2813.66	854.437
2814.12	953.437
2814.57	873.437
2815.03	925.437
2815.48	930.437
2815.94	919.437
2816.39	918.437
2816.84	930.437
2817.3	901.437
2817.75	916.437
2818.21	864.437
2818.66	895.437
2819.12	912.437
2819.57	918.437
2820.02	946.437
2820.48	940.437
2820.93	945.437
2821.39	936.437
2821.84	884.437
2822.29	873.437
2822.75	911.437
2823.2	885.437
2823.66	912.437
2824.11	888.437
2824.56	913.437
2825.02	870.437
2825.47	907.437
2825.92	882.437
2826.38	918.437
2826.83	906.437
2827.28	873.437
2827.74	902.437
2828.19	918.437
2828.64	875.437
2829.1	878.437
2829.55	905.437
2830	916.437
2830.46	912.437
2830.91	927.437
2831.36	930.437
2831.82	920.437
2832.27	900.437
2832.72	916.437
2833.17	873.437
2833.63	910.437
2834.08	917.437
2834.53	904.437
2834.99	929.437
2835.44	928.437
2835.89	895.437
2836.34	962.437
2836.8	891.437
2837.25	905.437
2837.7	909.437
2838.15	898.437
2838.61	933.437
2839.06	923.437
2839.51	870.437
2839.96	898.437
2840.41	926.437
2840.87	906.437
2841.32	890.437
2841.77	887.437
2842.22	932.437
2842.68	884.437
2843.13	920.437
2843.58	905.437
2844.03	890.437
2844.48	882.437
2844.93	842.437
2845.39	846.437
2845.84	897.437
2846.29	860.437
2846.74	887.437
2847.19	937.437
2847.64	923.437
2848.1	886.437
2848.55	920.437
2849	942.437
2849.45	940.437
2849.9	902.437
2850.35	919.437
2850.8	861.437
2851.25	881.437
2851.71	943.437
2852.16	850.437
2852.61	967.437
2853.06	914.437
2853.51	908.437
2853.96	904.437
2854.41	884.437
2854.86	949.437
2855.31	907.437
2855.76	870.437
2856.21	898.437
2856.66	951.437
2857.12	873.437
2857.57	908.437
2858.02	912.437
2858.47	915.437
2858.92	893.437
2859.37	916.437
2859.82	902.437
2860.27	914.437
2860.72	892.437
2861.17	911.437
2861.62	918.437
2862.07	913.437
2862.52	926.437
2862.97	913.437
2863.42	889.437
2863.87	899.437
2864.32	898.437
2864.77	894.437
2865.22	921.437
2865.67	918.437
2866.12	902.437
2866.57	947.437
2867.02	897.437
2867.47	940.437
2867.92	891.437
2868.37	892.437
2868.82	877.437
2869.27	916.437
2869.72	868.437
2870.17	894.437
2870.61	905.437
2871.06	901.437
2871.51	904.437
2871.96	890.437
2872.41	865.437
2872.86	936.437
2873.31	919.437
2873.76	882.437
2874.21	905.437
2874.66	826.437
2875.11	901.437
2875.55	884.437
2876	891.437
2876.45	898.437
2876.9	910.437
2877.35	918.437
2877.8	883.437
2878.25	894.437
2878.7	873.437
2879.14	863.437
2879.59	917.437
2880.04	898.437
2880.49	874.437
2880.94	891.437
2881.39	896.437
2881.84	928.437
2882.28	905.437
2882.73	890.437
2883.18	926.437
2883.63	873.437
2884.08	937.437
2884.52	879.437
2884.97	883.437
2885.42	909.437
2885.87	889.437
2886.32	892.437
2886.76	910.437
2887.21	871.437
2887.66	922.437
2888.11	860.437
2888.55	912.437
2889	860.437
2889.45	919.437
2889.9	926.437
2890.35	931.437
2890.79	903.437
2891.24	866.437
2891.69	907.437
2892.13	904.437
2892.58	942.437
2893.03	904.437
2893.48	898.437
2893.92	892.437
2894.37	921.437
2894.82	879.437
2895.26	889.437
2895.71	903.437
2896.16	914.437
2896.61	868.437
2897.05	856.437
2897.5	921.437
2897.95	868.437
2898.39	924.437
2898.84	849.437
2899.29	944.437
2899.73	941.437
2900.18	883.437
2900.63	852.437
2901.07	903.437
2901.52	941.437
2901.97	904.437
2902.41	863.437
2902.86	851.437
2903.31	883.437
2903.75	901.437
2904.2	891.437
2904.64	886.437
2905.09	907.437
2905.54	908.437
2905.98	896.437
2906.43	907.437
2906.87	893.437
2907.32	905.437
2907.77	886.437
2908.21	945.437
2908.66	886.437
2909.1	854.437
2909.55	902.437
2909.99	905.437
2910.44	885.437
2910.89	915.437
2911.33	882.437
2911.78	877.437
2912.22	894.437
2912.67	924.437
2913.11	881.437
2913.56	918.437
2914	889.437
2914.45	924.437
2914.9	885.437
2915.34	925.437
2915.78	916.437
2916.23	903.437
2916.68	929.437
2917.12	923.437
2917.57	865.437
2918.01	944.437
2918.45	875.437
2918.9	853.437
2919.35	902.437
2919.79	867.437
2920.23	879.437
2920.68	877.437
2921.12	868.437
2921.57	928.437
2922.01	859.437
2922.46	877.437
2922.9	835.437
2923.35	926.437
2923.79	939.437
2924.24	929.437
2924.68	915.437
2925.12	905.437
2925.57	900.437
2926.01	878.437
2926.46	923.437
2926.9	865.437
2927.34	887.437
2927.79	915.437
2928.23	844.437
2928.68	909.437
2929.12	910.437
2929.56	921.437
2930.01	880.437
2930.45	914.437
2930.89	896.437
2931.34	919.437
2931.78	899.437
2932.23	916.437
2932.67	955.437
2933.11	923.437
2933.56	954.437
2934	939.437
2934.44	885.437
2934.89	829.437
2935.33	888.437
2935.77	908.437
2936.22	881.437
2936.66	908.437
2937.1	874.437
2937.55	928.437
2937.99	896.437
2938.43	910.437
2938.88	935.437
2939.32	912.437
2939.76	876.437
2940.2	906.437
2940.65	883.437
2941.09	886.437
2941.53	934.437
2941.97	928.437
2942.42	880.437
2942.86	928.437
2943.3	937.437
2943.75	908.437
2944.19	914.437
2944.63	862.437
2945.07	817.437
2945.52	855.437
2945.96	832.437
2946.4	856.437
2946.84	831.437
2947.28	854.437
2947.73	851.437
2948.17	910.437
2948.61	920.437
2949.05	896.437
2949.49	933.437
2949.94	926.437
2950.38	898.437
2950.82	894.437
2951.26	884.437
2951.7	902.437
2952.15	914.437
2952.59	882.437
2953.03	910.437
2953.47	907.437
2953.91	900.437
2954.35	886.437
2954.8	892.437
2955.24	897.437
2955.68	869.437
2956.12	932.437
2956.56	881.437
2957	890.437
2957.44	884.437
2957.88	929.437
2958.33	897.437
2958.77	860.437
2959.21	900.437
2959.65	879.437
2960.09	871.437
2960.53	890.437
2960.97	921.437
2961.41	957.437
2961.85	943.437
2962.29	884.437
2962.74	931.437
2963.18	874.437
2963.62	865.437
2964.06	879.437
2964.5	898.437
2964.94	915.437
2965.38	922.437
2965.82	891.437
2966.26	906.437
2966.7	911.437
2967.14	883.437
2967.58	895.437
2968.02	914.437
2968.46	878.432
2968.9	902.054
2969.34	895.331
2969.78	906.032
2970.22	875.835
2970.66	906.781
2971.1	897.895
2971.54	877.866
2971.98	872.567
2972.42	910.216
2972.86	904.823
2973.3	885.758
2973.74	889.32
2974.18	862.609
2974.62	917.574
2975.06	918.98
2975.5	906.26
2975.94	901.189
2976.38	895.451
2976.82	890.812
2977.26	916.128
2977.7	927.48
2978.14	885.211
2978.57	884.052
2979.01	901.077
2979.45	880.889
2979.89	902.385
2980.33	897.944
2980.77	913.152
2981.21	889.751
2981.65	899.995
2982.09	908.461
2982.53	905.705
2982.97	876.468
2983.4	923.328
2983.84	853.353
2984.28	896.284
2984.72	902.456
2985.16	927.547
2985.6	885.701
2986.04	887.468
2986.47	883.45
2986.91	893.361
2987.35	873.902
2987.79	856.618
2988.23	879.727
2988.67	907.977
2989.1	906.626
2989.54	899.6
2989.98	921.61
2990.42	861.295
2990.86	930.641
2991.3	905.044
2991.73	886.3
2992.17	888.295
2992.61	859.812
2993.05	915.996
2993.49	870.574
2993.92	886.779
2994.36	889.987
2994.8	901.698
2995.24	933.513
2995.67	910.601
2996.11	875.35
2996.55	853.176
2996.99	885.726
2997.42	879.721
2997.86	901.281
2998.3	908.431
2998.74	891.39
2999.17	882.931
2999.61	891.181
3000.05	939.275
3000.49	895.306
3000.92	874.715
3001.36	892.899
3001.8	900.906
3002.23	890.111
3002.67	901.811
3003.11	890.482
3003.55	890.978
3003.98	910.823
3004.42	922.277
3004.86	891.95
3005.29	860.771
3005.73	862.369
3006.17	863.436
3006.6	875.575
3007.04	862.335
3007.47	885.919
3007.91	905.721
3008.35	914.401
3008.78	907.483
3009.22	898.246
3009.66	897.382
3010.09	897.362
3010.53	888.924
3010.97	868.225
3011.4	890.574
3011.84	879.998
3012.27	881.119
3012.71	899.709
3013.15	903.902
3013.58	939.371
3014.02	938.486
3014.45	872.336
3014.89	891.98
3015.33	879.38
3015.76	881.789
3016.2	898.138
3016.63	860.685
3017.07	905.521
3017.5	893.561
3017.94	874.523
3018.38	905.726
3018.81	909.524
3019.25	898.885
3019.68	898.423
3020.12	896.751
3020.55	891.959
3020.99	862.594
3021.42	865.252
3021.86	933.124
3022.29	880.908
3022.73	924.591
3023.16	907.63
3023.6	886.994
3024.03	932.371
3024.47	866.795
3024.9	872.838
3025.34	900.646
3025.77	886.536
3026.21	928.167
3026.64	896.525
3027.08	883.637
3027.51	890.139
3027.95	917.795
3028.38	906.207
3028.82	901.502
3029.25	875.224
3029.68	947.434
3030.12	927.985
3030.55	920.289
3030.99	909.211
3031.42	891.678
3031.86	921.075
3032.29	899.547
3032.72	913.025
3033.16	943.419
3033.59	954.901
3034.03	915.977
3034.46	892.127
3034.9	864.579
3035.33	852.345
3035.76	849.253
3036.2	875.635
3036.63	850.537
3037.06	882.18
3037.5	871.124
3037.93	886.104
3038.36	920.212
3038.8	913.576
3039.23	905.709
3039.67	886.32
3040.1	870.786
3040.53	905.069
3040.97	895.232
3041.4	868.563
3041.83	893.585
3042.28	893.8
3042.72	872.015
3043.16	873.706
3043.6	874.023
3044.04	873.973
3044.48	874.248
3044.92	889.456
3045.37	888.798
3045.81	887.871
3046.25	894.742
3046.69	894.39
3047.13	876.563
3047.57	879.563
3048.01	925.563
3048.45	863.563
3048.89	873.563
3049.33	879.563
3049.77	894.264
3050.22	889.563
3050.66	857.563
3051.1	897.563
3051.54	893.563
3051.98	910.563
3052.42	875.563
3052.86	927.563
3053.3	942.563
3053.74	956.563
3054.18	918.563
3054.62	912.563
3055.06	937.563
3055.5	908.563
3055.94	905.563
3056.38	874.563
3056.82	906.563
3057.26	947.563
3057.7	907.563
3058.14	923.563
3058.58	913.563
3059.02	897.563
3059.46	908.563
3059.9	870.563
3060.34	929.563
3060.78	920.563
3061.22	887.563
3061.66	913.563
3062.1	875.563
3062.54	897.563
3062.98	883.563
3063.42	886.563
3063.86	893.563
3064.3	913.563
3064.74	897.563
3065.18	918.563
3065.62	934.563
3066.06	896.563
3066.5	918.563
3066.94	882.563
3067.38	884.563
3067.81	924.563
3068.25	882.563
3068.69	858.563
3069.13	923.563
3069.57	926.563
3070.01	912.563
3070.45	869.563
3070.89	931.563
3071.33	919.563
3071.77	903.563
3072.21	855.563
3072.64	883.563
3073.08	891.563
3073.52	874.563
3073.96	940.563
3074.4	924.563
3074.84	877.563
3075.28	916.563
3075.71	839.563
3076.15	904.563
3076.59	864.563
3077.03	848.563
3077.47	890.604
3077.9	891.037
3078.34	891.221
3078.78	891.021
3079.22	891.312
3079.66	891.196
3080.1	852.563
3080.53	889.563
3080.97	910.563
3081.41	870.563
3081.85	843.563
3082.29	932.563
3082.72	941.563
3083.16	914.563
3083.6	919.563
3084.04	956.563
3084.48	904.563
3084.91	929.563
3085.35	885.563
3085.79	918.563
3086.22	855.563
3086.66	855.563
3087.1	845.563
3087.54	869.563
3087.97	899.563
3088.41	871.563
3088.85	937.563
3089.29	919.563
3089.72	903.563
3090.16	939.563
3090.6	903.563
3091.04	889.563
3091.47	916.563
3091.91	905.563
3092.35	894.563
3092.78	932.563
3093.22	948.563
3093.66	916.563
3094.09	927.563
3094.53	866.563
3094.97	891.563
3095.4	921.563
3095.84	867.563
3096.28	888.563
3096.71	873.563
3097.15	888.563
3097.59	869.563
3098.02	892.554
3098.46	893.137
3098.9	880.496
3099.33	880.963
3099.77	881.796
3100.2	881.863
3100.64	881.188
3101.08	881.046
3101.51	893.954
3101.95	893.512
3102.39	833.563
3102.82	837.563
3103.26	904.563
3103.69	903.563
3104.13	938.563
3104.56	919.563
3105	890.563
3105.44	901.563
3105.87	903.563
3106.31	895.563
3106.74	855.563
3107.18	946.563
3107.61	913.563
3108.05	962.563
3108.49	909.563
3108.92	892.563
3109.36	920.563
3109.79	906.563
3110.23	920.563
3110.66	897.563
3111.1	897.563
3111.53	916.563
3111.97	909.563
3112.4	912.563
3112.84	866.563
3113.27	939.563
3113.71	955.563
3114.14	894.563
3114.58	863.563
3115.01	886.563
3115.45	883.563
3115.88	885.563
3116.32	971.563
3116.75	937.563
3117.19	895.563
3117.62	964.563
3118.06	918.563
3118.49	911.563
3118.93	947.563
3119.36	908.563
3119.79	880.563
3120.23	916.563
3120.66	895.563
3121.1	929.563
3121.53	928.563
3121.96	952.563
3122.4	895.563
3122.83	898.563
3123.27	932.563
3123.7	907.563
3124.14	852.563
3124.57	903.563
3125	890.563
3125.44	870.563
3125.87	942.563
3126.31	868.563
3126.74	908.563
3127.17	938.563
3127.61	924.563
3128.04	898.563
3128.47	945.563
3128.91	889.563
3129.34	940.563
3129.78	918.563
3130.21	884.563
3130.64	927.563
3131.07	936.563
3131.51	921.563
3131.94	928.563
3132.38	873.563
3132.81	929.563
3133.24	944.563
3133.68	922.563
3134.11	933.563
3134.54	911.563
3134.97	920.563
3135.41	887.563
3135.84	918.563
3136.27	887.563
3136.71	963.563
3137.14	905.563
3137.57	920.563
3138	863.563
3138.44	961.563
3138.87	916.563
3139.3	887.563
3139.74	862.563
3140.17	958.563
3140.6	923.563
3141.03	951.563
3141.47	923.563
3141.9	976.563
3142.33	922.563
3142.76	916.563
3143.2	910.563
3143.63	886.563
3144.06	897.563
3144.49	862.563
3144.92	925.563
3145.36	891.563
3145.79	943.563
3146.22	910.563
3146.65	908.563
3147.08	946.563
3147.51	861.563
3147.95	924.563
3148.38	913.563
3148.81	952.563
3149.24	922.563
3149.67	912.563
3150.11	951.563
3150.54	942.563
3150.97	935.563
3151.4	962.563
3151.83	972.563
3152.26	932.563
3152.69	858.563
3153.13	898.563
3153.56	929.563
3153.99	940.563
3154.42	900.563
3154.85	869.563
3155.28	989.563
3155.71	945.563
3156.15	897.563
3156.58	917.563
3157.01	958.563
3157.44	925.563
3157.87	945.563
3158.3	977.563
3158.73	899.563
3159.16	966.563
3159.59	961.563
3160.02	940.563
3160.45	919.563
3160.89	923.563
3161.32	952.563
3161.75	872.563
3162.18	932.563
3162.61	947.563
3163.04	956.563
3163.47	950.563
3163.9	870.563
3164.33	915.563
3164.76	952.563
3165.19	963.563
3165.62	924.563
3166.05	950.563
3166.48	921.563
3166.91	924.563
3167.34	904.563
3167.77	952.563
3168.2	960.563
3168.63	918.563
3169.06	922.563
3169.49	940.563
3169.92	956.563
3170.35	917.563
3170.78	990.563
3171.21	940.563
3171.64	923.563
3172.07	917.563
3172.5	903.563
3172.93	954.563
3173.36	924.563
3173.79	953.563
3174.22	922.563
3174.65	934.563
3175.08	954.563
3175.5	958.563
3175.93	943.563
3176.36	962.563
3176.79	972.563
3177.22	936.563
3177.65	937.563
3178.08	947.563
3178.51	928.563
3178.94	898.563
3179.37	963.563
3179.8	961.563
3180.22	945.563
3180.65	969.563
3181.08	992.563
3181.51	903.563
3181.94	936.563
3182.37	965.563
3182.8	931.563
3183.23	933.563
3183.65	931.563
3184.08	964.563
3184.51	896.563
3184.94	914.563
3185.37	895.563
3185.8	975.563
3186.22	945.563
3186.65	906.563
3187.08	933.563
3187.51	956.563
3187.94	937.563
3188.37	916.563
3188.79	930.563
3189.22	961.563
3189.65	945.563
3190.08	945.563
3190.51	946.563
3190.93	922.563
3191.36	923.563
3191.79	937.563
3192.22	986.563
3192.65	953.563
3193.07	974.563
3193.5	903.563
3193.93	955.563
3194.36	910.563
3194.78	963.563
3195.21	927.563
3195.64	935.563
3196.07	954.563
3196.49	961.563
3196.92	971.563
3197.35	965.563
3197.78	937.563
3198.2	935.563
3198.63	928.563
3199.06	969.563
3199.48	994.563
3199.91	992.563
3200.34	967.563
3200.77	928.563
3201.19	971.563
3201.62	981.563
3202.05	980.563
3202.47	972.563
3202.9	964.563
3203.33	944.563
3203.75	939.563
3204.18	969.563
3204.61	924.563
3205.03	930.563
3205.46	953.563
3205.89	931.563
3206.31	986.563
3206.74	982.563
3207.17	1011.56
3207.59	920.563
3208.02	971.563
3208.45	939.563
3208.87	939.563
3209.3	986.563
3209.72	972.563
3210.15	1028.56
3210.58	916.563
3211	966.563
3211.43	989.563
3211.85	969.563
3212.28	983.563
3212.71	945.563
3213.13	948.563
3213.56	968.563
3213.98	928.563
3214.41	984.563
3214.83	918.563
3215.26	918.563
3215.69	960.563
3216.11	946.563
3216.54	943.563
3216.96	943.563
3217.39	935.563
3217.81	927.563
3218.24	939.563
3218.67	951.563
3219.09	979.563
3219.52	956.563
3219.94	993.563
3220.37	945.563
3220.79	951.563
3221.22	998.563
3221.64	978.563
3222.07	1003.56
3222.49	943.563
3222.92	930.563
3223.34	923.563
3223.77	956.563
3224.19	906.563
3224.62	977.563
3225.04	987.563
3225.46	1008.56
3225.89	943.563
3226.31	985.563
3226.74	928.563
3227.16	951.563
3227.59	915.563
3228.01	972.563
3228.44	954.563
3228.86	953.563
3229.29	958.563
3229.71	951.563
3230.14	997.563
3230.56	956.563
3230.98	955.563
3231.41	964.563
3231.83	958.563
3232.26	969.563
3232.68	974.563
3233.1	975.563
3233.53	979.563
3233.95	935.563
3234.38	942.563
3234.8	976.563
3235.22	959.563
3235.65	1004.56
3236.07	927.563
3236.49	933.563
3236.92	961.563
3237.34	962.563
3237.77	940.563
3238.19	960.563
3238.61	989.563
3239.04	965.563
3239.46	1014.56
3239.88	1019.56
3240.31	994.563
3240.73	931.563
3241.15	971.563
3241.58	932.563
3242	971.563
3242.42	929.563
3242.84	985.563
3243.27	977.563
3243.69	933.563
3244.12	987.563
3244.54	1005.56
3244.96	975.563
3245.38	981.563
3245.81	939.563
3246.23	975.563
3246.65	966.563
3247.07	940.563
3247.5	920.563
3247.92	971.563
3248.34	976.563
3248.77	995.563
3249.19	959.563
3249.61	1019.56
3250.03	935.563
3250.46	954.563
3250.88	932.563
3251.3	939.563
3251.72	943.563
3252.15	963.563
3252.57	978.563
3252.99	989.563
3253.41	986.563
3253.83	993.563
3254.25	1003.56
3254.68	948.563
3255.1	975.563
3255.52	985.563
3255.94	972.563
3256.37	958.563
3256.79	971.563
3257.21	924.563
3257.63	937.563
3258.05	967.563
3258.47	981.563
3258.9	952.563
3259.32	1005.56
3259.74	1039.56
3260.16	975.563
3260.58	958.563
3261	972.563
3261.43	951.563
3261.85	966.563
3262.27	959.563
3262.69	985.563
3263.11	1004.56
3263.53	1003.56
3263.95	999.563
3264.37	987.563
3264.79	970.563
3265.22	1008.56
3265.64	962.563
3266.06	985.563
3266.48	984.563
3266.9	1029.56
3267.32	1014.56
3267.74	1062.56
3268.16	1024.56
3268.58	940.563
3269	999.563
3269.42	970.563
3269.84	952.563
3270.27	995.563
3270.69	987.563
3271.11	936.563
3271.53	967.563
3271.95	971.563
3272.37	981.563
3272.79	992.563
3273.21	1001.56
3273.63	964.563
3274.05	998.563
3274.47	975.563
3274.89	935.563
3275.31	933.563
3275.73	962.563
3276.15	986.563
3276.57	977.563
3276.99	1050.56
3277.41	1013.56
3277.83	1000.56
3278.25	954.563
3278.67	953.563
3279.09	955.563
3279.51	972.563
3279.93	978.563
3280.35	956.563
3280.77	991.563
3281.19	1018.56
3281.61	988.563
3282.03	997.563
3282.45	997.563
3282.86	955.563
3283.29	1025.56
3283.7	926.563
3284.12	989.563
3284.54	966.563
3284.96	998.563
3285.38	973.563
3285.8	1040.56
3286.22	997.563
3286.64	1006.56
3287.06	954.563
3287.48	990.563
3287.9	1046.56
3288.31	962.563
3288.73	989.563
3289.15	1021.56
3289.57	934.563
3289.99	995.563
3290.41	963.563
3290.83	1021.56
3291.25	1002.56
3291.66	1028.56
3292.08	1030.56
3292.5	974.563
3292.92	980.652
3293.34	985.921
3293.76	917.346
3294.18	903.741
3294.59	946.185
3295.01	954.681
3295.43	1009.38
3295.85	940.427
3296.27	1023.32
3296.68	998.829
3297.1	992.863
3297.52	1037.84
3297.94	1032.61
3298.36	1021.46
3298.77	945.485
3299.19	1002.72
3299.61	987.003
3300.03	1024.62
3300.45	1037.5
3300.86	991.917
3301.28	964.868
3301.7	982.364
3302.12	1038.21
3302.53	1004.39
3302.95	981.874
3303.37	978.333
3303.79	959.37
3304.2	950.377
3304.62	1008.75
3305.04	1020.48
3305.46	1009.18
3305.87	1014.57
3306.29	1034.67
3306.71	1020.68
3307.12	1015.66
3307.54	973.853
3307.96	971.002
3308.38	1038.13
3308.79	1002.74
3309.21	1032.44
3309.63	1025.58
3310.04	1027.27
3310.46	1025.81
3310.88	1000.04
3311.29	1048.88
3311.71	986.873
3312.13	1032.1
3312.54	970.781
3312.96	954.315
3313.38	971.098
3313.79	961.277
3314.21	932.238
3314.63	930.213
3315.04	943.728
3315.46	962.326
3315.88	1010.46
3316.29	1013.99
3316.71	1011.35
3317.13	1028.33
3317.54	1017.21
3317.96	969.743
3318.37	1015.55
3318.79	974.106
3319.21	984.239
3319.62	1053.87
3320.04	1013.95
3320.45	1028.55
3320.87	1016.87
3321.29	1035.12
3321.7	1023.14
3322.12	1005.5
3322.53	1009.68
3322.95	1006.79
3323.37	1034.9
3323.78	1009.16
3324.2	1030.12
3324.61	1012.69
3325.03	1004.2
3325.44	978.422
3325.86	999.434
3326.27	1012.03
3326.69	1037.74
3327.1	995.387
3327.52	998.232
3327.94	1006.34
3328.35	1031.15
3328.76	1026.89
3329.18	1041.73
3329.6	1012.78
3330.01	1016.58
3330.43	1022.49
3330.84	1017.78
3331.26	1020.73
3331.67	1023.45
3332.08	1019.67
3332.5	1037.82
3332.92	1056.93
3333.33	1038.47
3333.74	1019.17
3334.16	1059.69
3334.57	1040.39
3334.99	1044.96
3335.4	1032.43
3335.82	1017.29
3336.23	1004.4
3336.65	1044.38
3337.06	1001.17
3337.48	1032.96
3337.89	1082.87
3338.3	1017.79
3338.72	1064.07
3339.13	1064.28
3339.55	1049.94
3339.96	1037.25
3340.37	1070.5
3340.79	1028.08
3341.2	1034
3341.62	1010.21
3342.03	1040.5
3342.44	1033.51
3342.86	1045.25
3343.27	1025.05
3343.69	1037.18
3344.1	1089.81
3344.51	1050.28
3344.93	1048.79
3345.34	1015.84
3345.75	1011.28
3346.17	1036.7
3346.58	1049.26
3346.99	1032.58
3347.41	1061.69
3347.82	1023.79
3348.23	1023.76
3348.65	1066.53
3349.06	1017.61
3349.47	1031.04
3349.89	1042.75
3350.3	1020.18
3350.71	1074.39
3351.13	1050.56
3351.54	1040.34
3351.95	1068.55
3352.37	1067.68
3352.78	1117.08
3353.19	1064.81
3353.6	1101.01
3354.02	1050.21
3354.43	1047.84
3354.84	1042.88
3355.26	1061.09
3355.67	1012.09
3356.08	1052.27
3356.49	1022.14
3356.91	1035
3357.32	1011.54
3357.73	1047.23
3358.14	1026.45
3358.56	1027.07
3358.97	1073.17
3359.38	1033.3
3359.79	1070.28
3360.21	1076.36
3360.62	1060.46
3361.03	1047.52
3361.44	1061.33
3361.85	1049.11
3362.27	1039
3362.68	1026.52
3363.09	1058.69
3363.5	1059.39
3363.91	1061.3
3364.33	1050.81
3364.74	1051.3
3365.15	1052.34
3365.56	1052.32
3365.97	1063.61
3366.38	1063.57
3366.8	1063.59
3367.21	1010.24
3367.62	1014.07
3368.03	1074.19
3368.44	1094.97
3368.85	1021.71
3369.26	1052.09
3369.68	1026.95
3370.09	1073.82
3370.5	1067.48
3370.91	1060.01
3371.32	1094.24
3371.73	1091.05
3372.14	1102.12
3372.55	1111.68
3372.97	1090.33
3373.38	1058.29
3373.79	1097.47
3374.2	1094.99
3374.61	1070.11
3375.02	1086.46
3375.43	1093.33
3375.84	1119.68
3376.25	1089.05
3376.66	1108.06
3377.07	1096.21
3377.48	1133.91
3377.89	1075.96
3378.31	1102.52
3378.72	1100.42
3379.13	1101.42
3379.54	1089.42
3379.95	1092.66
3380.36	1095.79
3380.77	1115.19
3381.18	1105.26
3381.59	1113.21
3382	1097.3
3382.41	1105.08
3382.82	1112.72
3383.23	1098.23
3383.64	1133.56
3384.05	1096.17
3384.46	1093.94
3384.87	1056.78
3385.28	1088.52
3385.69	1112.48
3386.1	1123.03
3386.51	1130.07
3386.92	1119.71
3387.33	1123.84
3387.74	1072.61
3388.15	1139.45
3388.56	1123.08
3388.97	1130.64
3389.38	1105.24
3389.78	1068.38
3390.19	1125.76
3390.6	1081.8
3391.01	1101.43
3391.42	1153.15
3391.83	1109.6
3392.24	1154.77
3392.65	1136.81
3393.06	1120.89
3393.47	1111.26
3393.88	1157.67
3394.29	1142.36
3394.7	1134.54
3395.11	1103.81
3395.51	1167.84
3395.92	1075.54
3396.33	1055.06
3396.74	1021.39
3397.15	1009.71
3397.56	1023.55
3397.97	1021.1
3398.38	1005.77
3398.78	1083.56
3399.19	1095.74
3399.6	1083.53
3400.01	1129.11
3400.42	1105.68
3400.83	1167
3401.23	1162.67
3401.64	1191.08
3402.05	1180.4
3402.46	1143.2
3402.87	1081.9
3403.28	1151.7
3403.68	1180.09
3404.09	1133.63
3404.49	1072.5
3404.91	1095.5
3405.32	1123.5
3405.74	1134.5
3406.15	1096.5
3406.57	1121.5
3406.98	1106.5
3407.4	1102.5
3407.81	1162.5
3408.23	1111.5
3408.64	1153.5
3409.06	1147.5
3409.47	1142.5
3409.89	1168.5
3410.3	1169.5
3410.72	1151.5
3411.13	1152.5
3411.55	1121.5
3411.96	1200.5
3412.37	1177.5
3412.79	1173.5
3413.2	1185.5
3413.62	1186.5
3414.03	1198.5
3414.45	1206.5
3414.86	1107.5
3415.28	1078.5
3415.69	1159.45
3416.1	1152.37
3416.52	1154.26
3416.93	1142.67
3417.35	1144.5
3417.76	1145.94
3418.17	1146.59
3418.59	1159.76
3419	1159.79
3419.42	1168.7
3419.83	1169.15
3420.24	1143.5
3420.66	1165.5
3421.07	1201.5
3421.49	1137.5
3421.9	1184.5
3422.31	1214.5
3422.73	1220.5
3423.14	1144.5
3423.55	1201.5
3423.97	1237.5
3424.38	1189.5
3424.79	1187.5
3425.21	1206.5
3425.62	1221.5
3426.03	1189.5
3426.45	1216.5
3426.86	1211.5
3427.27	1218.5
3427.69	1204.5
3428.1	1164.5
3428.51	1152.5
3428.93	1251.5
3429.34	1221.5
3429.75	1287.5
3430.16	1129.5
3430.58	1179.5
3430.99	1217.5
3431.4	1221.5
3431.82	1188.5
3432.23	1200.5
3432.64	1184.5
3433.05	1233.5
3433.47	1195.5
3433.88	1276.5
3434.29	1249.5
3434.7	1195.5
3435.12	1175.5
3435.53	1256.5
3435.94	1191.5
3436.35	1263.5
3436.77	1218.5
3437.18	1220.5
3437.59	1205.5
3438	1246.5
3438.42	1234.5
3438.83	1265.5
3439.24	1272.5
3439.65	1237.5
3440.06	1181.5
3440.48	1196.5
3440.89	1208.5
3441.3	1225.5
3441.71	1239.5
3442.12	1236.5
3442.53	1218.5
3442.95	1244.5
3443.36	1233.5
3443.77	1280.5
3444.18	1261.5
3444.59	1295.5
3445	1193.5
3445.42	1250.5
3445.83	1201.5
3446.24	1270.5
3446.65	1295.5
3447.06	1211.5
3447.47	1243.5
3447.88	1296.5
3448.3	1250.5
3448.71	1271.5
3449.12	1294.5
3449.53	1239.5
3449.94	1253.5
3450.35	1253.5
3450.76	1258.5
3451.17	1249.5
3451.58	1261.5
3452	1297.5
3452.41	1292.5
3452.82	1284.5
3453.23	1290.5
3453.64	1245.5
3454.05	1245.5
3454.46	1329.5
3454.87	1288.5
3455.28	1235.5
3455.69	1270.5
3456.1	1273.5
3456.51	1322.5
3456.92	1299.5
3457.33	1313.5
3457.74	1293.5
3458.15	1281.5
3458.57	1299.5
3458.98	1298.5
3459.39	1310.5
3459.8	1271.5
3460.21	1259.5
3460.62	1322.5
3461.03	1322.5
3461.44	1356.5
3461.85	1311.5
3462.26	1290.5
3462.67	1292.5
3463.08	1312.5
3463.49	1340.5
3463.9	1286.5
3464.31	1299.5
3464.72	1300.5
3465.13	1348.5
3465.53	1310.5
3465.95	1299.5
3466.35	1362.5
3466.76	1362.5
3467.17	1285.5
3467.58	1279.5
3467.99	1276.5
3468.4	1284.5
3468.81	1324.5
3469.22	1375.5
3469.63	1328.5
3470.04	1296.5
3470.45	1353.5
3470.86	1361.5
3471.27	1343.5
3471.68	1325.5
3472.09	1306.5
3472.49	1324.5
3472.9	1331.5
3473.31	1359.5
3473.72	1340.5
3474.13	1283.5
3474.54	1303.5
3474.95	1372.5
3475.36	1349.5
3475.77	1278.5
3476.17	1380.5
3476.58	1371.5
3476.99	1319.5
3477.4	1321.5
3477.81	1333.5
3478.22	1326.5
3478.63	1378.5
3479.03	1382.5
3479.44	1350.5
3479.85	1387.5
3480.26	1354.5
3480.67	1373.5
3481.08	1342.5
3481.48	1380.5
3481.89	1387.5
3482.3	1359.5
3482.71	1412.5
3483.12	1348.5
3483.53	1385.5
3483.93	1411.5
3484.34	1371.5
3484.75	1440.5
3485.16	1378.5
3485.56	1421.5
3485.97	1383.5
3486.38	1423.5
3486.79	1377.5
3487.2	1392.5
3487.6	1379.5
3488.01	1314.5
3488.42	1385.5
3488.83	1346.5
3489.23	1420.5
3489.64	1429.5
3490.05	1450.5
3490.46	1397.5
3490.86	1398.5
3491.27	1445.5
3491.68	1464.5
3492.09	1373.5
3492.49	1413.5
3492.9	1366.5
3493.31	1416.5
3493.71	1383.5
3494.12	1399.5
3494.53	1420.5
3494.94	1425.5
3495.34	1425.5
3495.75	1357.5
3496.16	1444.5
3496.56	1386.5
3496.97	1460.5
3497.38	1397.5
3497.78	1440.5
3498.19	1465.5
3498.6	1470.5
3499	1450.5
3499.41	1470.5
3499.82	1491.5
3500.22	1468.5
3500.63	1494.5
3501.04	1480.5
3501.44	1468.5
3501.85	1456.5
3502.26	1451.5
3502.66	1482.5
3503.07	1461.5
3503.47	1473.5
3503.88	1486.5
3504.29	1467.5
3504.69	1474.5
3505.1	1478.5
3505.51	1452.5
3505.91	1465.5
3506.32	1463.5
3506.72	1483.5
3507.13	1502.5
3507.54	1478.5
3507.94	1540.5
3508.35	1466.5
3508.75	1508.5
3509.16	1486.5
3509.56	1474.5
3509.97	1504.5
3510.37	1527.5
3510.78	1498.5
3511.19	1472.5
3511.59	1538.5
3512	1470.5
3512.4	1500.5
3512.81	1500.5
3513.21	1448.5
3513.62	1509.5
3514.02	1486.5
3514.43	1428.5
3514.83	1425.5
3515.24	1478.5
3515.64	1512.5
3516.05	1522.5
3516.46	1477.5
3516.86	1558.5
3517.26	1538.5
3517.67	1554.5
3518.07	1542.5
3518.48	1518.5
3518.88	1496.5
3519.29	1574.5
3519.69	1538.5
3520.1	1507.5
3520.5	1491.5
3520.91	1539.5
3521.31	1480.5
3521.72	1530.5
3522.12	1555.5
3522.53	1523.5
3522.93	1548.5
3523.33	1570.5
3523.74	1513.5
3524.14	1448.5
3524.55	1514.5
3524.95	1523.5
3525.36	1586.5
3525.76	1474.5
3526.17	1498.5
3526.57	1503.5
3526.97	1584.5
3527.38	1588.5
3527.78	1608.5
3528.19	1612.5
3528.59	1575.5
3528.99	1576.5
3529.4	1517.5
3529.8	1572.5
3530.2	1518.5
3530.61	1534.5
3531.01	1546.5
3531.42	1566.5
3531.82	1535.5
3532.22	1600.5
3532.63	1548.5
3533.03	1586.5
3533.43	1594.5
3533.84	1563.5
3534.24	1571.5
3534.64	1541.5
3535.05	1579.5
3535.45	1568.5
3535.85	1567.5
3536.26	1557.5
3536.66	1549.5
3537.06	1586.5
3537.47	1582.5
3537.87	1589.5
3538.27	1623.5
3538.68	1607.5
3539.08	1578.5
3539.48	1577.5
3539.89	1519.5
3540.29	1604.5
3540.69	1606.5
3541.09	1587.5
3541.5	1544.5
3541.9	1560.5
3542.3	1524.5
3542.7	1579.5
3543.11	1574.5
3543.51	1561.5
3543.91	1580.5
3544.31	1606.5
3544.72	1591.5
3545.12	1634.5
3545.52	1595.5
3545.92	1564.5
3546.33	1614.5
3546.73	1548.5
3547.13	1619.5
3547.53	1632.5
3547.94	1585.5
3548.34	1624.5
3548.74	1604.5
3549.14	1574.5
3549.54	1598.5
3549.95	1544.5
3550.35	1554.5
3550.75	1578.5
3551.15	1632.5
3551.55	1628.5
3551.96	1608.5
3552.36	1613.5
3552.76	1585.5
3553.16	1591.5
3553.56	1568.5
3553.96	1578.5
3554.36	1638.5
3554.77	1568.5
3555.17	1606.5
3555.57	1561.5
3555.97	1635.5
3556.37	1629.5
3556.77	1620.5
3557.17	1583.5
3557.58	1624.5
3557.98	1535.5
3558.38	1613.5
3558.78	1585.5
3559.18	1674.5
3559.58	1631.5
3559.98	1622.5
3560.38	1639.5
3560.79	1592.5
3561.19	1639.5
3561.59	1652.5
3561.99	1556.5
3562.39	1601.5
3562.79	1562.5
3563.19	1558.5
3563.59	1576.5
3563.99	1649.5
3564.39	1600.5
3564.79	1655.5
3565.19	1577.5
3565.59	1591.5
3565.99	1617.5
3566.39	1560.5
3566.8	1541.5
3567.2	1571.5
3567.6	1576.5
3568	1556.5
3568.4	1595.5
3568.8	1566.5
3569.2	1558.5
3569.6	1623.5
3570	1603.5
3570.4	1620.5
3570.8	1627.5
3571.2	1610.5
3571.6	1630.5
3572	1538.5
3572.4	1608.5
3572.8	1547.5
3573.2	1559.5
3573.6	1553.5
3574	1595.5
3574.4	1604.5
3574.8	1578.5
3575.2	1566.5
3575.6	1564.5
3576	1607.5
3576.4	1580.5
3576.79	1508.5
3577.19	1566.5
3577.59	1524.5
3577.99	1581.5
3578.39	1545.5
3578.79	1536.5
3579.19	1625.5
3579.59	1608.5
3579.99	1582.5
3580.39	1601.5
3580.79	1562.5
3581.19	1519.5
3581.59	1538.5
3581.99	1490.5
3582.38	1463.5
3582.78	1515.5
3583.18	1516.5
3583.58	1544.5
3583.98	1529.5
3584.38	1516.5
3584.78	1525.5
3585.18	1509.5
3585.57	1496.5
3585.97	1507.5
3586.37	1498.5
3586.77	1526.5
3587.17	1496.5
3587.57	1515.5
3587.97	1490.5
3588.36	1502.5
3588.76	1480.5
3589.16	1454.5
3589.56	1527.5
3589.96	1483.5
3590.36	1498.5
3590.75	1421.5
3591.15	1487.5
3591.55	1467.5
3591.95	1468.5
3592.35	1477.5
3592.74	1475.5
3593.14	1496.5
3593.54	1456.5
3593.94	1510.5
3594.34	1500.5
3594.73	1452.5
3595.13	1487.5
3595.53	1471.5
3595.93	1474.5
3596.33	1428.5
3596.72	1413.5
3597.12	1429.5
3597.52	1463.5
3597.92	1390.5
3598.31	1419.5
3598.71	1462.5
3599.11	1477.5
3599.51	1480.5
3599.9	1409.5
3600.3	1389.5
3600.7	1371.5
3601.1	1434.5
3601.49	1437.5
3601.89	1401.5
3602.29	1480.5
3602.69	1413.5
3603.08	1365.5
3603.48	1406.5
3603.88	1449.5
3604.27	1363.5
3604.67	1364.5
3605.07	1404.5
3605.46	1331.5
3605.86	1411.5
3606.26	1410.5
3606.65	1356.5
3607.05	1393.5
3607.45	1405.5
3607.84	1442.5
3608.24	1379.5
3608.64	1384.5
3609.03	1392.46
3609.43	1371.22
3609.83	1300.67
3610.22	1317.13
3610.62	1307.01
3611.02	1306.91
3611.41	1268.66
3611.81	1338.92
3612.2	1327.92
3612.6	1319.85
3613	1376.72
3613.39	1280.54
3613.79	1341.77
3614.19	1309.82
3614.58	1313.89
3614.98	1266.68
3615.37	1299.78
3615.77	1298.55
3616.16	1313.96
3616.56	1298.86
3616.96	1275.45
3617.35	1323.39
3617.75	1276.2
3618.14	1240.79
3618.54	1299.83
3618.93	1226.61
3619.33	1202.45
3619.73	1221.94
3620.12	1157.83
3620.52	1165.07
3620.91	1165.03
3621.31	1185.41
3621.7	1173.05
3622.1	1240.36
3622.49	1192.01
3622.89	1229.9
3623.28	1199.09
3623.68	1226.97
3624.08	1210.14
3624.47	1243.62
3624.87	1207.18
3625.26	1203.02
3625.66	1235.86
3626.05	1156.83
3626.45	1191.21
3626.84	1202.45
3627.23	1181.44
3627.63	1227.04
3628.02	1187.77
3628.42	1167.1
3628.81	1146.84
3629.21	1147.14
3629.6	1157.47
3630	1150.62
3630.39	1196.96
3630.79	1162.52
3631.18	1111.51
3631.58	1162.27
3631.97	1159.72
3632.37	1127.97
3632.76	1140.86
3633.15	1131.19
3633.55	1105.94
3633.94	1125.16
3634.34	1151.24
3634.73	1080.58
3635.13	1135.85
3635.52	1122.03
3635.91	1117.89
3636.31	1094.6
3636.7	1110.5
3637.1	1118.19
3637.49	1091.27
3637.88	1051.47
3638.28	1094.65
3638.67	1036.32
3639.06	1054.55
3639.46	1071.8
3639.85	1054.72
3640.25	1038.79
3640.64	1054.53
3641.03	1071.95
3641.43	1053.16
3641.82	1037.28
3642.21	1000.01
3642.61	1039.66
3643	1021.95
3643.39	1014.68
3643.79	1009.24
3644.18	1002.32
3644.57	1016.71
3644.97	1001.47
3645.36	1016.39
3645.75	1012.07
3646.15	1036.73
3646.54	1020.52
3646.93	990.742
3647.33	943.062
3647.72	973.09
3648.11	985.711
3648.5	973.007
3648.9	987.461
3649.29	954.598
3649.68	979.534
3650.08	949.509
3650.47	969.756
3650.86	1016.66
3651.25	995.036
3651.65	964.044
3652.04	955.72
3652.43	929.004
3652.82	954.688
3653.22	962.919
3653.61	912.36
3654	950.203
3654.39	924.134
3654.79	940.77
3655.18	931.405
3655.57	951.077
3655.96	907.422
3656.36	924.798
3656.75	931.555
3657.14	933.507
3657.53	943.495
3657.92	915.025
3658.32	914.572
3658.71	934.507
3659.1	902.936
3659.49	922.653
3659.88	906.601
3660.27	914.459
3660.67	885.799
3661.06	912.564
3661.45	856.127
3661.84	853.884
3662.23	872.921
3662.62	855.795
3663.02	840.366
3663.41	885.188
3663.8	858.087
3664.19	849.678
3664.58	856.5
3664.97	860.185
3665.36	868.776
3665.76	844.161
3666.15	855.651
3666.54	842.744
3666.93	850.035
3667.32	846.092
3667.71	828.197
3668.1	810.724
3668.49	822.963
3668.88	792.283
3669.28	823.275
3669.67	795.186
3670.06	791.8
3670.45	805.923
3670.84	826.69
3671.23	775.573
3671.62	816.429
3672.01	830.344
3672.4	789.168
3672.79	789.476
3673.18	816.541
3673.57	849.486
3673.96	839.832
3674.36	810.855
3674.75	788.225
3675.14	752.355
3675.53	710.568
3675.92	799.628
3676.31	787.186
3676.7	785.63
3677.09	783.751
3677.48	780.971
3677.87	777.874
3678.26	786.245
3678.65	784.008
3679.04	697.684
3679.43	738.331
3679.82	771.753
3680.21	763.747
3680.6	783.394
3680.99	736.089
3681.38	750.176
3681.77	737.336
3682.16	709.243
3682.55	746.986
3682.94	724.948
3683.33	780.964
3683.72	723.31
3684.11	760.654
3684.5	765.27
3684.89	774.09
3685.27	761.821
3685.66	723.043
3686.05	768.428
3686.44	732.521
3686.83	712.693
3687.22	761.576
3687.61	708.364
3688	752.493
3688.39	741.018
3688.78	715.896
3689.17	756.008
3689.56	779.376
3689.95	713.334
3690.33	728.795
3690.72	738.002
3691.11	722.609
3691.5	708.083
3691.89	671.95
3692.28	672.016
3692.67	702.834
3693.06	718.883
3693.45	755.77
3693.83	721
3694.22	695.183
3694.61	708.454
3695	678.628
3695.39	647.815
3695.78	676.924
3696.17	705.203
3696.55	666.568
3696.94	713.953
3697.33	741.167
3697.72	681.24
3698.11	729.718
3698.5	696.001
3698.88	698.674
3699.27	668.694
3699.66	674.318
3700.05	737.18
3700.44	696.581
3700.82	669.937
3701.21	721.626
3701.6	687.209
3701.99	710.743
3702.38	695.18
3702.76	694.156
3703.15	673.747
3703.54	663.796
3703.93	636.541
3704.32	671.845
3704.7	718.889
3705.09	700.695
3705.48	674.311
3705.87	696.343
3706.25	647.521
3706.52	632.521
3706.92	637.521
3707.31	620.521
3707.71	613.521
3708.1	610.521
3708.5	599.521
3708.89	603.521
3709.29	635.521
3709.68	623.521
3710.07	621.521
3710.47	668.521
3710.86	638.521
3711.26	647.521
3711.65	665.521
3712.05	674.521
3712.44	662.521
3712.83	647.521
3713.23	666.521
3713.62	674.521
3714.02	628.521
3714.41	582.521
3714.8	575.521
3715.2	613.521
3715.59	614.521
3715.99	650.521
3716.38	687.521
3716.77	666.521
3717.17	680.521
3717.56	616.521
3717.95	669.521
3718.35	688.521
3718.74	667.521
3719.14	613.521
3719.53	637.521
3719.92	663.521
3720.32	665.521
3720.71	697.521
3721.1	622.521
3721.5	644.521
3721.89	675.521
3722.28	678.521
3722.68	626.521
3723.07	626.521
3723.46	590.521
3723.85	638.521
3724.25	634.521
3724.64	649.521
3725.03	609.521
3725.43	563.521
3725.82	622.844
3726.21	622.898
3726.61	622.676
3727	622.012
3727.39	621.494
3727.78	620.321
3728.18	619.346
3728.57	618.464
3728.96	526.521
3729.35	578.521
3729.75	612.521
3730.14	649.521
3730.53	622.521
3730.92	645.521
3731.32	643.521
3731.71	629.521
3732.1	655.521
3732.49	607.521
3732.89	607.521
3733.28	608.521
3733.67	639.521
3734.06	629.521
3734.46	636.521
3734.85	618.521
3735.24	613.521
3735.63	627.521
3736.02	655.521
3736.42	671.521
3736.81	597.521
3737.2	606.521
3737.59	647.521
3737.98	599.521
3738.38	601.521
3738.77	620.521
3739.16	570.521
3739.55	595.521
3739.94	620.521
3740.33	609.521
3740.73	602.521
3741.12	605.521
3741.51	609.521
3741.9	638.521
3742.29	606.521
3742.68	616.521
3743.07	635.521
3743.47	639.521
3743.86	610.521
3744.25	637.521
3744.64	575.521
3745.03	598.521
3745.42	594.521
3745.81	651.521
3746.2	589.521
3746.6	587.521
3746.99	611.521
3747.38	595.521
3747.77	612.521
3748.16	599.521
3748.55	609.521
3748.94	583.521
3749.33	575.521
3749.72	608.521
3750.11	594.521
3750.5	626.521
3750.9	614.521
3751.29	589.521
3751.68	610.521
3752.07	637.521
3752.46	626.521
3752.85	647.521
3753.24	604.521
3753.63	588.521
3754.02	605.521
3754.41	606.521
3754.8	630.521
3755.19	621.521
3755.58	611.521
3755.97	570.521
3756.36	606.521
3756.75	575.521
3757.14	606.521
3757.53	608.521
3757.92	604.521
3758.31	634.521
3758.7	549.521
3759.09	607.521
3759.48	574.521
3759.87	582.521
3760.26	609.521
3760.65	607.521
3761.04	543.521
3761.43	598.521
3761.82	585.521
3762.21	591.521
3762.6	588.521
3762.99	581.521
3763.38	607.521
3763.77	581.521
3764.16	611.521
3764.55	594.521
3764.94	577.521
3765.33	649.521
3765.72	596.521
3766.1	605.521
3766.49	587.521
3766.88	561.521
3767.27	575.521
3767.66	574.521
3768.05	585.521
3768.44	599.521
3768.83	607.521
3769.22	615.521
3769.61	588.521
3770	536.521
3770.39	615.521
3770.77	601.521
3771.16	566.521
3771.55	606.521
3771.94	551.521
3772.33	626.521
3772.72	595.521
3773.11	588.521
3773.5	563.521
3773.88	591.521
3774.27	588.521
3774.66	588.521
3775.05	575.521
3775.44	599.521
3775.83	574.521
3776.21	575.521
3776.6	591.521
3776.99	586.521
3777.38	590.521
3777.77	591.521
3778.16	562.521
3778.54	599.521
3778.93	585.521
3779.32	568.521
3779.71	583.521
3780.1	553.521
3780.48	575.521
3780.87	588.521
3781.26	575.521
3781.65	587.521
3782.04	579.521
3782.42	526.521
3782.81	587.521
3783.2	568.521
3783.59	565.521
3783.98	599.521
3784.36	559.521
3784.75	591.521
3785.14	610.521
3785.53	587.521
3785.91	548.521
3786.3	590.521
3786.69	555.521
3787.08	582.521
3787.46	559.521
3787.85	582.521
3788.24	568.521
3788.62	589.521
3789.01	559.521
3789.4	596.521
3789.79	615.521
3790.17	561.521
3790.56	575.521
3790.95	605.521
3791.33	537.521
3791.72	568.521
3792.11	583.521
3792.49	597.521
3792.88	569.521
3793.27	573.521
3793.66	562.521
3794.04	545.521
3794.43	539.521
3794.82	565.521
3795.2	621.521
3795.59	594.521
3795.98	562.521
3796.36	559.521
3796.75	579.521
3797.13	551.521
3797.52	549.521
3797.91	573.521
3798.29	579.521
3798.68	590.521
3799.07	551.521
3799.45	581.521
3799.84	555.521
3800.23	567.521
3800.61	552.521
3801	597.521
3801.38	586.521
3801.77	546.521
3802.16	555.521
3802.54	599.521
3802.93	562.521
3803.31	573.521
3803.7	581.521
3804.09	594.521
3804.47	575.521
3804.86	571.521
3805.24	571.521
3805.63	535.521
3806.02	553.521
3806.4	582.521
3806.79	601.521
3807.17	575.521
3807.56	583.521
3807.94	557.521
3808.33	579.521
3808.71	590.521
3809.1	575.521
3809.49	586.521
3809.87	557.521
3810.26	572.521
3810.64	598.521
3811.03	564.521
3811.41	563.521
3811.8	543.521
3812.18	569.521
3812.57	581.521
3812.95	559.521
3813.34	569.521
3813.72	572.521
3814.11	554.521
3814.49	591.521
3814.88	579.521
3815.26	534.521
3815.65	569.521
3816.03	588.521
3816.42	552.521
3816.8	578.521
3817.18	589.521
3817.57	579.521
3817.95	518.521
3818.34	552.521
3818.72	559.521
3819.11	542.521
3819.49	552.521
3819.88	555.521
3820.26	585.521
3820.65	555.521
3821.03	558.521
3821.41	525.521
3821.8	572.521
3822.18	549.521
3822.57	570.521
3822.95	546.521
3823.33	524.521
3823.72	527.521
3824.1	544.521
3824.49	567.521
3824.87	593.521
3825.26	524.521
3825.64	596.521
3826.02	556.521
3826.41	552.521
3826.79	540.521
3827.18	573.521
3827.56	561.521
3827.94	548.521
3828.33	533.521
3828.71	617.521
3829.09	559.521
3829.48	601.521
3829.86	553.521
3830.24	575.521
3830.63	604.521
3831.01	612.521
3831.39	566.521
3831.78	533.521
3832.16	585.521
3832.54	560.521
3832.93	575.521
3833.31	552.521
3833.69	567.521
3834.08	579.521
3834.46	525.521
3834.84	552.521
3835.23	593.521
3835.61	523.521
3835.99	531.521
3836.38	568.521
3836.76	580.521
3837.14	551.521
3837.52	580.521
3837.91	551.521
3838.29	509.521
3838.67	504.521
3839.05	556.521
3839.44	571.521
3839.82	530.521
3840.2	548.521
3840.58	591.521
3840.97	550.521
3841.35	546.521
3841.73	557.521
3842.11	563.521
3842.5	545.521
3842.88	561.521
3843.26	570.521
3843.64	559.521
3844.03	518.521
3844.41	575.521
3844.79	514.521
3845.17	577.521
3845.55	564.521
3845.94	572.521
3846.32	559.521
3846.7	554.521
3847.08	548.521
3847.46	572.521
3847.85	543.521
3848.23	568.521
3848.61	543.521
3848.99	527.521
3849.37	606.521
3849.75	539.521
3850.14	554.521
3850.52	529.521
3850.9	561.521
3851.28	529.521
3851.66	510.521
3852.04	524.521
3852.43	527.521
3852.81	537.521
3853.19	563.521
3853.57	599.521
3853.95	561.521
3854.33	566.521
3854.71	523.521
3855.1	593.521
3855.48	566.521
3855.86	539.521
3856.24	556.521
3856.62	532.521
3857	546.521
3857.38	525.521
3857.76	573.521
3858.14	575.521
3858.53	582.521
3858.91	572.521
3859.29	547.521
3859.67	548.521
3860.05	554.521
3860.43	579.521
3860.81	558.521
3861.19	546.521
3861.57	555.521
3861.95	495.521
3862.33	542.521
3862.71	550.521
3863.09	563.521
3863.47	527.521
3863.85	530.521
3864.23	527.521
3864.62	599.521
3865	526.521
3865.38	579.521
3865.76	553.521
3866.14	559.521
3866.52	540.521
3866.9	554.521
3867.28	548.521
3867.66	551.521
3868.04	548.521
3868.42	566.521
3868.8	554.521
3869.18	566.521
3869.56	516.521
3869.94	503.521
3870.32	478.521
3870.7	530.521
3871.08	509.521
3871.46	529.521
3871.83	550.521
3872.21	543.521
3872.59	542.521
3872.97	564.521
3873.35	551.521
3873.73	537.521
3874.11	527.521
3874.49	522.521
3874.87	506.521
3875.25	509.521
3875.63	542.521
3876.01	551.521
3876.39	547.521
3876.77	540.521
3877.15	533.521
3877.53	582.521
3877.91	531.521
3878.28	573.521
3878.66	555.521
3879.04	513.521
3879.42	532.521
3879.8	500.521
3880.18	525.521
3880.56	583.521
3880.94	519.521
3881.32	533.521
3881.69	561.521
3882.07	526.521
3882.45	551.521
3882.83	526.521
3883.21	533.521
3883.59	533.521
3883.97	477.521
3884.35	540.521
3884.72	522.521
3885.1	516.521
3885.48	549.521
3885.86	513.521
3886.24	551.521
3886.62	556.521
3886.99	507.521
3887.37	523.521
3887.75	545.521
3888.13	527.521
3888.51	554.521
3888.89	524.521
3889.26	510.521
3889.64	500.521
3890.02	496.521
3890.4	536.521
3890.78	558.521
3891.15	539.521
3891.53	535.521
3891.91	553.521
3892.29	556.521
3892.66	544.521
3893.04	491.521
3893.42	585.521
3893.8	509.521
3894.18	523.521
3894.55	522.521
3894.93	518.521
3895.31	535.521
3895.69	572.521
3896.06	505.521
3896.44	526.521
3896.82	535.521
3897.2	511.521
3897.57	526.521
3897.95	530.521
3898.33	523.521
3898.7	502.521
3899.08	539.521
3899.46	521.521
3899.84	509.521
3900.21	510.521
3900.59	497.521
3900.97	527.521
3901.34	537.521
3901.72	552.521
3902.1	519.521
3902.48	510.521
3902.85	521.521
3903.23	509.521
3903.61	551.521
3903.98	500.521
3904.36	532.521
3904.74	551.521
3905.11	490.521
3905.49	552.521
3905.87	515.521
3906.24	539.521
3906.62	548.521
3906.99	498.521
3907.37	531.521
3907.75	528.521
3908.12	520.521
3908.5	513.521
3908.88	520.521
3909.25	516.521
3909.63	536.521
3910.01	507.521
3910.38	498.521
3910.76	559.521
3911.13	512.521
3911.51	540.521
3911.89	484.521
3912.26	523.521
3912.64	542.521
3913.01	537.521
3913.39	544.521
3913.77	543.521
3914.14	529.521
3914.52	486.521
3914.89	513.521
3915.27	532.521
3915.65	537.521
3916.02	511.521
3916.4	528.521
3916.77	571.521
3917.15	493.521
3917.52	532.521
3917.9	490.521
3918.27	500.521
3918.65	518.521
3919.02	490.521
3919.4	488.521
3919.77	471.521
3920.15	489.521
3920.53	478.521
3920.9	472.521
3921.28	488.521
3921.65	483.521
3922.03	504.521
3922.4	529.521
3922.78	505.521
3923.15	495.521
3923.53	575.521
3923.9	527.521
3924.28	527.521
3924.65	501.521
3925.03	515.521
3925.4	516.521
3925.77	494.521
3926.15	502.521
3926.52	542.521
3926.9	511.521
3927.27	534.521
3927.65	517.521
3928.02	547.521
3928.4	494.521
3928.77	524.521
3929.15	492.521
3929.52	531.521
3929.89	519.521
3930.27	513.521
3930.64	504.521
3931.02	520.521
3931.39	519.521
3931.77	528.521
3932.14	495.521
3932.51	529.521
3932.89	556.521
3933.26	538.521
3933.64	536.521
3934.01	505.521
3934.38	516.521
3934.76	519.521
3935.13	517.521
3935.51	504.521
3935.88	499.521
3936.25	504.521
3936.63	497.521
3937	519.521
3937.38	476.521
3937.75	526.521
3938.12	483.521
3938.5	542.521
3938.87	532.521
3939.24	512.521
3939.62	522.521
3939.99	480.521
3940.36	523.521
3940.74	507.521
3941.11	499.521
3941.48	501.521
3941.86	510.521
3942.23	489.521
3942.6	476.521
3942.98	552.521
3943.35	551.521
3943.72	531.521
3944.1	559.521
3944.47	516.521
3944.84	465.521
3945.21	495.521
3945.59	539.521
3945.96	483.521
3946.33	496.521
3946.71	480.521
3947.08	486.521
3947.45	526.521
3947.82	515.521
3948.2	472.521
3948.57	533.521
3948.94	543.521
3949.32	519.521
3949.69	486.521
3950.06	515.521
3950.43	530.521
3950.81	470.521
3951.18	521.521
3951.55	519.521
3951.92	501.521
3952.29	499.521
3952.67	505.521
3953.04	504.521
3953.41	538.521
3953.78	498.521
3954.16	500.521
3954.53	492.521
3954.9	507.521
3955.27	507.521
3955.64	496.521
3956.02	473.521
3956.39	537.521
3956.76	516.521
3957.13	494.521
3957.5	516.521
3957.87	486.521
3958.25	519.521
3958.62	456.521
3958.99	462.521
3959.36	479.521
3959.73	474.521
3960.11	479.521
3960.48	488.521
3960.85	495.521
3961.22	508.521
3961.59	520.521
3961.96	512.521
3962.33	506.521
3962.71	504.521
3963.08	516.521
3963.45	495.521
3963.82	504.521
3964.19	472.521
3964.56	459.521
3964.93	488.521
3965.3	488.521
3965.68	491.521
3966.05	514.521
3966.42	518.521
3966.79	475.521
3967.16	484.521
3967.53	482.521
3967.9	526.521
3968.27	516.521
3968.64	491.521
3969.01	539.521
3969.38	501.521
3969.75	491.521
3970.12	478.521
3970.5	477.521
3970.87	526.521
3971.24	492.521
3971.61	516.521
3971.98	541.521
3972.35	526.521
3972.72	518.521
3973.09	504.521
3973.46	484.521
3973.83	515.521
3974.2	484.521
3974.57	474.521
3974.94	509.521
3975.31	493.521
3975.68	489.521
3976.05	543.521
3976.42	497.521
3976.79	466.521
3977.16	500.521
3977.53	482.521
3977.9	496.521
3978.27	515.521
3978.64	502.521
3979.01	474.521
3979.38	497.521
3979.75	482.521
3980.12	507.521
3980.49	496.521
3980.86	509.521
3981.23	500.521
3981.6	484.521
3981.97	509.521
3982.34	473.521
3982.71	528.521
3983.08	467.521
3983.45	493.521
3983.82	499.521
3984.19	450.521
3984.55	511.521
3984.92	535.521
3985.29	476.521
3985.66	485.521
3986.03	497.521
3986.4	489.521
3986.77	504.521
3987.14	472.521
3987.51	515.521
3987.88	496.521
3988.25	501.521
3988.61	474.521
3988.98	435.521
3989.35	471.521
3989.72	516.521
3990.09	482.521
3990.46	494.521
3990.83	505.521
3991.2	457.521
3991.56	494.521
3991.93	489.521
3992.3	529.521
3992.67	500.521
3993.04	488.521
3993.41	510.521
3993.78	466.521
3994.15	514.521
3994.51	481.521
3994.88	504.521
3995.25	510.521
3995.62	498.521
3995.99	442.521
3996.36	487.521
3996.72	496.521
3997.09	520.521
3997.46	487.521
3997.83	473.521
3998.2	489.521
3998.56	486.521
3998.93	478.521
3999.3	504.521
3999.67	492.521
4000.04	526.521
