19.9309	913.648
20.6073	993.648
21.2836	994.648
21.9622	1066.65
22.6385	1041.65
23.3147	1058.15
23.9908	1033.15
24.6669	1045.65
25.343	1063.65
26.019	1095.15
26.695	1162.15
27.3709	1138.65
28.0467	1161.65
28.7226	1158.15
29.3983	1154.15
30.0741	1170.65
30.7498	1247.65
31.4254	1179.15
32.101	1259.15
32.7765	1290.15
33.452	1251.65
34.1275	1306.65
34.8029	1314.65
35.4782	1410.65
36.1535	1391.15
36.8265	1453.15
37.5017	1491.65
38.1769	1523.15
38.852	1555.15
39.527	1597.65
40.2021	1595.65
40.877	1621.65
41.552	1706.15
42.2246	1717.15
42.8994	1750.65
43.5742	1817.15
44.2489	1821.65
44.9236	1890.65
45.5983	1913.65
46.2706	1923.65
46.9451	1984.65
47.6196	2028.65
48.2941	2021.65
48.9662	2109.65
49.6406	2109.65
50.3149	2111.65
50.9892	2182.65
51.6611	2177.15
52.3353	2285.65
53.0094	2312.65
53.6812	2253.65
54.3553	2212.65
55.0293	2281.15
55.7009	2334.65
56.3748	2374.65
57.0487	2402.65
57.7202	2353.65
58.3939	2366.65
59.0676	2455.15
59.739	2488.15
60.4126	2509.65
61.0839	2625.65
61.7574	2534.65
62.4309	2603.65
63.1021	2562.15
63.7754	2561.65
64.4465	2536.65
65.1198	2538.65
65.7907	2681.65
66.4639	2662.15
67.1348	2663.65
67.8079	2643.65
68.4787	2634.65
69.1517	2695.65
69.8223	2653.65
70.4953	2630.65
71.1658	2708.15
71.8387	2665.65
72.5092	2725.65
73.1819	2596.65
73.8523	2657.65
74.5249	2676.15
75.1952	2774.65
75.8655	2906.15
76.538	2681.14
77.2081	2694.49
77.8805	2697.42
78.5506	2692.87
79.2206	2870.15
79.8929	2787.65
80.5628	2881.15
81.2327	2715.65
81.9048	2788.65
82.5746	2794.15
83.2444	2821.65
83.9164	2769.65
84.586	2873.65
85.2556	2795.65
85.9252	2821.65
86.597	2768.65
87.2664	2798.15
87.9359	2787.65
88.6052	2801.65
89.2768	2756.65
89.9461	2771.65
90.6154	2865.15
91.2846	2847.15
91.9537	2867.15
92.6251	2883.65
93.2941	2851.65
93.9631	2883.15
94.6321	2777.65
95.301	2793.65
95.9699	2862.65
96.641	2895.65
97.3097	2896.65
97.9785	2815.65
98.6471	2814.65
99.3158	2826.65
99.9844	2848.65
100.653	2800.15
101.321	2828.15
101.99	2846.65
102.658	2870.65
103.327	2805.15
103.995	2815.65
104.663	2882.65
105.331	2771.65
106.002	2826.15
106.67	2762.65
107.338	2879.65
108.004	2901.15
108.672	2887.15
109.34	2775.65
110.008	2858.65
110.675	2793.65
111.343	2792.65
112.011	2776.65
112.679	2811.65
113.346	2800.15
114.014	2770.65
114.682	2793.48
115.349	2794.9
116.017	2811.57
116.682	2815.74
117.349	2805.42
118.016	2805.61
118.684	2807.65
119.351	2694.65
120.018	2700.65
120.685	2753.65
121.35	2776.15
122.017	2766.65
122.684	2750.15
123.351	2823.65
124.016	2743.65
124.683	2706.15
125.35	2739.15
126.016	2722.65
126.681	2734.65
127.348	2820.65
128.014	2826.15
128.681	2723.15
129.345	2764.65
130.012	2799.65
130.678	2769.15
131.342	2727.65
132.009	2760.15
132.675	2739.65
133.339	2791.65
134.005	2728.65
134.671	2746.65
135.335	2734.65
136.001	2700.65
136.665	2630.65
137.331	2729.15
137.997	2736.65
138.661	2729.65
139.327	2746.65
139.99	2717.15
140.656	2787.15
141.319	2686.65
141.985	2578.65
142.651	2669.65
143.314	2694.15
143.98	2710.65
144.643	2754.65
145.308	2710.15
145.971	2694.65
146.634	2646.15
147.3	2626.65
147.963	2560.65
148.628	2615.15
149.291	2674.15
149.956	2672.15
150.619	2661.65
151.284	2592.15
151.947	2682.15
152.609	2656.15
153.274	2621.15
153.937	2657.65
154.599	2620.65
155.264	2634.65
155.927	2663.15
156.589	2707.65
157.254	2651.15
157.916	2618.65
158.578	2686.65
159.243	2697.15
159.905	2662.15
160.567	2652.65
161.231	2659.65
161.893	2662.15
162.555	2625.65
163.217	2582.65
163.882	2621.65
164.543	2627.65
165.205	2574.15
165.867	2574.65
166.531	2566.15
167.193	2562.15
167.854	2535.15
168.516	2547.65
169.178	2569.15
169.839	2615.15
170.503	2632.65
171.164	2570.65
171.826	2584.15
172.487	2670.65
173.148	2624.65
173.809	2621.15
174.47	2588.65
175.132	2596.65
175.793	2552.15
176.454	2577.15
177.117	2596.65
177.778	2575.15
178.439	2649.15
179.1	2565.15
179.761	2519.65
180.421	2593.65
181.082	2500.15
181.743	2612.15
182.403	2617.65
183.064	2469.65
183.725	2506.65
184.385	2619.15
185.045	2610.65
185.706	2526.65
186.364	2515.65
187.024	2521.65
187.685	2532.65
188.345	2566.65
189.005	2564.65
189.665	2503.15
190.325	2543.65
190.985	2564.65
191.645	2567.15
192.305	2531.65
192.963	2573.65
193.623	2569.15
194.283	2477.65
194.942	2563.65
195.602	2550.15
196.26	2525.65
196.919	2486.65
197.579	2535.15
198.238	2514.65
198.898	2519.65
199.555	2587.65
200.214	2550.65
200.874	2560.15
201.533	2509.65
202.19	2518.15
202.849	2554.15
203.509	2540.65
204.165	2544.15
204.825	2484.65
205.484	2555.65
206.14	2499.15
206.799	2489.65
207.458	2512.65
208.115	2582.65
208.774	2517.65
209.432	2545.15
210.089	2481.65
210.748	2514.65
211.404	2497.82
212.063	2501.6
212.721	2552.65
213.377	2486.15
214.036	2526.65
214.692	2531.15
215.35	2505.65
216.007	2536.65
216.665	2549.65
217.321	2456.65
217.979	2569.15
218.635	2504.65
219.293	2526.65
219.949	2513.15
220.607	2541.15
221.263	2494.15
221.921	2525.65
222.576	2540.65
223.234	2493.15
223.889	2522.15
224.545	2438.65
225.203	2464.15
225.858	2488.62
226.516	2434.15
227.171	2406.15
227.826	2458.65
228.484	2442.15
229.139	2433.15
229.794	2483.03
230.451	2424.65
231.106	2468.65
231.761	2475.84
232.419	2425.65
233.074	2402.65
233.728	2401.65
234.386	2532.65
235.04	2411.65
235.695	2450.65
236.35	2498.15
237.007	2477.65
237.661	2508.15
238.316	2435.65
238.97	2517.65
239.625	2494.65
240.281	2444.65
240.936	2389.15
241.59	2439.65
242.244	2441.65
242.899	2496.65
243.553	2497.65
244.209	2564.65
244.863	2442.65
245.517	2417.65
246.171	2424.65
246.825	2504.65
247.479	2531.65
248.133	2415.65
248.787	2508.65
249.441	2473.2
250.095	2438.65
250.748	2449.15
251.404	2414.65
252.058	2504.65
252.711	2471.15
253.365	2472.65
254.019	2504.65
254.672	2442.65
255.325	2516.15
255.979	2490.15
256.632	2460.65
257.283	2436.65
257.936	2505.65
258.589	2423.65
259.243	2425.65
259.896	2493.15
260.549	2484.94
261.202	2490.65
261.855	2491.15
262.508	2498.65
263.16	2486.65
263.813	2502.65
264.464	2513.65
265.116	2521.15
265.769	2494.15
266.422	2534.65
267.074	2552.65
267.727	2439.15
268.377	2470.15
269.03	2459.65
269.682	2463.65
270.334	2568.65
270.987	2521.65
271.637	2502.65
272.289	2518.65
272.941	2404.65
273.591	2494.15
274.243	2513.15
274.895	2443.65
275.547	2538.15
276.197	2506.65
276.849	2512.15
277.501	2491.65
278.151	2456.65
278.802	2535.65
279.454	2492.94
280.104	2530.65
280.755	2561.15
281.407	2455.65
282.056	2479.65
282.708	2517.65
283.357	2431.65
284.008	2481.34
284.66	2481.29
285.309	2535.65
285.96	2503.15
286.609	2536.15
287.26	2480.45
287.909	2479.41
288.561	2480.12
289.209	2546.15
289.86	2494.94
290.509	2561.65
291.16	2541.15
291.809	2505.15
292.46	2408.65
293.108	2430.65
293.759	2467.65
294.408	2458.15
295.056	2434.15
295.707	2424.65
296.355	2494.1
297.006	2450.65
297.654	2479.8
298.302	2480.99
298.953	2481.64
299.601	2494.28
300.251	2494.02
300.899	2450.65
301.547	2504.65
302.197	2560.65
302.845	2495.89
303.493	2462.65
304.141	2431.15
304.791	2495.85
305.439	2481.65
306.086	2526.15
306.736	2517.65
307.384	2497.65
308.032	2495.15
308.679	2467.65
309.329	2472.65
309.976	2437.15
310.624	2494.65
311.271	2526.65
311.918	2494.65
312.566	2479.65
313.215	2495.65
313.862	2474.65
314.509	2521.65
315.156	2517.65
315.803	2510.15
316.451	2539.15
317.097	2516.65
317.747	2518.65
318.393	2536.65
319.04	2472.65
319.687	2456.65
320.334	2494.65
320.981	2513.65
321.627	2509.15
322.274	2483.15
322.92	2498.65
323.567	2501.65
324.213	2501.65
324.86	2468.65
325.506	2502.15
326.153	2510.65
326.799	2472.65
327.445	2584.65
328.091	2457.65
328.738	2536.15
329.384	2495.65
330.03	2454.65
330.676	2517.65
331.322	2499.15
331.968	2546.65
332.611	2474.65
333.257	2482.65
333.903	2475.15
334.549	2460.65
335.195	2490.65
335.84	2515.15
336.486	2521.65
337.129	2491.65
337.775	2474.15
338.421	2489.32
339.066	2493.15
339.711	2501.65
340.355	2501.65
341	2477.65
341.645	2473.15
342.29	2504.65
342.933	2509.65
343.579	2476.65
344.224	2443.65
344.869	2460.65
345.512	2545.65
346.157	2517.15
346.802	2484.65
347.444	2431.65
348.089	2448.15
348.734	2476.65
349.377	2505.65
350.021	2476.65
350.666	2505.65
351.308	2462.65
351.953	2452.15
352.595	2474.65
353.24	2483.65
353.884	2462.65
354.527	2467.65
355.171	2491.15
355.813	2451.65
356.457	2474.65
357.099	2468.65
357.744	2472.65
358.386	2511.15
359.03	2420.65
359.672	2443.65
360.316	2502.15
360.957	2481.65
361.601	2417.15
362.243	2507.15
362.887	2515.15
363.529	2476.65
364.172	2518.65
364.814	2467.65
365.455	2500.65
366.099	2465.65
366.74	2501.65
367.384	2421.65
368.025	2410.65
368.666	2431.65
369.31	2508.65
369.951	2476.65
370.592	2492.65
371.235	2471.15
371.877	2417.65
372.518	2402.65
373.161	2421.15
373.802	2440.65
374.442	2462.65
375.086	2427.65
375.726	2422.65
376.367	2480.65
377.008	2456.15
377.651	2432.15
378.291	2461.65
378.932	2406.65
379.572	2481.15
380.213	2442.15
380.855	2436.15
381.496	2481.65
382.136	2459.65
382.777	2409.65
383.417	2439.15
384.057	2478.65
384.699	2411.15
385.34	2461.65
385.98	2430.65
386.62	2398.65
387.26	2443.65
387.9	2474.65
388.54	2488.65
389.179	2422.15
389.819	2502.65
390.459	2450.22
391.099	2446.15
391.739	2477.15
392.378	2456.15
393.018	2398.65
393.657	2425.65
394.297	2453.65
394.936	2471.65
395.576	2436.65
396.215	2463.15
396.855	2467.15
397.494	2492.65
398.133	2473.65
398.772	2431.15
399.412	2454.65
400.051	2497.65
400.69	2457.15
401.329	2478.15
401.968	2506.15
402.605	2433.65
403.244	2421.65
403.883	2404.65
404.521	2463.15
405.16	2503.15
405.799	2443.15
406.436	2468.65
407.074	2473.15
407.713	2392.15
408.351	2465.65
408.99	2399.15
409.626	2486.65
410.265	2418.65
410.903	2465.81
411.542	2467.38
412.178	2471.65
412.816	2506.15
413.454	2459.65
414.09	2473.2
414.728	2485.65
415.367	2469.65
416.005	2481.15
416.64	2417.15
417.278	2481.65
417.914	2426.65
418.552	2495.65
419.19	2432.15
419.826	2466.15
420.463	2468.15
421.101	2468.15
421.737	2437.15
422.374	2485.65
423.01	2476.15
423.647	2467.65
424.282	2447.65
424.92	2481.65
425.555	2490.65
426.193	2435.65
426.828	2509.65
427.465	2481.65
428.1	2448.65
428.737	2447.65
429.372	2530.65
430.009	2500.65
430.644	2545.15
431.281	2517.15
431.916	2502.65
432.553	2474.65
433.188	2568.65
433.823	2539.15
434.459	2539.15
435.094	2566.15
435.731	2535.65
436.365	2524.65
437	2568.15
437.636	2571.65
438.271	2513.65
438.905	2592.65
439.542	2555.15
440.176	2544.65
440.81	2551.65
441.446	2579.15
442.081	2630.65
442.715	2609.15
443.349	2624.65
443.985	2629.15
444.619	2553.65
445.253	2574.65
445.887	2561.15
446.52	2590.15
447.156	2651.15
447.79	2577.65
448.424	2591.15
449.058	2613.15
449.691	2593.65
450.327	2592.65
450.961	2554.65
451.594	2661.65
452.227	2645.65
452.861	2639.15
453.494	2653.65
454.128	2649.65
454.761	2707.15
455.394	2608.65
456.029	2643.15
456.663	2604.65
457.296	2685.65
457.929	2683.15
458.562	2598.65
459.195	2622.65
459.828	2606.65
460.461	2691.65
461.094	2678.15
461.726	2665.65
462.359	2691.15
462.992	2675.65
463.625	2739.65
464.257	2721.65
464.89	2662.65
465.52	2649.65
466.153	2749.65
466.785	2797.15
467.418	2715.65
468.05	2752.65
468.682	2676.65
469.315	2744.15
469.947	2769.15
470.579	2707.65
471.209	2735.15
471.841	2720.65
472.473	2726.65
473.105	2746.65
473.737	2736.65
474.367	2743.65
474.999	2820.65
475.631	2792.65
476.263	2769.15
476.892	2807.15
477.524	2738.65
478.156	2827.15
478.788	2682.65
479.417	2763.65
480.049	2804.65
480.68	2871.15
481.31	2825.65
481.941	2830.65
482.572	2876.65
483.202	2761.65
483.833	2858.65
484.464	2803.65
485.093	2862.65
485.725	2863.65
486.356	2826.4
486.985	2851.97
487.616	2922.99
488.245	2868.43
488.876	2806.37
489.507	2863.39
490.135	2843.07
490.766	2845.71
491.395	2887.46
492.026	2872.56
492.654	2893.39
493.285	2901.23
493.913	2923.93
494.544	2902.03
495.172	2863.69
495.803	2932.57
496.431	2957.69
497.062	2976.98
497.69	2865.22
498.318	2927.23
498.949	2876.21
499.577	2959.76
500.207	2923.17
500.835	2915.59
501.463	2897.51
502.093	3009.04
502.721	2906.96
503.349	2868.57
503.979	2914.59
504.607	2850.08
505.234	2961
505.864	2911.3
506.492	2885.73
507.119	2876.29
507.749	2894.54
508.377	2898.81
509.004	2843.01
509.632	2913.3
510.261	2872.13
510.889	2926.99
511.516	2941.25
512.143	2888.37
512.77	2890.89
513.4	2920.21
514.027	2946.29
514.654	2890.92
515.281	2862.56
515.908	2886
516.537	2876.1
517.164	2871.92
517.791	2838.48
518.418	2871.8
519.045	2828.83
519.672	2864.87
520.298	2855.9
520.925	2845.4
521.552	2862.33
522.178	2803.59
522.805	2866.64
523.431	2797.2
524.058	2893.14
524.686	2807.82
525.313	2735.9
525.939	2792.12
526.565	2788.44
527.19	2795.15
527.816	2798.54
528.442	2729.45
529.068	2765.87
529.694	2730.62
530.32	2731.39
530.946	2747.6
531.572	2733.18
532.198	2688.63
532.824	2741.37
533.45	2689.97
534.076	2755.6
534.699	2705.7
535.325	2687.03
535.951	2674.59
536.577	2692.09
537.202	2616.05
537.828	2575.8
538.451	2650.91
539.077	2560.02
539.702	2530.57
540.327	2612.11
540.953	2547.08
541.576	2586.22
542.201	2584.72
542.826	2606.36
543.452	2552.59
544.075	2537.63
544.7	2557.49
545.325	2559.14
545.948	2509.39
546.573	2554.28
547.198	2527.9
547.82	2479.72
548.445	2495.34
549.07	2519.23
549.693	2523.85
550.317	2501.06
550.94	2462.62
551.565	2451.24
552.189	2446.19
552.812	2463.24
553.436	2423.33
554.058	2410.74
554.683	2472.45
555.305	2362.45
555.93	2446.52
556.554	2440.55
557.176	2459.21
557.8	2451.52
558.422	2422.53
559.046	2330.85
559.668	2358.48
560.29	2417.33
560.914	2456.52
561.536	2403.63
562.16	2438.89
562.782	2379.6
563.406	2373.22
564.027	2401.45
564.649	2387.08
565.273	2381.07
565.894	2353.45
566.518	2395.51
567.139	2410.79
567.761	2226.56
568.384	2253.99
569.006	2304.53
569.627	2361.02
570.25	2339.21
570.872	2317.37
571.493	2371.76
572.114	2314.31
572.737	2330.25
573.358	2337.35
573.979	2354.65
574.6	2339.4
575.223	2318.6
575.844	2287.32
576.465	2299.42
577.086	2277.19
577.707	2265.23
578.33	2277.86
578.95	2272.67
579.571	2242.4
580.191	2256.24
580.812	2250.3
581.433	2228.59
582.053	2213.74
582.676	2186.61
583.296	2224.58
583.916	2183.84
584.537	2201.14
585.157	2206.42
585.777	2208.57
586.397	2197.35
587.018	2150.47
587.638	2167.18
588.258	2236.75
588.878	2199.97
589.498	2166.04
590.118	2188.23
590.738	2122.3
591.357	2159.84
591.977	2101.69
592.597	2139.16
593.217	2094.98
593.836	2087.34
594.456	2103.94
595.076	2084.56
595.695	2076.01
596.313	2104.04
596.932	2033.68
597.552	2023.63
598.171	2020.23
598.79	2003.73
599.41	2032.98
600.029	2021.17
600.646	1988.13
601.265	1966.64
601.885	1957.3
602.504	1999.23
603.123	1962.27
603.74	1937.23
604.359	1912.73
604.978	1921.77
605.597	1934.13
606.213	1878.95
606.832	1915.34
607.451	1900.29
608.068	1856.79
608.686	1858.37
609.305	1846.61
609.924	1836.95
610.54	1819.76
611.159	1847.1
611.775	1813.25
612.393	1830.9
613.012	1775.2
613.628	1840.21
614.246	1802.89
614.865	1777.05
615.481	1785.94
616.099	1794.09
616.715	1754
617.333	1748.64
617.949	1749.87
618.567	1735.83
619.183	1757.94
619.801	1753.96
620.417	1746.76
621.035	1707.94
621.651	1728.53
622.268	1701.73
622.884	1728.11
623.502	1683.87
624.117	1676.45
624.735	1690.84
625.351	1661.45
625.968	1653.35
626.584	1626.72
627.199	1670.83
627.816	1684.97
628.432	1616.41
629.047	1613.3
629.664	1657.15
630.279	1610.3
630.897	1633.62
631.512	1666.22
632.127	1661.45
632.742	1665.45
633.359	1698.81
633.974	1615.99
634.589	1641.75
635.206	1656.41
635.82	1673
636.435	1640.04
637.05	1677.43
637.667	1660.69
638.281	1641.09
638.896	1666.25
639.51	1629.42
640.125	1621.28
640.741	1624.67
641.356	1680.44
641.97	1634.59
642.585	1628.08
643.199	1663.92
643.813	1593.85
644.427	1610.29
645.042	1632.81
645.658	1612.34
646.272	1633.17
646.886	1646.32
647.5	1644.6
648.114	1643.38
648.728	1610.65
649.342	1598.21
649.956	1631.53
650.57	1644.58
651.183	1660.95
651.797	1686.28
652.411	1657.22
653.024	1653.55
653.638	1655.98
654.252	1644.17
654.865	1651.61
655.479	1693.91
656.092	1699.68
656.706	1701
657.319	1704.48
657.93	1685.04
658.543	1721.36
659.157	1722.73
659.77	1633.64
660.383	1661.05
660.996	1675.8
661.609	1674.19
662.22	1707.85
662.833	1717.87
663.446	1669.45
664.059	1715.18
664.672	1719.49
665.283	1736.55
665.896	1671.78
666.508	1653.44
667.121	1723.95
667.732	1750.21
668.344	1688.74
668.957	1738.29
669.57	1706.11
670.18	1706.87
670.792	1737.46
671.405	1723.13
672.015	1744.7
672.628	1761.45
673.24	1760.08
673.85	1786.85
673.99	1724.85
674.608	1790.35
675.229	1699.85
675.848	1678.85
676.469	1808.35
677.087	1727.85
677.708	1730.85
678.326	1723.85
678.945	1740.85
679.565	1758.35
680.183	1785.85
680.804	1710.85
681.422	1725.35
682.04	1764.85
682.661	1741.35
683.279	1753.48
683.897	1801.85
684.517	1749.35
685.135	1751.19
685.753	1752.48
686.373	1754.48
686.991	1755.84
687.609	1742.85
688.229	1735.85
688.846	1759.89
689.464	1739.85
690.082	1783.85
690.702	1729.35
691.319	1723.85
691.937	1818.85
692.554	1807.85
693.172	1822.85
693.791	1780.35
694.409	1810.85
695.026	1796.35
695.643	1744.85
696.261	1819.35
696.878	1817.35
697.497	1781.85
698.114	1833.85
698.731	1793.85
699.349	1768.85
699.966	1722.85
700.583	1831.85
701.199	1773.85
701.816	1786.85
702.433	1837.85
703.05	1842.85
703.667	1809.35
704.286	1734.85
704.902	1763.35
705.519	1824.85
706.136	1818.35
706.752	1824.85
707.369	1857.35
707.985	1821.35
708.602	1736.85
709.216	1752.35
709.832	1780.85
710.449	1809.85
711.065	1836.35
711.681	1757.35
712.297	1833.85
712.914	1787.85
713.53	1854.85
714.146	1791.85
714.762	1820.85
715.378	1823.85
715.992	1847.35
716.608	1813.85
717.224	1817.85
717.839	1788.35
718.455	1780.85
719.071	1793.85
719.685	1830.35
720.3	1813.35
720.916	1848.35
721.531	1821.35
722.147	1852.85
722.76	1768.85
723.376	1812.35
723.991	1809.85
724.607	1807.85
725.22	1813.85
725.835	1895.85
726.451	1810.85
727.064	1827.85
727.679	1808.35
728.294	1841.35
728.907	1826.85
729.522	1804.35
730.137	1839.85
730.75	1841.35
731.365	1869.35
731.98	1863.85
732.593	1844.35
733.208	1852.85
733.82	1812.85
734.435	1822.85
735.047	1801.85
735.662	1817.35
736.277	1876.85
736.889	1796.85
737.504	1817.85
738.116	1875.85
738.731	1826.85
739.343	1854.35
739.957	1879.85
740.57	1812.35
741.184	1855.35
741.796	1769.85
742.41	1849.35
743.022	1866.85
743.636	1838.85
744.248	1869.35
744.86	1795.35
745.474	1787.85
746.086	1779.85
746.7	1838.57
747.312	1815.85
747.924	1794.35
748.538	1807.35
749.149	1840.63
749.761	1841.79
750.375	1842.83
750.986	1844.06
751.598	1783.85
752.211	1796.35
752.823	1866.35
753.434	1821.85
754.047	1874.85
754.659	1844.85
755.27	1888.35
755.881	1798.85
756.495	1852.66
757.106	1851.35
757.717	1885.85
758.328	1853.35
758.939	1832.85
759.552	1891.35
760.163	1941.85
760.774	1853.85
761.385	1848.85
761.995	1889.85
762.608	1898.35
763.219	1850.85
763.83	1920.85
764.44	1852.85
765.051	1828.85
765.662	1872.85
766.272	1846.85
766.883	1900.35
767.493	1876.35
768.104	1950.85
768.714	1927.85
769.326	1829.85
769.937	1862.85
770.547	1879.85
771.157	1917.85
771.767	1855.85
772.377	1878.85
772.988	1921.85
773.598	1853.85
774.208	1828.85
774.818	1885.85
775.425	1907.35
776.035	1882.35
776.645	1923.35
777.255	1906.35
777.865	1893.35
778.475	1922.85
779.084	1916.85
779.694	1917.35
780.304	1922.85
780.913	1933.35
781.521	1899.85
782.13	1912.85
782.739	1908.85
783.349	1875.85
783.958	1867.85
784.568	1888.85
785.175	1894.85
785.784	1949.85
786.393	1928.85
787.002	1933.85
787.612	1891.35
788.219	1915.85
788.828	1897.85
789.437	1882.85
790.044	1932.85
790.652	1914.85
791.261	1898.35
791.87	1934.35
792.477	1987.85
793.086	1940.35
793.694	1922.35
794.301	1879.85
794.91	1908.85
795.518	1943.85
796.125	1909.85
796.733	1972.85
797.34	1951.85
797.948	1942.85
798.557	1970.85
799.163	1978.85
799.771	1921.85
800.377	1964.85
800.986	1984.35
801.592	1933.85
802.2	1959.85
802.808	1938.85
803.414	1966.85
804.022	2001.85
804.628	1954.85
805.236	1967.85
805.842	1968.35
806.448	2024.35
807.056	1957.85
807.661	1989.85
808.269	2052.85
808.875	1988.85
809.482	2050.85
810.088	2068.35
810.694	2049.85
811.301	2016.35
811.907	2022.85
812.514	1969.85
813.119	2005.85
813.725	2022.85
814.332	1967.85
814.937	2045.35
815.543	2008.35
816.15	2048.35
816.755	2022.85
817.36	2028.85
817.967	2079.85
818.572	2103.35
819.177	2021.85
819.782	2066.85
820.389	2088.85
820.994	2055.85
821.599	2099.85
822.204	2080.85
822.81	2098.35
823.415	2039.85
824.02	2101.85
824.624	2131.35
825.229	2113.85
825.833	2114.35
826.44	2090.35
827.045	2119.85
827.649	2173.35
828.253	2146.85
828.858	2186.85
829.462	2132.85
830.066	2141.35
830.67	2089.85
831.277	2136.85
831.881	2121.85
832.485	2155.85
833.089	2180.85
833.693	2153.85
834.297	2165.85
834.901	2162.35
835.505	2195.85
836.109	2191.35
836.713	2120.85
837.316	2179.85
837.92	2133.85
838.524	2188.85
839.128	2140.85
839.731	2228.85
840.335	2151.85
840.936	2226.35
841.54	2235.35
842.143	2172.85
842.747	2175.35
843.35	2170.35
843.953	2171.85
844.557	2179.85
845.16	2229.35
845.763	2204.85
846.364	2183.85
846.967	2193.35
847.571	2186.35
848.174	2237.85
848.777	2169.28
849.378	2183.35
849.981	2195.85
850.583	2242.85
851.186	2216.85
851.787	2229.85
852.39	2225.85
852.993	2223.85
853.595	2200.85
854.196	2197.85
854.799	2191.35
855.401	2197.35
856.002	2219.85
856.604	2241.85
857.207	2234.85
857.807	2206.85
858.41	2162.94
859.012	2182.85
859.612	2201.35
860.214	2145.35
860.817	2213.85
861.417	2162.85
862.019	2208.35
862.619	2222.85
863.221	2116.85
863.821	2208.35
864.423	2197.85
865.025	2158.85
865.625	2188.85
866.227	2204.85
866.827	2104.85
867.429	2088.85
868.028	2175.85
868.63	2116.85
869.23	2083.35
869.831	2097.85
870.431	2155.35
871.03	2068.85
871.632	2132.85
872.231	2072.85
872.833	2089.35
873.432	2073.85
874.034	2076.85
874.633	2096.85
875.232	2146.85
875.833	2174.35
876.432	2072.35
877.032	2120.85
877.633	2122.85
878.232	2014.85
878.831	2073.85
879.432	2149.35
880.031	2089.35
880.63	2107.85
881.231	2120.35
881.829	2073.85
882.428	2083.85
883.027	2101.35
883.628	2079.85
884.226	2118.35
884.825	2091.85
885.423	2069.35
886.022	2101.85
886.623	2055.35
887.221	2092.85
887.819	2038.85
888.418	2088.35
889.016	2101.35
889.614	2099.35
890.215	2044.85
890.813	2058.85
891.411	2077.35
892.009	2041.85
892.607	2046.85
893.206	2103.85
893.804	2078.85
894.401	2029.35
894.999	2048.35
895.597	2011.35
896.195	2058.85
896.793	2030.35
897.391	2038.85
897.989	2044.35
898.586	2091.85
899.184	2033.85
899.782	2019.85
900.379	2018.35
900.977	2041.85
901.574	2079.85
902.172	1993.85
902.769	2036.85
903.367	2088.35
903.964	2014.35
904.561	2026.85
905.159	1978.85
905.756	1926.85
906.351	2065.35
906.948	1974.85
907.545	2009.85
908.143	1990.85
908.74	1900.85
909.337	2066.35
909.934	2067.85
910.528	2012.85
911.125	2031.85
911.722	2010.44
912.319	2008.22
912.914	1921.85
913.51	1974.85
914.107	1993.35
914.704	2008.35
915.298	2037.35
915.895	1900.35
916.492	1994.35
917.088	2033.85
917.683	1941.85
918.279	1965.85
918.875	1998.26
919.47	1993.68
920.066	1995.1
920.66	1991.85
921.256	2029.35
921.853	1945.85
922.447	1992.85
923.043	2040.85
923.639	1966.85
924.233	1984.85
924.829	1968.85
925.423	1992.85
926.019	1977.35
926.613	1966.85
927.209	1989.85
927.802	1981.85
928.398	1969.85
928.992	1990.35
929.588	1955.84
930.181	1947.58
930.777	2000.85
931.37	1961.32
931.966	1935.39
932.559	1990.19
933.155	1948.92
933.748	1980
934.341	1999.98
934.937	1982.88
935.53	1963.58
936.125	1930.88
936.719	1952.73
937.312	1973.43
937.907	1929.94
938.5	1973.81
939.093	2019.08
939.688	1924.28
940.281	1995.52
940.874	2002.35
941.469	1978.81
942.062	2031.54
942.654	1980.47
943.247	1990.99
943.842	1927.64
944.435	1956.48
945.027	1960.14
945.62	1962.23
946.215	1976.85
946.807	1944.21
947.4	1954.38
947.992	1934.75
948.584	2013.08
949.179	1993.29
949.771	1953.06
950.364	1973.98
950.956	1998.97
951.548	1990.84
952.14	1996.1
952.732	1989.86
953.325	2040.88
953.919	1945.68
954.511	1977.35
955.103	1997.62
955.695	1996.71
956.287	2002.44
956.878	2018.7
957.47	1974.01
958.062	1980.7
958.654	1992.44
959.246	1988.63
959.837	1938.37
960.429	2048.23
961.021	1989.77
961.612	1997.75
962.204	1967.73
962.795	2018.07
963.387	1989.69
963.978	1978.03
964.567	1963.65
965.159	1999.02
965.75	1985.95
966.341	1981.97
966.933	1940.94
967.524	1970.38
968.115	1967.67
968.706	2014.5
969.295	1938.53
969.886	2006.29
970.477	2014.05
971.068	1935.62
971.659	1954.03
972.248	1983.73
972.839	1988
973.43	2003.59
974.02	2011.11
974.609	1998.39
975.2	1995.83
975.79	1953.5
976.381	1953.6
976.969	1960.7
977.56	1957.1
978.151	1968.46
978.739	1972.53
979.329	1946.93
979.92	1915.51
980.508	1962.42
981.098	1948.97
981.689	1955.27
982.277	1933.26
982.867	2005.74
983.455	1956.58
984.045	1985.91
984.635	1981.27
985.223	1973.26
985.813	1951.9
986.401	1970.84
986.991	1934.39
987.579	1927.24
988.169	1954.66
988.757	1981.8
989.347	1952.12
989.934	1918.93
990.524	1944.49
991.112	1934.82
991.701	1884.02
992.289	1916.58
992.878	1938.35
993.466	1918.08
994.053	1931.94
994.643	1913.24
995.23	1957.78
995.82	1917.44
996.407	1888.52
996.994	1960.59
997.583	1957.19
998.17	1906.89
998.758	1974.63
999.347	1930.79
999.934	1898.39
1000.52	1923.64
1001.11	1933.36
1001.7	1936.32
1002.28	1892.02
1002.87	1923.83
1003.46	1879.62
1004.05	1929.53
1004.63	1908.17
1005.22	1917.41
1005.81	1876.38
1006.4	1904.43
1006.98	1900.64
1007.57	1884.22
1008.15	1867.09
1008.74	1905.8
1009.33	1890.73
1009.92	1920.25
1010.5	1838.22
1011.09	1885.4
1011.68	1890.2
1012.26	1880.67
1012.85	1889.53
1013.43	1843.39
1014.02	1863.46
1014.61	1820.55
1015.19	1839.33
1015.78	1860.75
1016.37	1804.93
1016.95	1822.24
1017.54	1793.58
1018.12	1809.1
1018.71	1793.29
1019.3	1803.62
1019.88	1788.9
1020.47	1781.57
1021.05	1788.85
1021.64	1804.77
1022.22	1775.04
1022.81	1754.46
1023.39	1744.66
1023.98	1804.42
1024.56	1779.11
1025.15	1786.32
1025.74	1784.2
1026.32	1784.51
1026.91	1782.33
1027.49	1775.02
1028.07	1776.95
1028.66	1789.82
1029.24	1768.92
1029.83	1743.84
1030.42	1768.04
1031	1762.43
1031.58	1714.31
1032.17	1706.72
1032.75	1709.61
1033.34	1703.46
1033.92	1706.15
1034.51	1677.78
1035.09	1678.61
1035.67	1688.37
1036.26	1666.42
1036.84	1710.05
1037.43	1652.12
1038.01	1639.86
1038.59	1641.83
1039.18	1634.28
1039.76	1661.92
1040.35	1649.51
1040.93	1635.68
1041.51	1615.11
1042.1	1619.33
1042.68	1625.56
1043.26	1612.98
1043.85	1635.19
1044.43	1579.03
1045.01	1601.74
1045.6	1616.84
1046.18	1543.97
1046.76	1550.52
1047.34	1547.15
1047.93	1596.48
1048.51	1535.52
1049.09	1575.82
1049.68	1552.94
1050.26	1544.13
1050.84	1462.43
1051.43	1521.07
1052.01	1518.44
1052.59	1485.75
1053.17	1489.82
1053.75	1477.1
1054.34	1441.47
1054.92	1454.69
1055.5	1425.88
1056.08	1448.79
1056.67	1432.87
1057.25	1436.14
1057.83	1429.58
1058.41	1415.29
1058.99	1400.46
1059.58	1413.27
1060.16	1384.67
1060.74	1389.83
1061.32	1382.45
1061.9	1368.28
1062.48	1347
1063.06	1377.62
1063.65	1339.52
1064.23	1324.92
1064.81	1319.28
1065.39	1309.14
1065.97	1265.8
1066.55	1291.99
1067.13	1332.18
1067.72	1319.38
1068.3	1301.44
1068.88	1284.52
1069.46	1247.93
1070.04	1249.12
1070.62	1255.84
1071.2	1213.67
1071.78	1264.12
1072.36	1229.75
1072.94	1222.45
1073.52	1199.87
1074.1	1186.16
1074.68	1233.93
1075.26	1197.77
1075.84	1227.26
1076.42	1210.8
1077	1168.78
1077.58	1188.95
1078.16	1189.03
1078.74	1187.84
1079.32	1119.28
1079.9	1136.79
1080.48	1118.07
1081.06	1112.56
1081.64	1117.89
1082.22	1107.89
1082.8	1084.18
1083.38	1097.04
1083.96	1086.49
1084.54	1025.87
1085.12	1031.26
1085.7	1054.59
1086.28	1021.14
1086.86	1043.46
1087.43	999.816
1088.01	1019.71
1088.59	1018.21
1089.17	953.477
1089.75	963.017
1090.33	1008.47
1090.91	948.138
1091.49	951.241
1092.06	941.758
1092.64	941.652
1093.22	930.536
1093.8	949.719
1094.38	916.741
1094.96	924.531
1095.53	846.358
1096.11	927.506
1096.69	898.559
1097.27	892.287
1097.85	859.881
1098.42	864.002
1099	886.008
1099.58	895.58
1100.16	880.901
1100.74	847.473
1101.31	887.337
1101.89	842.108
1102.47	817.286
1103.05	812.828
1103.62	801.853
1104.2	815.17
1104.78	782.812
1105.16	784.312
1105.75	776.812
1106.33	739.812
1106.92	794.312
1107.5	747.312
1108.09	761.812
1108.67	727.812
1109.26	779.312
1109.84	748.312
1110.43	716.312
1111.01	713.812
1111.6	699.312
1112.18	652.812
1112.76	687.812
1113.35	703.812
1113.93	681.812
1114.52	681.812
1115.1	641.812
1115.69	664.812
1116.27	643.812
1116.86	626.812
1117.44	608.812
1118.02	580.812
1118.61	626.312
1119.19	627.812
1119.78	595.312
1120.36	595.812
1120.94	586.312
1121.53	597.812
1122.11	582.812
1122.69	600.312
1123.28	597.812
1123.86	601.812
1124.45	570.812
1125.03	572.812
1125.61	578.812
1126.2	582.312
1126.78	569.812
1127.36	530.812
1127.95	565.812
1128.53	551.812
1129.11	542.812
1129.69	549.312
1130.28	547.812
1130.86	533.312
1131.44	507.812
1132.03	517.312
1132.61	513.812
1133.19	515.812
1133.77	494.812
1134.36	471.312
1134.94	502.312
1135.52	468.812
1136.1	494.312
1136.69	463.812
1137.27	490.812
1137.85	459.812
1138.43	449.812
1139.02	469.312
1139.6	461.812
1140.18	431.812
1140.76	449.312
1141.34	446.312
1141.92	433.812
1142.51	464.812
1143.09	437.812
1143.67	441.812
1144.25	432.812
1144.83	431.312
1145.41	407.812
1146	402.812
1146.58	418.812
1147.16	408.312
1147.74	390.812
1148.32	384.812
1148.9	396.312
1149.48	400.812
1150.06	375.812
1150.65	389.812
1151.23	368.812
1151.81	393.312
1152.39	362.812
1152.97	370.312
1153.55	351.312
1154.13	365.312
1154.71	365.312
1155.29	358.812
1155.87	377.312
1156.45	371.312
1157.03	363.812
1157.61	364.812
1158.19	362.812
1158.77	370.312
1159.35	343.312
1159.93	345.812
1160.51	346.812
1161.09	342.312
1161.67	362.312
1162.25	336.812
1162.83	327.312
1163.41	345.312
1163.99	332.312
1164.57	283.812
1165.15	322.812
1165.73	287.812
1166.31	302.812
1166.89	301.812
1167.47	311.312
1168.05	307.312
1168.63	308.312
1169.21	304.812
1169.79	285.812
1170.36	292.312
1170.94	292.812
1171.52	295.812
1172.1	281.812
1172.68	276.812
1173.26	298.312
1173.84	271.812
1174.42	267.812
1175	267.812
1175.57	277.812
1176.15	290.812
1176.73	278.812
1177.31	260.812
1177.89	276.312
1178.47	234.812
1179.04	222.812
1179.62	250.812
1180.2	239.812
1180.78	253.812
1181.36	260.312
1181.94	221.812
1182.51	248.812
1183.09	234.312
1183.67	255.312
1184.24	249.812
1184.82	249.812
1185.4	234.812
1185.98	220.812
1186.56	224.312
1187.13	236.812
1187.71	218.812
1188.29	223.312
1188.86	251.312
1189.44	220.312
1190.02	244.812
1190.6	224.312
1191.17	247.812
1191.75	214.812
1192.33	212.812
1192.91	223.812
1193.48	208.812
1194.06	224.312
1194.63	226.812
1195.21	200.812
1195.79	221.812
1196.36	211.312
1196.94	193.812
1197.52	204.812
1198.09	193.812
1198.67	202.812
1199.25	201.312
1199.82	205.812
1200.4	207.312
1200.98	201.312
1201.55	191.812
1202.13	188.812
1202.7	204.812
1203.28	164.812
1203.85	194.812
1204.43	196.812
1205.01	186.812
1205.58	208.812
1206.16	197.812
1206.73	192.812
1207.31	186.312
1207.88	197.812
1208.46	192.812
1209.03	196.312
1209.61	192.812
1210.18	157.812
1210.76	178.812
1211.34	179.812
1211.91	173.812
1212.48	177.812
1213.06	194.312
1213.63	159.812
1214.21	172.812
1214.79	170.312
1215.36	175.812
1215.93	175.812
1216.51	173.812
1217.08	168.812
1217.66	171.812
1218.23	177.812
1218.81	171.812
1219.38	181.312
1219.95	159.812
1220.53	182.812
1221.1	163.812
1221.68	176.312
1222.25	177.312
1222.83	187.312
1223.4	181.812
1223.97	159.812
1224.55	159.812
1225.12	190.812
1225.69	148.812
1226.27	157.312
1226.84	169.812
1227.42	166.312
1227.99	167.812
1228.56	152.812
1229.14	164.812
1229.71	169.812
1230.28	155.812
1230.86	175.312
1231.43	169.812
1232	166.812
1232.57	165.812
1233.15	155.812
1233.72	174.312
1234.29	167.312
1234.87	169.812
1235.44	151.812
1236.01	156.812
1236.58	148.812
1237.16	172.812
1237.73	144.812
1238.3	172.312
1238.87	155.812
1239.45	161.812
1240.02	169.312
1240.59	173.812
1241.16	167.812
1241.73	143.812
1242.31	145.312
1242.88	165.812
1243.45	169.812
1244.02	161.812
1244.59	151.812
1245.17	169.812
1245.74	150.812
1246.31	167.312
1246.88	143.812
1247.45	152.312
1248.03	161.812
1248.6	154.812
1249.17	151.312
1249.74	154.812
1250.31	163.812
1250.88	176.312
1251.45	150.312
1252.02	145.312
1252.6	174.812
1253.17	162.812
1253.74	156.812
1254.31	145.312
1254.88	159.812
1255.45	161.812
1256.02	152.812
1256.59	146.812
1257.16	161.812
1257.73	151.812
1258.3	157.312
1258.87	138.812
1259.44	150.812
1260.01	152.312
1260.58	153.812
1261.16	144.812
1261.73	157.812
1262.3	144.312
1262.87	160.812
1263.43	139.812
1264.01	142.812
1264.58	133.812
1265.15	153.812
1265.72	134.812
1266.28	161.312
1266.85	142.312
1267.42	145.812
1267.99	149.312
1268.56	141.812
1269.13	158.312
1269.7	145.312
1270.27	159.312
1270.84	162.812
1271.41	143.312
1271.98	159.312
1272.55	147.812
1273.12	148.812
1273.69	160.312
1274.26	154.312
1274.82	159.312
1275.39	160.812
1275.96	156.312
1276.53	144.812
1277.1	133.812
1277.67	137.312
1278.24	151.812
1278.81	149.278
1279.38	144.312
1279.94	154.812
1280.51	140.812
1281.08	144.312
1281.65	143.812
1282.22	145.812
1282.78	151.812
1283.35	151.812
1283.92	133.812
1284.49	144.812
1285.05	162.312
1285.62	156.812
1286.19	153.812
1286.76	151.812
1287.33	157.312
1287.9	139.312
1288.46	163.812
1289.03	148.312
1289.6	157.312
1290.16	147.312
1290.73	140.312
1291.3	142.812
1291.87	149.812
1292.43	131.312
1293	131.812
1293.57	136.812
1294.13	127.812
1294.7	142.312
1295.27	148.812
1295.84	150.812
1296.4	150.812
1296.97	150.812
1297.54	158.812
1298.1	145.312
1298.67	143.812
1299.24	140.812
1299.8	147.812
1300.37	152.812
1300.94	150.812
1301.5	148.812
1302.07	160.812
1302.64	156.312
1303.2	152.312
1303.77	152.312
1304.33	141.312
1304.9	139.812
1305.46	153.812
1306.03	153.312
1306.6	137.812
1307.16	147.312
1307.73	152.312
1308.29	147.812
1308.86	147.029
1309.43	152.812
1309.99	144.812
1310.56	131.812
1311.12	144.312
1311.69	148.312
1312.25	137.812
1312.82	148.312
1313.38	146.535
1313.95	147.812
1314.51	139.812
1315.08	135.312
1315.64	159.312
1316.21	157.812
1316.77	155.312
1317.34	148.812
1317.9	141.312
1318.47	143.812
1319.03	164.312
1319.6	147.312
1320.16	157.312
1320.72	142.812
1321.29	168.812
1321.85	150.812
1322.42	148.812
1322.98	151.812
1323.55	151.312
1324.11	146.618
1324.67	150.812
1325.24	130.312
1325.8	142.312
1326.37	147.812
1326.93	155.312
1327.49	138.312
1328.06	141.812
1328.62	139.812
1329.19	155.812
1329.75	144.812
1330.31	158.312
1330.88	156.812
1331.44	137.812
1332	147.312
1332.56	146.812
1333.13	135.812
1333.69	158.812
1334.25	142.312
1334.82	144.812
1335.38	164.312
1335.94	147.312
1336.51	149.812
1337.07	149.812
1337.63	141.812
1338.2	149.312
1338.76	145.201
1339.32	139.812
1339.88	148.812
1340.45	144.312
1341.01	136.312
1341.57	145.674
1342.13	133.812
1342.7	150.812
1343.26	143.312
1343.82	142.312
1344.38	141.812
1344.95	150.812
1345.51	144.812
1346.07	151.812
1346.63	144.812
1347.19	155.812
1347.75	145.812
1348.32	148.312
1348.88	160.812
1349.44	144.812
1350	149.312
1350.56	137.812
1351.12	148.812
1351.69	154.312
1352.25	146.812
1352.81	143.312
1353.37	131.812
1353.93	118.812
1354.49	132.812
1355.05	143.812
1355.61	135.812
1356.18	148.812
1356.74	126.812
1357.3	143.812
1357.86	148.812
1358.42	130.812
1358.98	155.812
1359.54	138.312
1360.1	130.812
1360.66	146.312
1361.22	145.812
1361.78	151.812
1362.34	148.812
1362.9	133.312
1363.46	162.312
1364.02	153.812
1364.58	145.312
1365.14	147.812
1365.7	148.812
1366.26	146.312
1366.82	155.312
1367.38	148.312
1367.94	152.812
1368.5	145.812
1369.06	139.312
1369.62	143.312
1370.18	143.312
1370.74	141.312
1371.3	134.812
1371.86	143.812
1372.42	154.312
1372.98	130.812
1373.54	133.812
1374.1	142.312
1374.66	139.312
1375.22	144.812
1375.78	128.312
1376.34	130.312
1376.89	137.812
1377.45	144.812
1378.01	160.312
1378.57	158.812
1379.13	140.812
1379.69	149.812
1380.25	133.812
1380.81	146.812
1381.36	155.812
1381.92	141.812
1382.48	157.812
1383.04	146.812
1383.6	154.312
1384.15	158.312
1384.71	130.812
1385.27	141.812
1385.83	161.312
1386.39	129.312
1386.95	133.812
1387.5	149.312
1388.06	117.812
1388.62	143.812
1389.18	141.812
1389.74	132.312
1390.29	147.312
1390.85	137.812
1391.41	150.812
1391.97	123.812
1392.52	143.812
1393.08	143.812
1393.64	132.312
1394.19	135.812
1394.75	143.312
1395.31	139.812
1395.87	158.312
1396.42	145.312
1396.98	138.812
1397.54	143.312
1398.1	127.812
1398.65	128.812
1399.21	136.812
1399.77	136.812
1400.32	154.812
1400.88	139.312
1401.43	138.312
1401.99	137.812
1402.55	120.312
1403.11	139.812
1403.66	132.312
1404.22	129.812
1404.77	116.812
1405.33	136.812
1405.89	144.312
1406.44	145.812
1407	127.312
1407.55	135.812
1408.11	138.812
1408.67	140.312
1409.22	140.312
1409.78	140.812
1410.33	130.812
1410.89	143.812
1411.44	150.812
1412	150.312
1412.56	156.312
1413.11	156.312
1413.67	134.812
1414.22	118.812
1414.78	150.312
1415.33	148.812
1415.89	135.812
1416.44	154.812
1417	148.312
1417.55	156.812
1418.11	151.812
1418.66	133.812
1419.22	145.312
1419.77	134.812
1420.33	126.312
1420.88	140.812
1421.44	136.812
1421.99	148.812
1422.55	138.812
1423.1	133.812
1423.65	146.812
1424.21	143.312
1424.76	138.812
1425.32	137.812
1425.87	141.812
1426.43	139.812
1426.98	147.812
1427.53	149.312
1428.09	152.812
1428.64	152.812
1429.19	135.812
1429.75	145.312
1430.3	139.312
1430.86	149.312
1431.41	136.812
1431.96	142.312
1432.52	132.312
1433.07	154.312
1433.62	124.312
1434.18	136.312
1434.73	136.812
1435.29	119.812
1435.84	136.812
1436.39	139.812
1436.94	123.812
1437.5	142.312
1438.05	133.812
1438.6	153.312
1439.16	135.812
1439.71	142.312
1440.26	124.812
1440.82	150.812
1441.37	133.812
1441.92	160.812
1442.47	141.812
1443.02	154.812
1443.58	139.812
1444.13	152.812
1444.68	145.812
1445.23	136.312
1445.79	145.312
1446.34	139.812
1446.89	137.812
1447.44	142.812
1448	139.312
1448.55	129.812
1449.1	143.312
1449.65	126.812
1450.2	143.812
1450.75	138.812
1451.31	133.812
1451.86	133.812
1452.41	131.812
1452.96	139.812
1453.51	147.312
1454.06	138.312
1454.61	144.812
1455.17	137.312
1455.72	136.312
1456.27	153.812
1456.82	127.812
1457.37	155.312
1457.92	162.312
1458.47	130.812
1459.02	149.812
1459.58	157.812
1460.13	145.812
1460.68	143.812
1461.23	154.312
1461.78	144.312
1462.33	136.812
1462.88	134.812
1463.43	128.812
1463.98	146.312
1464.53	134.312
1465.08	141.812
1465.63	129.812
1466.18	142.812
1466.73	134.812
1467.28	128.812
1467.83	145.812
1468.38	133.812
1468.93	143.312
1469.48	139.812
1470.03	137.312
1470.58	131.812
1471.13	139.812
1471.68	132.312
1472.23	154.812
1472.78	143.812
1473.33	142.312
1473.88	163.812
1474.43	146.812
1474.98	147.812
1475.53	156.312
1476.08	131.812
1476.63	144.812
1477.18	123.812
1477.73	145.312
1478.27	144.812
1478.82	141.312
1479.37	139.312
1479.92	143.312
1480.47	129.812
1481.02	139.312
1481.57	149.312
1482.12	136.812
1482.67	141.812
1483.21	141.812
1483.76	136.812
1484.31	142.312
1484.86	128.812
1485.41	125.812
1485.96	134.312
1486.51	140.812
1487.05	146.812
1487.6	136.312
1488.15	142.812
1488.7	137.312
1489.25	145.812
1489.79	153.312
1490.34	140.812
1490.89	138.812
1491.44	149.812
1491.98	138.312
1492.53	143.312
1493.08	136.812
1493.63	144.812
1494.17	147.812
1494.72	145.312
1495.27	141.812
1495.82	137.312
1496.36	127.812
1496.91	132.812
1497.46	131.812
1498.01	128.812
1498.55	152.312
1499.1	133.812
1499.65	142.312
1500.19	162.812
2699.93	171.28
2700.4	171.28
2700.87	172.115
2701.33	172.568
2701.8	169.568
2702.27	188.068
2702.74	195.068
2703.2	174.568
2703.67	174.568
2704.14	175.568
2704.6	170.568
2705.07	185.568
2705.54	185.568
2706.01	170.568
2706.47	185.068
2706.94	198.568
2707.41	187.568
2707.87	180.568
2708.34	155.568
2708.81	191.068
2709.27	193.568
2709.74	191.568
2710.21	174.568
2710.67	192.568
2711.14	165.568
2711.6	175.068
2712.07	177.568
2712.54	198.568
2713	191.568
2713.47	184.568
2713.94	191.568
2714.4	185.568
2714.87	191.068
2715.34	179.568
2715.8	187.068
2716.27	173.068
2716.73	179.568
2717.2	184.068
2717.67	183.568
2718.13	186.068
2718.6	190.068
2719.06	174.568
2719.53	181.568
2719.99	194.068
2720.46	206.068
2720.93	181.068
2721.39	192.568
2721.86	195.568
2722.32	194.568
2722.79	201.068
2723.25	196.068
2723.72	199.568
2724.18	177.568
2724.65	184.568
2725.11	181.568
2725.58	184.068
2726.04	183.568
2726.51	184.068
2726.97	192.568
2727.44	180.568
2727.9	196.568
2728.37	196.068
2728.83	199.568
2729.3	205.568
2729.76	179.068
2730.23	186.568
2730.69	178.568
2731.16	193.568
2731.62	181.568
2732.09	195.568
2732.55	187.568
2733.02	189.568
2733.48	190.568
2733.95	201.568
2734.41	190.068
2734.87	197.568
2735.34	197.568
2735.8	176.568
2736.27	179.568
2736.73	183.568
2737.19	179.568
2737.66	173.568
2738.12	197.068
2738.59	177.568
2739.05	190.068
2739.51	178.568
2739.98	191.568
2740.44	193.568
2740.91	188.568
2741.37	170.568
2741.83	197.068
2742.3	185.568
2742.76	197.568
2743.22	187.568
2743.69	186.068
2744.15	183.568
2744.61	183.568
2745.08	192.568
2745.54	190.068
2746.01	198.068
2746.47	180.568
2746.93	195.568
2747.39	201.068
2747.86	184.068
2748.32	198.068
2748.78	193.568
2749.25	185.568
2749.71	189.568
2750.17	206.068
2750.64	188.068
2751.1	193.068
2751.56	187.568
2752.02	187.568
2752.49	180.568
2752.95	189.568
2753.41	185.568
2753.87	193.568
2754.34	202.068
2754.8	189.568
2755.26	204.568
2755.72	191.068
2756.19	201.068
2756.65	195.568
2757.11	192.568
2757.57	204.568
2758.04	203.568
2758.5	183.568
2758.96	206.568
2759.42	190.568
2759.88	184.568
2760.35	207.568
2760.81	181.568
2761.27	197.568
2761.73	198.568
2762.19	195.068
2762.66	200.068
2763.12	188.068
2763.58	191.068
2764.04	195.068
2764.5	191.068
2764.96	192.568
2765.43	191.568
2765.89	206.568
2766.35	195.068
2766.81	191.568
2767.27	188.568
2767.73	195.568
2768.19	192.568
2768.65	183.568
2769.12	189.068
2769.58	198.568
2770.04	187.568
2770.5	185.068
2770.96	179.568
2771.42	194.568
2771.88	191.568
2772.34	192.568
2772.8	191.068
2773.26	190.568
2773.73	190.068
2774.19	193.568
2774.65	185.568
2775.11	198.568
2775.57	189.568
2776.03	188.068
2776.49	205.568
2776.95	203.068
2777.41	195.068
2777.87	192.568
2778.33	200.568
2778.79	188.568
2779.25	208.568
2779.71	186.568
2780.17	194.068
2780.63	220.068
2781.09	211.068
2781.55	207.568
2782.01	209.568
2782.47	208.568
2782.93	218.568
2783.39	198.068
2783.85	200.568
2784.31	208.568
2784.77	204.068
2785.23	202.568
2785.69	210.568
2786.15	215.068
2786.61	200.568
2787.07	188.568
2787.53	194.068
2787.99	199.568
2788.45	194.568
2788.91	169.568
2789.37	211.568
2789.83	197.068
2790.28	211.568
2790.74	213.568
2791.2	208.068
2791.66	212.068
2792.12	209.068
2792.58	201.568
2793.04	198.568
2793.5	197.068
2793.96	183.568
2794.42	204.568
2794.88	200.568
2795.33	189.568
2795.79	206.568
2796.25	213.568
2796.71	217.068
2797.17	222.568
2797.63	217.568
2798.09	211.568
2798.54	202.568
2799	213.568
2799.46	214.068
2799.92	210.568
2800.38	200.068
2800.84	206.568
2801.29	193.568
2801.75	212.568
2802.21	199.068
2802.67	195.568
2803.13	208.068
2803.59	212.568
2804.04	216.568
2804.5	199.568
2804.96	191.568
2805.42	187.568
2805.87	194.068
2806.33	209.568
2806.79	204.568
2807.25	201.568
2807.71	216.068
2808.16	199.068
2808.62	221.568
2809.08	207.568
2809.54	209.068
2809.99	224.568
2810.45	197.568
2810.91	222.068
2811.36	205.568
2811.82	218.568
2812.28	219.568
2812.74	224.568
2813.19	235.568
2813.65	227.568
2814.11	208.568
2814.57	207.568
2815.02	218.068
2815.48	212.068
2815.94	200.568
2816.39	193.568
2816.85	204.068
2817.31	214.568
2817.76	213.568
2818.22	225.568
2818.68	205.568
2819.13	219.568
2819.59	225.068
2820.05	215.568
2820.5	200.568
2820.96	212.568
2821.42	210.568
2821.87	208.568
2822.33	208.568
2822.78	227.068
2823.24	211.568
2823.7	225.568
2824.15	209.568
2824.61	220.068
2825.07	216.068
2825.52	200.568
2825.98	216.068
2826.43	202.568
2826.89	221.568
2827.35	217.568
2827.8	214.068
2828.26	215.568
2828.71	210.568
2829.17	222.068
2829.62	217.568
2830.08	208.568
2830.54	213.568
2830.99	207.568
2831.45	216.568
2831.9	219.568
2832.36	215.068
2832.81	210.568
2833.27	215.568
2833.72	214.568
2834.18	207.568
2834.63	218.568
2835.09	237.568
2835.54	203.568
2836	227.068
2836.45	224.568
2836.91	223.568
2837.36	224.068
2837.82	233.068
2838.27	214.568
2838.73	223.068
2839.18	223.568
2839.64	220.068
2840.09	211.568
2840.55	221.568
2841	220.068
2841.46	223.568
2841.91	216.568
2842.36	227.568
2842.82	215.568
2843.27	219.068
2843.73	231.568
2844.18	212.068
2844.64	226.068
2845.09	225.568
2845.54	205.568
2846	212.568
2846.45	220.568
2846.91	233.568
2847.36	208.068
2847.82	234.068
2848.27	225.568
2848.72	204.568
2849.18	226.568
2849.63	214.568
2850.08	218.568
2850.54	219.068
2850.99	229.568
2851.45	236.568
2851.9	235.568
2852.35	218.568
2852.81	228.568
2853.26	213.568
2853.71	209.568
2854.17	224.068
2854.62	245.568
2855.07	232.068
2855.53	226.568
2855.98	228.568
2856.43	227.068
2856.89	220.068
2857.34	236.568
2857.79	231.068
2858.25	229.068
2858.7	241.068
2859.15	223.568
2859.6	237.568
2860.06	237.568
2860.51	227.568
2860.96	229.068
2861.42	231.568
2861.87	238.068
2862.32	235.568
2862.77	237.568
2863.23	225.568
2863.68	227.568
2864.13	233.068
2864.58	239.068
2865.04	241.568
2865.49	236.568
2865.94	219.568
2866.39	227.568
2866.84	227.568
2867.3	220.568
2867.75	227.068
2868.2	235.568
2868.65	230.068
2869.11	225.068
2869.56	231.568
2870.01	223.568
2870.46	225.568
2870.91	231.568
2871.36	226.568
2871.82	246.068
2872.27	217.568
2872.72	226.568
2873.17	233.068
2873.62	230.068
2874.07	236.568
2874.53	232.068
2874.98	238.568
2875.43	252.068
2875.88	236.068
2876.33	240.568
2876.78	219.568
2877.23	240.068
2877.69	223.568
2878.14	245.568
2878.59	220.568
2879.04	231.568
2879.49	236.068
2879.94	241.568
2880.39	236.568
2880.84	247.068
2881.29	235.068
2881.74	247.568
2882.2	237.568
2882.65	239.068
2883.1	238.568
2883.55	251.068
2884	250.068
2884.45	246.068
2884.9	243.068
2885.35	253.568
2885.8	262.068
2886.25	231.068
2886.7	235.568
2887.15	232.568
2887.6	238.568
2888.05	238.568
2888.5	231.568
2888.95	223.568
2889.4	231.068
2889.85	228.568
2890.3	215.568
2890.75	227.568
2891.2	233.568
2891.65	216.568
2892.1	232.068
2892.55	220.568
2893	222.068
2893.45	229.068
2893.9	219.568
2894.35	226.568
2894.8	248.068
2895.25	219.568
2895.7	250.568
2896.15	236.568
2896.6	227.568
2897.05	246.568
2897.5	234.568
2897.95	250.068
2898.4	244.568
2898.85	255.068
2899.29	241.068
2899.74	253.068
2900.19	253.068
2900.64	255.068
2901.09	258.068
2901.54	250.568
2901.99	261.068
2902.44	229.568
2902.89	255.568
2903.34	245.568
2903.78	235.068
2904.23	254.568
2904.68	260.568
2905.13	238.568
2905.58	233.568
2906.03	238.568
2906.48	254.568
2906.92	254.068
2907.37	256.568
2907.82	232.568
2908.27	239.068
2908.72	256.568
2909.17	244.568
2909.61	226.568
2910.06	240.568
2910.51	225.568
2910.96	243.068
2911.41	247.568
2911.86	251.568
2912.3	262.568
2912.75	251.568
2913.2	246.568
2913.65	270.568
2914.1	271.068
2914.54	271.568
2914.99	243.068
2915.44	234.568
2915.89	260.068
2916.33	235.568
2916.78	245.568
2917.23	267.568
2917.68	255.568
2918.12	242.068
2918.57	249.068
2919.02	255.568
2919.47	259.568
2919.91	231.568
2920.36	253.568
2920.81	257.068
2921.26	255.568
2921.7	222.568
2922.15	250.068
2922.6	263.568
2923.04	258.568
2923.49	251.568
2923.94	258.568
2924.38	253.568
2924.83	254.068
2925.28	255.568
2925.73	255.568
2926.17	246.568
2926.62	242.068
2927.06	264.068
2927.51	249.568
2927.96	233.568
2928.41	265.568
2928.85	254.568
2929.3	254.068
2929.74	241.568
2930.19	255.068
2930.64	248.568
2931.08	257.068
2931.53	259.068
2931.98	274.068
2932.42	229.568
2932.87	261.068
2933.31	273.068
2933.76	266.068
2934.21	267.568
2934.65	259.568
2935.1	264.068
2935.54	281.568
2935.99	289.568
2936.44	271.068
2936.88	261.568
2937.33	254.568
2937.77	267.568
2938.22	265.068
2938.66	251.568
2939.11	256.068
2939.56	252.068
2940	277.568
2940.45	255.568
2940.89	267.568
2941.34	268.568
2941.78	272.568
2942.23	273.068
2942.67	258.068
2943.12	231.568
2943.56	262.068
2944.01	266.068
2944.45	256.568
2944.9	281.568
2945.34	273.068
2945.79	278.068
2946.23	265.568
2946.68	260.568
2947.12	262.068
2947.57	249.568
2948.01	254.568
2948.46	273.568
2948.9	266.568
2949.34	268.568
2949.79	261.568
2950.23	259.568
2950.68	261.568
2951.12	248.568
2951.57	261.568
2952.01	281.568
2952.46	254.568
2952.9	280.568
2953.34	279.068
2953.79	261.568
2954.23	262.568
2954.68	275.568
2955.12	267.568
2955.56	277.568
2956.01	276.568
2956.45	249.068
2956.9	262.068
2957.34	268.568
2957.79	261.568
2958.23	265.568
2958.67	286.068
2959.12	279.568
2959.56	265.568
2960	272.068
2960.45	278.568
2960.89	247.568
2961.33	277.568
2961.78	285.568
2962.22	283.568
2962.66	269.568
2963.11	270.568
2963.55	263.568
2963.99	265.568
2964.44	273.568
2964.88	284.568
2965.32	281.068
2965.77	251.568
2966.21	256.568
2966.65	275.068
2967.09	281.068
2967.54	278.068
2967.98	273.068
2968.42	257.568
2968.87	281.568
2969.31	256.568
2969.75	270.568
2970.19	285.568
2970.64	272.068
2971.08	288.068
2971.52	289.068
2971.96	291.568
2972.41	268.568
2972.85	271.068
2973.29	288.568
2973.73	262.068
2974.18	292.568
2974.62	264.568
2975.06	291.568
2975.5	279.568
2975.95	289.568
2976.39	276.568
2976.83	273.568
2977.27	282.068
2977.71	295.568
2978.16	291.568
2978.6	272.568
2979.04	264.568
2979.48	271.568
2979.92	279.068
2980.36	273.568
2980.81	259.568
2981.25	283.068
2981.69	290.568
2982.13	275.568
2982.57	277.568
2983.01	272.568
2983.46	263.568
2983.9	265.568
2984.34	273.568
2984.78	292.568
2985.22	269.568
2985.66	287.068
2986.1	286.568
2986.54	278.068
2986.99	281.068
2987.43	290.568
2987.87	293.068
2988.31	293.568
2988.75	281.568
2989.19	282.068
2989.63	299.568
2990.07	294.568
2990.51	283.068
2990.95	278.568
2991.39	289.068
2991.83	289.568
2992.28	275.568
2992.72	271.568
2993.16	289.568
2993.6	269.568
2994.04	285.068
2994.48	286.068
2994.92	294.568
2995.36	281.568
2995.8	282.568
2996.24	299.068
2996.68	258.568
2997.12	295.068
2997.56	294.068
2998	287.068
2998.44	293.068
2998.88	286.568
2999.32	302.568
2999.76	291.568
3000.2	298.568
3000.64	293.068
3001.08	305.568
3001.52	293.068
3001.96	300.568
3002.4	285.568
3002.84	310.068
3003.28	280.568
3003.72	266.568
3004.16	300.068
3004.59	307.568
3005.03	298.568
3005.47	312.568
3005.91	301.568
3006.35	313.568
3006.79	310.568
3007.23	287.568
3007.67	295.068
3008.11	299.568
3008.55	290.068
3008.99	300.568
3009.43	296.568
3009.87	298.068
3010.3	305.568
3010.74	287.568
3011.18	304.068
3011.62	292.568
3012.06	316.068
3012.5	307.568
3012.94	310.068
3013.38	305.568
3013.82	302.568
3014.25	302.068
3014.69	281.068
3015.13	314.568
3015.57	298.568
3016.01	308.568
3016.45	311.068
3016.88	317.568
3017.32	298.568
3017.76	298.568
3018.2	315.568
3018.64	286.568
3019.08	309.068
3019.51	305.068
3019.95	290.568
3020.39	295.568
3020.83	320.568
3021.26	300.568
3021.7	296.568
3022.14	309.568
3022.58	300.568
3023.02	297.068
3023.45	285.568
3023.89	300.568
3024.33	275.568
3024.77	304.568
3025.2	297.98
3025.64	316.288
3026.08	304.703
3026.52	311.609
3026.95	305.586
3027.39	282.261
3027.83	297.741
3028.27	315.833
3028.7	299.775
3029.14	300.298
3029.58	314.322
3030.01	320.401
3030.45	302.452
3030.89	301.15
3031.33	312.195
3031.76	295.856
3032.2	290.603
3032.64	302.408
3033.07	313.25
3033.51	310.201
3033.95	308.793
3034.38	313.906
3034.82	322.864
3035.26	297.07
3035.69	313.174
3036.13	312.827
3036.57	317.046
3037	305.047
3037.44	329.351
3037.88	304.091
3038.31	307.002
3038.75	316.706
3039.18	309.007
3039.62	339.85
3040.06	316.798
3040.49	310.776
3040.93	307.085
3041.36	314.307
3041.8	320.797
3042.24	315.116
3042.67	324.732
3043.11	310.258
3043.54	313.405
3043.98	329.293
3044.42	308.464
3044.85	323.282
3045.29	303.079
3045.72	312.063
3046.16	319.72
3046.59	309.464
3047.03	321.688
3047.47	319.486
3047.9	321.397
3048.34	316.824
3048.77	314.623
3049.21	325.531
3049.64	323.827
3050.08	330.966
3050.51	301.965
3050.95	321.241
3051.38	318.37
3051.82	314.869
3052.25	329.148
3052.69	321.871
3053.12	322.937
3053.56	338.777
3053.99	329.714
3054.43	344.823
3054.86	354.589
3055.3	335.411
3055.73	312.024
3056.17	321.775
3056.6	322.841
3057.03	318.434
3057.47	322.404
3057.9	320.274
3058.34	328.19
3058.77	324.478
3059.21	327.442
3059.64	340.803
3060.08	344.772
3060.51	332.654
3060.94	331.963
3061.38	341.442
3061.81	340.399
3062.25	333.667
3062.68	325.674
3063.11	329.969
3063.55	325.679
3063.98	322.497
3064.42	316.678
3064.85	326.173
3065.28	324.881
3065.72	329.336
3066.15	319.214
3066.58	334.802
3067.02	337.15
3067.45	327.665
3067.89	333.776
3068.32	333.363
3068.75	336.699
3069.19	329.929
3069.62	336.664
3070.05	339.406
3070.49	317.821
3070.92	306.285
3071.35	329.646
3071.79	334.173
3072.22	330.296
3072.65	344.682
3073.09	337.039
3073.52	344.882
3073.95	344.87
3074.38	341.795
3074.82	330.212
3075.25	341.448
3075.68	341.845
3076.11	335.352
3076.55	332.341
3076.98	334.314
3077.41	335.929
3077.85	344.707
3078.28	348.214
3078.71	342.065
3079.14	352.677
3079.58	344.011
3080.01	330.675
3080.44	342.98
3080.87	340.55
3081.31	347.412
3081.74	345.92
3082.17	339.683
3082.6	353.812
3083.03	355.237
3083.47	340.434
3083.9	348.216
3084.33	349.72
3084.76	346.302
3085.19	332.252
3085.63	336.467
3086.06	346.445
3086.49	357.366
3086.92	357.696
3087.35	352.782
3087.79	342.97
3088.22	347.998
3088.65	348.21
3089.08	345.289
3089.51	350.201
3089.94	353.755
3090.38	348.104
3090.81	323.662
3091.24	354.972
3091.67	358.906
3092.1	359.062
3092.53	344.602
3092.96	350.497
3093.39	339.944
3093.82	343.878
3094.26	333.135
3094.69	361.239
3095.12	362.508
3095.55	355.366
3095.98	345.666
3096.41	368.245
3096.84	357.734
3097.27	348.757
3097.7	361.784
3098.13	342.302
3098.56	359.774
3099	358.624
3099.43	357.806
3099.86	364.601
3100.29	364.33
3100.72	361.863
3101.15	359.738
3101.58	366.732
3102.01	370.853
3102.44	351.836
3102.87	368.786
3103.3	342.863
3103.73	371.885
3104.16	353.281
3104.59	355.203
3105.02	371.147
3105.45	367.864
3105.88	356.095
3106.31	373.297
3106.74	363.798
3107.17	358.844
3107.6	372.077
3108.03	365.41
3108.46	361.55
3108.89	335.715
3109.32	343.107
3109.75	367.672
3110.18	376.522
3110.61	374.753
3111.04	388.444
3111.47	372.5
3111.9	359.765
3112.33	378.922
3112.75	360.8
3113.18	359.707
3113.61	372.973
3114.04	369.881
3114.47	378.799
3114.9	362.538
3115.33	361.276
3115.76	369.327
3116.19	357.635
3116.62	357.906
3117.05	353.499
3117.48	373.114
3117.9	381.953
3118.33	376.447
3118.76	371.188
3119.19	368.257
3119.62	354.428
3120.05	387.314
3120.48	373.343
3120.91	375.173
3121.33	375.496
3121.76	379.542
3122.19	355.984
3122.62	370.06
3123.05	369.818
3123.48	369.705
3123.9	370.296
3124.33	370.519
3124.76	382.878
3125.19	370.753
3125.62	382.827
3126.05	377.535
3126.47	384.552
3126.9	376.461
3127.33	382.007
3127.76	391.843
3128.18	373.045
3128.61	396.259
3129.04	390.861
3129.47	391.047
3129.9	385.667
3130.32	386.905
3130.75	383.079
3131.18	375.373
3131.61	389.633
3132.03	373.6
3132.46	375.049
3132.89	385.953
3133.32	390.036
3133.74	392.261
3134.17	376.533
3134.6	384.277
3135.03	374.019
3135.45	403.698
3135.88	387.166
3136.31	371.044
3136.74	384.815
3137.16	382.946
3137.59	393.715
3138.02	383.206
3138.44	407.897
3138.87	403.173
3139.3	401.6
3139.72	399.911
3140.15	382.678
3140.58	398.417
3141	413.692
3141.43	404.842
3141.86	394.418
3142.28	412.798
3142.71	410.153
3143.14	390.101
3143.56	400.079
3143.99	400.259
3144.42	399.451
3144.84	397.598
3145.27	406.201
3145.69	401.101
3146.12	402.154
3146.55	409.487
3146.97	404.469
3147.4	399.531
3147.83	400.704
3148.25	421.709
3148.68	403.203
3149.1	427.611
3149.53	411.863
3149.95	406.206
3150.38	362.147
3150.81	432.401
3151.23	415.153
3151.66	391.98
3152.08	381.607
3152.51	397.042
3152.94	408.878
3153.36	413.842
3153.79	388.423
3154.21	401.932
3154.36	415.932
3154.79	430.432
3155.22	405.432
3155.66	410.932
3156.09	428.932
3156.52	421.932
3156.95	428.932
3157.39	408.932
3157.82	425.932
3158.25	413.932
3158.68	442.432
3159.11	408.932
3159.55	406.932
3159.98	418.932
3160.41	418.932
3160.84	410.432
3161.27	414.932
3161.7	413.932
3162.14	436.432
3162.57	417.932
3163	408.432
3163.43	410.432
3163.86	409.932
3164.29	404.432
3164.73	419.432
3165.16	417.932
3165.59	407.932
3166.02	404.932
3166.45	415.932
3166.88	427.432
3167.31	415.932
3167.75	429.432
3168.18	418.432
3168.61	420.932
3169.04	427.432
3169.47	413.932
3169.9	428.432
3170.33	410.432
3170.76	440.932
3171.2	438.432
3171.63	438.432
3172.06	430.932
3172.49	413.432
3172.92	438.432
3173.35	451.932
3173.78	441.932
3174.21	451.932
3174.64	423.432
3175.07	448.932
3175.5	438.432
3175.93	418.932
3176.36	412.932
3176.79	430.432
3177.22	433.932
3177.65	421.932
3178.08	428.432
3178.51	426.932
3178.94	429.932
3179.37	451.932
3179.81	440.432
3180.24	442.932
3180.66	433.932
3181.1	455.432
3181.53	431.932
3181.95	436.932
3182.39	429.932
3182.81	429.932
3183.24	452.932
3183.68	443.932
3184.1	442.932
3184.53	448.932
3184.96	454.932
3185.39	438.432
3185.82	418.932
3186.25	440.932
3186.68	415.432
3187.11	466.432
3187.54	442.932
3187.97	456.932
3188.4	454.932
3188.83	460.432
3189.26	441.932
3189.69	443.932
3190.12	432.432
3190.55	434.932
3190.98	461.932
3191.4	463.432
3191.83	483.932
3192.26	446.932
3192.69	445.432
3193.12	459.932
3193.55	468.932
3193.98	442.932
3194.41	448.932
3194.84	474.932
3195.26	454.932
3195.69	470.432
3196.12	460.932
3196.55	454.932
3196.98	460.932
3197.41	458.932
3197.84	429.932
3198.26	462.932
3198.69	432.932
3199.12	448.432
3199.55	476.932
3199.98	474.432
3200.41	480.932
3200.83	502.932
3201.26	483.432
3201.69	467.932
3202.12	465.932
3202.55	471.932
3202.98	466.432
3203.4	465.432
3203.83	457.932
3204.26	484.932
3204.69	479.932
3205.11	475.432
3205.54	470.932
3205.97	457.432
3206.4	475.932
3206.82	458.432
3207.25	460.932
3207.68	436.932
3208.11	453.932
3208.54	438.432
3208.96	433.932
3209.39	439.932
3209.82	460.932
3210.25	457.932
3210.67	469.932
3211.1	462.932
3211.53	467.932
3211.95	482.932
3212.38	497.932
3212.81	491.432
3213.24	467.432
3213.66	494.432
3214.09	497.932
3214.52	480.432
3214.94	473.932
3215.37	484.932
3215.8	502.432
3216.22	500.932
3216.65	490.932
3217.08	477.932
3217.5	479.932
3217.93	492.932
3218.36	488.432
3218.78	485.932
3219.21	488.432
3219.64	486.932
3220.06	471.432
3220.49	485.432
3220.92	475.932
3221.34	485.932
3221.77	489.932
3222.2	481.932
3222.62	504.432
3223.05	503.932
3223.47	505.932
3223.9	516.932
3224.33	483.932
3224.75	510.432
3225.18	454.932
3225.6	462.932
3226.03	492.932
3226.46	487.932
3226.88	488.932
3227.31	480.932
3227.73	501.932
3228.16	501.932
3228.58	526.932
3229.01	474.932
3229.44	513.932
3229.86	512.932
3230.29	502.932
3230.71	513.932
3231.14	497.432
3231.56	495.932
3231.99	495.932
3232.41	506.932
3232.84	503.932
3233.26	531.432
3233.69	513.432
3234.11	534.932
3234.54	492.932
3234.96	515.432
3235.39	483.932
3235.81	511.932
3236.24	517.932
3236.67	509.432
3237.09	524.432
3237.51	518.432
3237.94	525.932
3238.36	527.932
3238.79	481.432
3239.21	531.932
3239.64	519.432
3240.06	481.932
3240.49	506.932
3240.91	509.932
3241.34	496.932
3241.76	523.432
3242.19	507.932
3242.61	536.932
3243.03	500.932
3243.46	549.932
3243.88	519.432
3244.31	516.932
3244.73	536.932
3245.16	514.932
3245.58	523.932
3246	528.932
3246.43	536.432
3246.85	514.432
3247.27	517.932
3247.7	516.932
3248.12	539.932
3248.55	530.932
3248.97	525.932
3249.39	534.932
3249.82	531.932
3250.24	520.432
3250.66	512.432
3251.09	520.932
3251.51	524.932
3251.94	549.932
3252.36	540.932
3252.78	537.932
3253.21	537.932
3253.63	510.932
3254.05	521.932
3254.48	523.932
3254.9	536.432
3255.32	531.932
3255.75	517.932
3256.17	544.932
3256.59	514.932
3257.02	524.932
3257.44	520.932
3257.86	551.932
3258.28	568.932
3258.71	551.932
3259.13	535.932
3259.55	546.932
3259.98	552.432
3260.4	539.932
3260.82	550.932
3261.24	552.432
3261.67	556.932
3262.09	556.432
3262.51	560.932
3262.93	554.932
3263.36	560.432
3263.78	559.432
3264.2	523.432
3264.62	548.932
3265.05	528.932
3265.47	564.432
3265.89	550.932
3266.31	559.932
3266.74	550.432
3267.16	537.932
3267.58	575.932
3268	551.432
3268.42	545.932
3268.85	553.432
3269.27	540.932
3269.69	523.932
3270.11	577.432
3270.53	547.932
3270.95	567.932
3271.38	556.932
3271.8	562.432
3272.22	587.932
3272.64	530.932
3273.06	558.432
3273.49	556.432
3273.91	526.432
3274.33	548.932
3274.75	551.432
3275.17	560.432
3275.59	559.932
3276.01	575.932
3276.43	567.432
3276.86	564.932
3277.28	542.932
3277.7	559.432
3278.12	582.932
3278.54	559.432
3278.96	569.932
3279.38	545.932
3279.8	564.932
3280.22	570.432
3280.64	545.932
3281.07	585.932
3281.49	596.932
3281.91	558.432
3282.33	549.932
3282.75	551.932
3283.17	568.432
3283.59	564.932
3284.01	571.432
3284.43	588.932
3284.85	576.432
3285.27	521.932
3285.69	586.432
3286.11	573.932
3286.53	567.432
3286.95	556.932
3287.37	568.932
3287.79	579.932
3288.22	571.932
3288.64	573.932
3289.06	584.432
3289.48	559.932
3289.9	588.932
3290.32	567.932
3290.74	582.932
3291.16	588.932
3291.58	587.432
3292	547.932
3292.42	548.932
3292.83	543.432
3293.25	568.432
3293.67	547.432
3294.09	558.932
3294.51	573.932
3294.93	563.932
3295.35	575.932
3295.77	541.932
3296.19	561.932
3296.61	594.932
3297.03	580.932
3297.45	588.432
3297.87	596.432
3298.29	595.932
3298.71	596.432
3299.13	576.932
3299.55	605.932
3299.96	608.432
3300.38	620.932
3300.8	606.432
3301.22	596.432
3301.64	571.432
3302.06	605.932
3302.48	600.932
3302.9	600.432
3303.32	592.932
3303.73	595.432
3304.15	603.932
3304.57	606.932
3304.99	614.932
3305.41	603.932
3305.83	608.932
3306.25	580.432
3306.66	596.932
3307.08	574.932
3307.5	577.932
3307.92	590.932
3308.34	593.932
3308.76	611.932
3309.17	628.432
3309.59	591.932
3310.01	620.932
3310.43	620.432
3310.85	603.932
3311.27	613.932
3311.68	600.932
3312.1	600.932
3312.52	600.932
3312.94	602.932
3313.36	608.932
3313.77	582.932
3314.19	604.932
3314.61	609.932
3315.03	629.932
3315.44	599.432
3315.86	571.932
3316.28	607.932
3316.7	609.932
3317.11	587.432
3317.53	622.432
3317.95	642.432
3318.37	614.932
3318.78	624.932
3319.2	633.432
3319.62	614.432
3320.04	621.932
3320.45	622.432
3320.87	637.932
3321.29	611.932
3321.7	623.932
3322.12	637.432
3322.54	660.932
3322.96	659.432
3323.37	631.932
3323.79	645.932
3324.21	648.932
3324.62	644.932
3325.04	617.432
3325.46	638.932
3325.87	642.932
3326.29	643.932
3326.71	621.932
3327.12	645.932
3327.54	642.932
3327.96	649.932
3328.37	623.932
3328.79	631.932
3329.21	646.932
3329.62	631.932
3330.04	632.932
3330.45	657.932
3330.87	645.432
3331.29	661.932
3331.7	636.932
3332.12	641.432
3332.54	667.432
3332.95	635.432
3333.37	653.432
3333.78	640.432
3334.2	642.432
3334.61	644.218
3335.03	644.54
3335.45	642.227
3335.86	653.17
3336.28	666.112
3336.69	653.248
3337.11	631.724
3337.53	667.708
3337.94	654.936
3338.36	652.329
3338.77	673.574
3339.19	679.342
3339.6	660.128
3340.02	668.713
3340.43	678.221
3340.85	664.634
3341.27	683.052
3341.68	660.324
3342.1	677.005
3342.51	657.189
3342.93	666.995
3343.34	677.408
3343.75	671.104
3344.17	680.195
3344.59	658.081
3345	646.161
3345.42	665.234
3345.83	664.927
3346.25	683.655
3346.66	670.576
3347.07	684.937
3347.49	656.897
3347.9	669.257
3348.32	686.133
3348.73	660.141
3349.15	678.716
3349.56	655.137
3349.98	691.588
3350.39	673.765
3350.8	704.622
3351.22	689.882
3351.63	688.328
3352.05	673.313
3352.46	684.588
3352.88	693.673
3353.29	659.622
3353.71	711.315
3354.12	666.131
3354.53	674.725
3354.95	658.359
3355.36	691.235
3355.78	707.605
3356.19	705.844
3356.6	694.53
3357.02	708.963
3357.43	697.295
3357.84	693.557
3358.26	695.418
3358.67	668.159
3359.09	705.165
3359.5	713.779
3359.91	700.101
3360.33	690.639
3360.74	706.693
3361.15	692.567
3361.57	698.28
3361.98	706.363
3362.39	704.608
3362.81	698.569
3363.22	689.088
3363.63	711.27
3364.05	729.174
3364.46	685.699
3364.87	709.402
3365.29	691.117
3365.7	717.666
3366.11	719.912
3366.52	735.851
3366.94	703
3367.35	724.47
3367.76	711.645
3368.18	728.215
3368.59	690.734
3369	692.442
3369.41	714.532
3369.83	729.051
3370.24	703.371
3370.65	721.901
3371.07	734.763
3371.48	722.935
3371.89	703.482
3372.3	738.294
3372.71	725.16
3373.13	717.984
3373.54	719.781
3373.95	713.615
3374.36	718.147
3374.78	737.073
3375.19	735.581
3375.6	732.507
3376.01	737.563
3376.42	729.247
3376.84	737.303
3377.25	724.972
3377.66	736.693
3378.07	730.608
3378.48	724.846
3378.9	744.685
3379.31	753.827
3379.72	751.156
3380.13	764.392
3380.54	741.254
3380.95	743.188
3381.37	751.937
3381.78	757.393
3382.19	734.714
3382.6	694.632
3383.01	727.879
3383.42	759.255
3383.83	764.198
3384.25	737.94
3384.66	754.735
3385.07	752.334
3385.48	773.755
3385.89	751.041
3386.3	751.867
3386.71	762.226
3387.12	783.55
3387.53	756.927
3387.94	761.826
3388.36	780.059
3388.77	748.455
3389.18	789.611
3389.59	782.382
3390	766.62
3390.41	726.225
3390.82	781.179
3391.23	762.443
3391.64	757.025
3392.05	781.62
3392.46	781.648
3392.87	777.954
3393.28	787.145
3393.69	799.204
3394.1	783.888
3394.51	783.655
3394.93	788.417
3395.34	777.275
3395.75	783.018
3396.16	776.276
3396.57	758.837
3396.98	785.704
3397.39	776.345
3397.8	777.609
3398.21	765.531
3398.62	776.844
3399.03	755.427
3399.44	799.896
3399.85	788.314
3400.26	771.565
3400.67	781.822
3401.07	776.862
3401.49	788.722
3401.9	801.892
3402.3	781.618
3402.71	789.417
3403.12	802.2
3403.53	806.111
3403.94	817.361
3404.35	809.062
3404.76	757.602
3405.17	809.574
3405.58	793.286
3405.99	824.334
3406.4	801.441
3406.81	806.947
3407.22	804.145
3407.63	743.162
3408.04	813.48
3408.44	843.731
3408.85	825.858
3409.26	803.56
3409.67	817.489
3410.08	820.134
3410.49	838.824
3410.9	781.402
3411.31	829.658
3411.72	834.207
3412.12	817.418
3412.53	836.758
3412.94	841.339
3413.35	829.165
3413.76	821.521
3414.17	842.156
3414.58	822.251
3414.98	826.446
3415.39	818.355
3415.8	857.707
3416.21	841.21
3416.62	847.709
3417.03	836.527
3417.43	833.127
3417.84	837.706
3418.25	862.224
3418.66	844.115
3419.07	857.245
3419.47	851.369
3419.88	838.429
3420.29	855.807
3420.7	870.783
3421.11	857.336
3421.51	864.519
3421.92	855.562
3422.33	827.729
3422.74	857.947
3423.14	863.383
3423.55	867.904
3423.96	835.264
3424.37	865.229
3424.77	834.66
3425.18	835.415
3425.59	864.693
3426	877.74
3426.41	834.271
3426.81	871.565
3427.22	854.668
3427.63	848.901
3428.03	871.027
3428.44	849.26
3428.85	852.469
3429.26	826.595
3429.66	858.816
3430.07	892.154
3430.48	885.556
3430.88	879.442
3431.29	882.18
3431.7	894.054
3432.1	886.233
3432.51	878.902
3432.92	875.664
3433.33	878.475
3433.73	858.452
3434.14	894.103
3434.54	893.607
3434.95	892.307
3435.36	897.017
3435.76	923.185
3436.17	889.559
3436.58	893.021
3436.98	924.908
3437.39	865.053
3437.8	906.222
3438.2	877.71
3438.61	892.083
3439.02	879.615
3439.42	884.511
3439.83	907.502
3440.23	897.526
3440.64	894.532
3441.04	905.747
3441.45	894.254
3441.86	891.64
3442.26	915.385
3442.67	873.3
3443.07	902.048
3443.48	906.264
3443.89	889.747
3444.29	929.314
3444.7	906.986
3445.1	877.572
3445.51	940.339
3445.92	938.946
3446.32	903.3
3446.72	910.733
3447.13	918.465
3447.54	895.85
3447.94	924.628
3448.35	923.422
3448.75	938.762
3449.16	946.712
3449.56	916.663
3449.97	978.667
3450.37	935.759
3450.78	937.099
3451.18	953.971
3451.59	911.789
3451.99	933.497
3452.4	927.276
3452.8	949.221
3453.21	961.684
3453.61	942.425
3454.02	955.96
3454.42	950.816
3454.83	942.805
3455.23	953.636
3455.64	956.605
3456.04	994.242
3456.45	973.028
3456.85	953.433
3457.25	946.597
3457.52	978.097
3457.93	974.097
3458.34	971.597
3458.75	982.097
3459.17	976.597
3459.58	960.597
3459.99	969.597
3460.4	982.597
3460.81	977.097
3461.22	964.097
3461.63	984.597
3462.04	934.597
3462.45	949.597
3462.86	962.597
3463.28	979.097
3463.69	976.097
3464.1	944.597
3464.51	980.597
3464.92	976.097
3465.33	966.597
3465.74	994.097
3466.15	959.597
3466.56	958.097
3466.97	944.097
3467.38	967.597
3467.79	974.097
3468.2	970.597
3468.61	969.597
3469.02	988.097
3469.43	948.597
3469.84	939.597
3470.25	1016.6
3470.66	1031.1
3471.07	965.097
3471.48	1021.6
3471.89	993.097
3472.3	996.597
3472.71	1000.1
3473.12	1007.6
3473.53	1020.6
3473.94	1012.6
3474.35	1017.6
3474.76	1015.6
3475.17	1055.6
3475.58	984.597
3475.99	1047.6
3476.4	964.597
3476.81	1029.6
3477.22	976.597
3477.63	1018.6
3478.04	1046.1
3478.45	1058.6
3478.86	1047.6
3479.27	1023.6
3479.68	1051.1
3480.09	1023.6
3480.5	1064.6
3480.91	1019.6
3481.31	1026.6
3481.72	1019.6
3482.13	999.597
3482.54	1026.1
3482.95	1037.6
3483.36	1045.1
3483.77	1055.1
3484.18	1013.6
3484.59	1066.6
3484.99	1041.1
3485.4	997.097
3485.81	1091.6
3486.22	1042.6
3486.63	1032.6
3487.04	1047.6
3487.45	1042.6
3487.86	1006.6
3488.26	1090.1
3488.67	1087.1
3489.08	1023.1
3489.49	1088.6
3489.9	1050.1
3490.31	1070.6
3490.72	1022.6
3491.12	1033.6
3491.53	1039.6
3491.94	1002.1
3492.35	1114.6
3492.76	1119.6
3493.16	1096.6
3493.57	1127.1
3493.98	1044.1
3494.39	1033.1
3494.8	1037.6
3495.2	1057.6
3495.61	1084.1
3496.02	1001.6
3496.43	1062.6
3496.83	1073.6
3497.24	1044.1
3497.65	1132.1
3498.06	1091.6
3498.47	1130.6
3498.87	1147.6
3499.28	1056.6
3499.69	1074.1
3500.1	1137.6
3500.5	1097.1
3500.91	1092.6
3501.32	1084.6
3501.73	1120.1
3502.13	1098.6
3502.54	1112.1
3502.95	1111.6
3503.36	1129.6
3503.76	1121.6
3504.17	1104.6
3504.58	1112.1
3504.98	1103.1
3505.39	1135.1
3505.8	1076.1
3506.2	1128.6
3506.61	1122.6
3507.02	1110.1
3507.43	1079.6
3507.83	1108.6
3508.24	1103.6
3508.65	1089.6
3509.05	1130.98
3509.46	1132.45
3509.87	1070.1
3510.27	1083.6
3510.68	1116.6
3511.08	1138.6
3511.49	1138.6
3511.9	1186.1
3512.3	1191.1
3512.71	1154.6
3513.12	1139.6
3513.52	1129.1
3513.93	1113.6
3514.33	1132.6
3514.74	1147.6
3515.15	1167.6
3515.55	1118.6
3515.96	1144.6
3516.37	1175.6
3516.77	1176.1
3517.18	1170.1
3517.58	1176.6
3517.99	1168.6
3518.39	1195.1
3518.8	1173.1
3519.21	1147.6
3519.61	1208.6
3520.02	1174.6
3520.42	1212.1
3520.83	1163.6
3521.23	1191.1
3521.64	1227.6
3522.05	1184.1
3522.45	1189.6
3522.86	1229.6
3523.26	1213.1
3523.67	1200.6
3524.07	1189.6
3524.48	1194.1
3524.88	1193.6
3525.29	1190.1
3525.69	1208.6
3526.1	1221.1
3526.5	1176.6
3526.91	1243.6
3527.31	1243.1
3527.72	1227.6
3528.12	1228.1
3528.53	1164.6
3528.93	1210.6
3529.34	1193.1
3529.74	1210.6
3530.15	1286.6
3530.55	1201.6
3530.96	1189.6
3531.36	1249.6
3531.77	1219.6
3532.17	1183.6
3532.58	1180.1
3532.98	1240.6
3533.38	1232.6
3533.79	1236.1
3534.19	1261.6
3534.6	1239.1
3535	1262.1
3535.41	1291.6
3535.81	1285.6
3536.21	1262.6
3536.62	1229.6
3537.02	1255.1
3537.43	1168.6
3537.83	1250.6
3538.23	1284.1
3538.64	1228.6
3539.04	1216.6
3539.45	1258.6
3539.85	1288.1
3540.25	1244.6
3540.66	1294.6
3541.06	1283.1
3541.46	1272.6
3541.87	1226.6
3542.27	1248.6
3542.68	1232.6
3543.08	1263.1
3543.48	1243.6
3543.89	1258.6
3544.29	1277.6
3544.69	1232.6
3545.1	1268.6
3545.5	1292.1
3545.9	1226.6
3546.31	1196.6
3546.71	1242.6
3547.11	1298.6
3547.52	1250.6
3547.92	1290.1
3548.32	1226.6
3548.73	1314.6
3549.13	1329.6
3549.53	1329.6
3549.93	1285.6
3550.34	1308.6
3550.74	1345.6
3551.14	1307.6
3551.55	1281.6
3551.95	1309.6
3552.35	1293.6
3552.75	1298.6
3553.16	1296.6
3553.56	1312.6
3553.96	1304.6
3554.36	1331.1
3554.77	1334.6
3555.17	1261.6
3555.57	1337.1
3555.97	1322.6
3556.38	1320.6
3556.78	1319.1
3557.18	1288.1
3557.58	1322.6
3557.98	1323.6
3558.39	1345.6
3558.79	1355.6
3559.19	1356.6
3559.59	1343.6
3559.99	1324.1
3560.4	1376.6
3560.8	1284.6
3561.2	1339.6
3561.6	1371.1
3562.01	1329.6
3562.41	1372.6
3562.81	1342.6
3563.21	1380.6
3563.61	1384.6
3564.01	1370.1
3564.41	1351.1
3564.82	1352.6
3565.22	1355.6
3565.62	1346.6
3566.02	1307.1
3566.42	1355.6
3566.82	1324.6
3567.23	1317.6
3567.63	1345.1
3568.03	1350.6
3568.43	1379.6
3568.83	1374.6
3569.23	1362.1
3569.63	1388.1
3570.03	1381.6
3570.44	1378.6
3570.84	1373.6
3571.24	1386.6
3571.64	1372.1
3572.04	1337.6
3572.44	1371.6
3572.84	1394.6
3573.24	1380.6
3573.64	1402.6
3574.04	1387.6
3574.44	1397.1
3574.84	1336.6
3575.25	1359.6
3575.64	1380.1
3576.05	1358.1
3576.45	1328.6
3576.85	1354.6
3577.25	1400.6
3577.65	1373.6
3578.05	1378.6
3578.45	1386.6
3578.85	1386.1
3579.25	1375.6
3579.65	1396.1
3580.05	1366.6
3580.45	1367.6
3580.85	1402.1
3581.25	1361.6
3581.65	1377.6
3582.05	1356.19
3582.45	1404.1
3582.85	1409.1
3583.25	1381.6
3583.65	1351.6
3584.05	1386.6
3584.45	1363.6
3584.85	1397.6
3585.25	1372.6
3585.65	1356.6
3586.05	1401.6
3586.45	1346.1
3586.85	1325.6
3587.25	1354.1
3587.65	1369.6
3588.05	1341.6
3588.44	1348.1
3588.84	1333.1
3589.24	1319.6
3589.64	1325.1
3590.04	1279.6
3590.44	1315.6
3590.84	1316.6
3591.24	1375.6
3591.64	1376.6
3592.04	1413.6
3592.44	1356.6
3592.84	1371.6
3593.24	1377.6
3593.63	1365.1
3594.03	1378.6
3594.43	1350.6
3594.83	1345.6
3595.23	1372.6
3595.63	1357.1
3596.03	1402.6
3596.43	1360.6
3596.82	1383.1
3597.22	1385.1
3597.62	1385.6
3598.02	1318.88
3598.42	1369.6
3598.82	1339.1
3599.21	1346.1
3599.61	1308.6
3600.01	1366.6
3600.41	1313.6
3600.81	1333.1
3601.21	1315.6
3601.6	1351.6
3602	1327.6
3602.4	1336.6
3602.8	1379.6
3603.2	1338.1
3603.6	1317.1
3603.99	1250.6
3604.39	1333.1
3604.79	1317.1
3605.19	1345.1
3605.58	1334.6
3605.98	1321.1
3606.38	1323.6
3606.78	1310.1
3607.18	1330.6
3607.57	1307.6
3607.97	1297.6
3608.37	1277.6
3608.77	1272.6
3609.16	1280.6
3609.56	1261.6
3609.96	1297.1
3610.36	1276.6
3610.75	1252.1
3611.15	1268.1
3611.55	1304.1
3611.95	1293.6
3612.34	1261.6
3612.74	1226.6
3613.14	1234.6
3613.53	1248.6
3613.93	1261.6
3614.33	1219.6
3614.72	1219.1
3615.12	1208.6
3615.52	1261.1
3615.92	1229.1
3616.31	1282.6
3616.71	1237.1
3617.11	1223.6
3617.5	1210.6
3617.9	1191.6
3618.3	1179.6
3618.69	1181.6
3619.09	1205.1
3619.49	1222.1
3619.88	1241.6
3620.28	1212.6
3620.68	1178.1
3621.07	1197.6
3621.47	1175.6
3621.86	1145.6
3622.26	1179.1
3622.66	1158.6
3623.05	1131.6
3623.45	1119.6
3623.84	1104.1
3624.24	1137.6
3624.64	1146.6
3625.03	1155.6
3625.43	1126.1
3625.83	1091.1
3626.22	1093.1
3626.62	1130.6
3627.01	1091.6
3627.41	1081.1
3627.81	1086.6
3628.2	1092.6
3628.6	1088.64
3628.99	1062.22
3629.39	1061.32
3629.78	1067.29
3630.18	1077.45
3630.57	1093.76
3630.97	1078.66
3631.37	1032.96
3631.76	1050.86
3632.16	1034.87
3632.55	1039.16
3632.95	1035.87
3633.34	994.75
3633.74	1010.95
3634.13	1013.58
3634.53	1013.86
3634.92	982.953
3635.32	991.688
3635.71	1018.4
3636.11	986.612
3636.5	970.167
3636.9	960.224
3637.29	953.212
3637.69	933.544
3638.08	937.456
3638.48	954.81
3638.87	976.508
3639.27	977.966
3639.66	894.407
3640.06	936.859
3640.45	902.119
3640.85	924.535
3641.24	903.637
3641.63	895.507
3642.03	906.403
3642.42	869.568
3642.82	873.716
3643.21	868.772
3643.61	856.723
3644	869.057
3644.4	878.332
3644.79	852.549
3645.18	870.985
3645.58	853.682
3645.97	832.642
3646.37	799.216
3646.76	813.537
3647.15	773.721
3647.55	817.482
3647.94	800.443
3648.34	831.376
3648.73	836.987
3649.12	798.67
3649.52	778.8
3649.91	781.73
3650.3	769.511
3650.7	789.012
3651.09	760.94
3651.49	751.465
3651.88	756.1
3652.27	755.861
3652.67	760.728
3653.06	750.535
3653.45	740.389
3653.85	740.499
3654.24	738.096
3654.63	730.737
3655.03	735.913
3655.42	719.417
3655.81	715.628
3656.21	712.533
3656.6	693.167
3656.99	710.066
3657.39	710.077
3657.78	710.45
3658.17	678.891
3658.56	676.305
3658.96	706.049
3659.35	683.554
3659.74	665.837
3660.14	655.106
3660.53	633.12
3660.92	645.99
3661.31	634.462
3661.71	623.704
3662.1	627.723
3662.49	631.701
3662.89	641.714
3663.28	616.33
3663.67	601.281
3664.06	635.706
3664.46	617.98
3664.85	597.914
3665.24	598.19
3665.63	575.962
3666.02	577.535
3666.42	583.758
3666.81	584.798
3667.2	587.939
3667.59	594.407
3667.99	580.89
3668.38	589.092
3668.77	566.935
3669.16	557.525
3669.55	549.123
3669.95	548.917
3670.34	527.602
3670.73	531.173
3671.12	537.89
3671.51	520.099
3671.9	514.46
3672.3	513.512
3672.69	524.875
3673.08	513.473
3673.47	514.098
3673.86	525.881
3674.25	508.544
3674.65	501.225
3675.04	490.755
3675.43	511.137
3675.82	503.765
3676.21	484.974
3676.6	498.346
3676.99	477.161
3677.38	490.576
3677.78	491.687
3678.17	472.836
3678.56	480.727
3678.95	460.993
3679.34	469.501
3679.73	451.236
3680.12	460.681
3680.51	442.46
3680.9	454.546
3681.29	453.177
3681.69	454.246
3682.08	427.666
3682.47	438.468
3682.86	441.278
3683.25	431.667
3683.64	430.392
3684.03	431.798
3684.42	426.321
3684.81	423.561
3685.2	412.551
3685.59	407.007
3685.98	393.139
3686.37	400.922
3686.76	408.225
3687.15	413.564
3687.54	403.373
3687.93	405.443
3688.32	396.224
3688.71	386.292
3689.1	394.176
3689.49	400.666
3689.89	381.515
3690.27	384.141
3690.66	371.797
3691.05	391.69
3691.44	380.375
3691.83	376.11
3692.22	389.541
3692.61	363.292
3693	374.294
3693.39	368.372
3693.78	379.043
3694.17	351.382
3694.56	344.683
3694.95	371.072
3695.34	373.766
3695.73	360.353
3696.12	347.48
3696.51	363.315
3696.9	352.194
3697.29	370.648
3697.68	357.32
3698.07	345.234
3698.46	347.083
3698.85	342.422
3699.24	333.927
3699.62	354.461
3700.01	336.117
3700.4	347.777
3700.79	336.972
3701.18	340.245
3701.57	337.235
3701.96	348.802
3702.35	331.566
3702.74	341.29
3703.12	321.681
3703.51	326.587
3703.9	330.457
3704.29	328.574
3704.68	320.459
3705.07	319.223
3705.46	321.843
3705.85	321.702
3706.23	312.536
3706.62	324.921
3707.01	311.879
3707.4	317.58
3707.79	302.061
3708.18	301.268
3708.57	313.619
3708.95	319.242
3709.34	298.951
3709.73	307.788
3710.12	308.743
3710.51	304.412
3710.89	313.337
3711.28	302.322
3711.67	294.794
3712.06	301.326
3712.45	297.269
3712.83	291.27
3713.22	293.134
3713.61	293.623
3714	298.817
3714.39	291.278
3714.77	292.81
3715.16	302.726
3715.55	297.027
3715.94	277.31
3716.32	292.042
3716.71	273.849
3717.1	291.134
3717.49	267.262
3717.88	276.611
3718.26	285.419
3718.65	282.121
3719.04	292.643
3719.42	289.012
3719.81	282.819
3720.2	284.992
3720.59	283.866
3720.97	290.223
3721.36	295.17
3721.75	278.217
3722.14	283.176
3722.52	286.046
3722.91	280.081
3723.3	281.696
3723.68	283.215
3724.07	250.791
3724.46	282.227
3724.84	275.832
3725.23	272.557
3725.62	270.903
3726	267.407
3726.39	280.368
3726.78	279.101
3727.16	261.357
3727.55	268.498
3727.94	263.181
3728.32	247.979
3728.71	266.047
3729.1	251.456
3729.48	264.192
3729.87	266.24
3730.25	265.124
3730.64	266.439
3731.03	257.099
3731.41	259.287
3731.8	263.725
3732.19	273.339
3732.57	257.335
3732.96	251.168
3733.34	251.567
3733.73	274.37
3734.12	255.979
3734.5	261.725
3734.89	255.922
3735.27	261.944
3735.66	255.754
3736.05	272.115
3736.43	257.044
3736.82	261.211
3737.2	254.46
3737.59	248.264
3737.97	249.361
3738.36	269.283
3738.75	267.417
3739.13	255.415
3739.51	261.654
3739.9	255.87
3740.29	255.894
3740.67	259.823
3741.06	258.933
3741.44	264.66
3741.83	258.102
3742.21	264.86
3742.6	255.409
3742.98	255.341
3743.37	269.247
3743.75	265.162
3744.14	254.269
3744.52	256.598
3744.91	257.964
3745.29	258.494
3745.68	259.027
3745.73	261.527
3746.12	263.527
3746.52	265.527
3746.91	250.527
3747.3	245.527
3747.69	241.027
3748.08	255.527
3748.47	239.527
3748.86	237.527
3749.26	254.027
3749.65	249.027
3750.04	249.527
3750.43	248.027
3750.82	241.527
3751.21	245.527
3751.6	237.527
3751.99	239.527
3752.39	253.527
3752.78	244.027
3753.17	247.527
3753.56	259.527
3753.95	253.527
3754.34	244.527
3754.73	244.527
3755.12	236.027
3755.51	241.527
3755.9	242.027
3756.29	229.527
3756.68	238.027
3757.07	232.527
3757.47	254.027
3757.86	238.527
3758.25	241.527
3758.64	248.027
3759.03	248.027
3759.42	241.027
3759.81	263.527
3760.2	243.527
3760.59	257.527
3760.98	249.527
3761.37	236.527
3761.76	237.027
3762.15	255.027
3762.54	247.527
3762.93	249.027
3763.32	241.527
3763.71	259.527
3764.1	249.527
3764.49	247.527
3764.88	256.527
3765.27	240.527
3765.66	246.027
3766.05	248.027
3766.44	258.027
3766.83	241.027
3767.22	262.027
3767.61	249.027
3768	230.527
3768.39	245.027
3768.77	248.527
3769.16	256.027
3769.55	244.027
3769.94	227.527
3770.33	252.527
3770.72	235.527
3771.11	269.027
3771.5	242.527
3771.89	248.527
3772.28	250.527
3772.67	254.527
3773.06	233.527
3773.45	245.027
3773.84	231.027
3774.23	230.527
3774.61	217.527
3775	263.527
3775.39	243.027
3775.78	242.027
3776.17	262.527
3776.56	247.527
3776.95	237.527
3777.34	243.027
3777.72	240.027
3778.11	233.027
3778.5	224.527
3778.89	254.527
3779.28	242.027
3779.67	251.027
3780.06	241.527
3780.44	250.527
3780.83	236.527
3781.22	239.027
3781.61	245.027
3782	226.527
3782.39	255.527
3782.77	248.527
3783.16	237.027
3783.55	257.527
3783.94	246.527
3784.33	253.527
3784.72	251.527
3785.1	237.527
3785.49	253.027
3785.88	254.027
3786.27	240.527
3786.66	252.527
3787.04	243.027
3787.43	246.527
3787.82	246.527
3788.21	237.027
3788.59	240.527
3788.98	243.027
3789.37	241.527
3789.76	265.027
3790.14	220.527
3790.53	245.527
3790.92	244.027
3791.31	256.527
3791.7	246.527
3792.08	237.527
3792.47	230.527
3792.86	241.527
3793.24	227.027
3793.63	236.527
3794.02	225.527
3794.41	237.027
3794.79	232.527
3795.18	225.527
3795.57	239.527
3795.95	239.027
3796.34	245.527
3796.73	253.527
3797.12	240.527
3797.5	230.527
3797.89	252.527
3798.28	250.027
3798.66	241.527
3799.05	235.027
3799.44	229.527
3799.82	251.527
3800.21	241.527
3800.6	250.527
3800.98	255.527
3801.37	250.527
3801.76	243.527
3802.14	253.527
3802.53	224.527
3802.91	232.527
3803.3	250.527
3803.69	249.027
3804.08	234.527
3804.46	237.027
3804.85	221.527
3805.23	234.527
3805.62	248.527
3806.01	249.027
3806.39	241.027
3806.78	260.027
3807.16	235.527
3807.55	234.527
3807.94	235.527
3808.32	244.027
3808.71	235.027
3809.09	238.027
3809.48	256.527
3809.87	247.027
3810.25	246.527
3810.64	241.027
3811.02	254.527
3811.41	230.527
3811.79	232.027
3812.18	244.527
3812.56	235.027
3812.95	245.527
3813.34	248.527
3813.72	244.527
3814.11	247.527
3814.49	241.027
3814.88	243.527
3815.26	239.527
3815.65	244.027
3816.03	246.527
3816.42	246.027
3816.8	247.527
3817.19	247.527
3817.57	248.527
3817.96	231.527
3818.34	264.527
3818.73	241.027
3819.11	230.527
3819.5	243.527
3819.88	256.527
3820.27	249.527
3820.65	249.527
3821.04	236.027
3821.42	251.027
3821.81	228.527
3822.19	237.527
3822.58	255.027
3822.96	240.527
3823.35	247.527
3823.73	259.027
3824.12	249.527
3824.5	237.027
3824.89	243.027
3825.27	243.527
3825.65	256.027
3826.04	223.527
3826.42	229.527
3826.81	248.027
3827.19	256.527
3827.57	219.527
3827.96	248.027
3828.34	245.027
3828.73	250.527
3829.11	252.027
3829.49	245.527
3829.88	249.527
3830.26	237.527
3830.65	249.527
3831.03	235.527
3831.41	241.027
3831.8	247.027
3832.18	244.027
3832.57	246.527
3832.95	245.027
3833.33	233.027
3833.72	251.527
3834.1	237.027
3834.48	235.527
3834.87	239.027
3835.25	238.527
3835.63	214.527
3836.02	254.527
3836.4	245.527
3836.78	244.027
3837.17	241.027
3837.55	237.527
3837.93	238.527
3838.32	244.027
3838.7	240.027
3839.08	248.527
3839.47	256.527
3839.85	247.027
3840.23	232.027
3840.62	262.527
3841	242.027
3841.38	244.027
3841.77	245.027
3842.15	231.027
3842.53	228.527
3842.91	251.527
3843.3	242.027
3843.68	256.027
3844.06	235.527
3844.44	226.027
3844.83	256.027
3845.21	239.027
3845.59	245.027
3845.97	240.527
3846.36	232.527
3846.74	249.527
3847.12	241.527
3847.5	227.527
3847.89	253.527
3848.27	254.527
3848.65	252.027
3849.03	266.527
3849.42	212.527
3849.8	250.027
3850.18	259.027
3850.56	227.527
3850.95	245.527
3851.33	244.527
3851.71	247.027
3852.09	250.527
3852.47	253.027
3852.85	241.527
3853.24	245.527
3853.62	243.027
3854	239.527
3854.38	244.027
3854.76	257.527
3855.15	239.027
3855.53	239.527
3855.91	235.527
3856.29	242.527
3856.67	243.527
3857.05	245.027
3857.43	255.027
3857.82	252.027
3858.2	248.527
3858.58	247.527
3858.96	252.527
3859.34	255.527
3859.72	230.527
3860.1	245.527
3860.49	241.527
3860.87	255.027
3861.25	253.027
3861.63	250.527
3862.01	257.027
3862.39	265.027
3862.77	262.027
3863.15	244.527
3863.53	248.527
3863.91	233.527
3864.3	245.027
3864.68	241.527
3865.06	240.527
3865.44	241.027
3865.82	247.027
3866.2	243.527
3866.58	244.527
3866.96	250.027
3867.34	243.027
3867.72	251.027
3868.1	257.027
3868.48	249.527
3868.86	241.527
3869.24	250.527
3869.62	248.527
3870	251.027
3870.38	243.027
3870.76	243.527
3871.14	241.527
3871.52	251.027
3871.91	232.527
3872.29	261.027
3872.67	238.027
3873.05	243.027
3873.43	236.527
3873.8	235.527
3874.18	252.027
3874.56	237.027
3874.94	248.527
3875.32	239.027
3875.7	259.527
3876.08	243.027
3876.46	240.527
3876.84	227.527
3877.22	262.027
3877.6	248.527
3877.98	225.527
3878.36	239.527
3878.74	242.527
3879.12	246.527
3879.5	251.027
3879.88	268.527
3880.26	258.027
3880.64	251.527
3881.02	247.527
3881.4	248.027
3881.78	252.027
3882.16	242.527
3882.53	264.527
3882.91	247.527
3883.29	249.027
3883.67	244.527
3884.05	263.527
3884.43	249.527
3884.81	257.027
3885.19	245.527
3885.57	242.027
3885.95	237.527
3886.33	256.027
3886.7	251.527
3887.08	255.027
3887.46	243.527
3887.84	253.027
3888.22	249.527
3888.6	231.527
3888.98	247.527
3889.35	246.527
3889.73	243.527
3890.11	239.527
3890.49	253.027
3890.87	235.527
3891.25	288.527
3891.63	253.527
3892	255.527
3892.38	259.527
3892.76	245.527
3893.14	251.527
3893.52	262.527
3893.89	241.527
3894.27	259.527
3894.65	239.527
3895.03	246.027
3895.41	252.527
3895.79	236.527
3896.16	245.527
3896.54	256.027
3896.92	249.527
3897.3	256.027
3897.67	248.027
3898.05	237.027
3898.43	254.527
3898.81	242.527
3899.18	257.027
3899.56	252.527
3899.94	256.527
