19.9309	759.783
20.6073	843.783
21.2836	833.283
21.9622	895.783
22.6385	930.283
23.3147	925.783
23.9908	985.283
24.6669	968.783
25.343	1005.78
26.019	1035.28
26.695	1041.28
27.3709	1050.28
28.0467	1053.28
28.7226	1079.78
29.3983	1089.28
30.0741	1079.28
30.7498	1081.28
31.4254	1086.28
32.101	1086.28
32.7765	1154.28
33.452	1219.28
34.1275	1212.78
34.8029	1283.28
35.4782	1321.78
36.1535	1353.78
36.8265	1389.28
37.5017	1347.78
38.1769	1404.28
38.852	1405.78
39.527	1429.28
40.2021	1436.78
40.877	1452.28
41.552	1514.28
42.2246	1575.78
42.8994	1638.28
43.5742	1634.28
44.2489	1713.28
44.9236	1697.78
45.5983	1736.78
46.2706	1696.78
46.9451	1705.78
47.6196	1782.28
48.2941	1770.78
48.9662	1859.28
49.6406	1861.78
50.3149	1886.28
50.9892	1933.78
51.6611	1868.78
52.3353	1946.28
53.0094	1957.78
53.6812	1941.28
54.3553	1991.28
55.0293	1976.28
55.7009	1976.78
56.3748	1998.78
57.0487	2049.78
57.7202	2108.78
58.3939	2138.78
59.0676	2169.78
59.739	2157.78
60.4126	2174.78
61.0839	2201.28
61.7574	2229.78
62.4309	2153.78
63.1021	2237.78
63.7754	2248.78
64.4465	2205.28
65.1198	2210.78
65.7907	2197.78
66.4639	2192.78
67.1348	2199.78
67.8079	2314.78
68.4787	2214.78
69.1517	2335.78
69.8223	2245.78
70.4953	2296.78
71.1658	2300.78
71.8387	2350.78
72.5092	2332.78
73.1819	2312.78
73.8523	2371.78
74.5249	2340.78
75.1952	2424.28
75.8655	2276.74
76.538	2282.94
77.2081	2388.78
77.8805	2375.28
78.5506	2295.28
79.2206	2318.28
79.8929	2298.78
80.5628	2290.28
81.2327	2404.78
81.9048	2424.78
82.5746	2397.28
83.2444	2395.78
83.9164	2419.78
84.586	2370.78
85.2556	2377.78
85.9252	2344.78
86.597	2348.28
87.2664	2369.78
87.9359	2400.78
88.6052	2352.28
89.2768	2392.28
89.9461	2409.78
90.6154	2404.78
91.2846	2433.78
91.9537	2423.78
92.6251	2362.34
93.2941	2427.78
93.9631	2392.78
94.6321	2388.78
95.301	2448.78
95.9699	2388.28
96.641	2421.78
97.3097	2345.28
97.9785	2402.78
98.6471	2328.78
99.3158	2364.28
99.9844	2327.78
100.653	2367.78
101.321	2389.78
101.99	2350.28
102.658	2330.78
103.327	2359.78
103.995	2347.78
104.663	2401.28
105.331	2395.78
106.002	2417.28
106.67	2364.78
107.338	2404.28
108.004	2409.78
108.672	2343.78
109.34	2297.78
110.008	2366.78
110.675	2336.28
111.343	2319.78
112.011	2306.78
112.679	2402.28
113.346	2377.28
114.014	2433.78
114.682	2418.78
115.349	2420.78
116.017	2375.78
116.682	2357.78
117.349	2239.78
118.016	2314.78
118.684	2297.28
119.351	2222.78
120.018	2303.78
120.685	2246.78
121.35	2286.28
122.017	2228.78
122.684	2286.78
123.351	2319.83
124.016	2307.78
124.683	2317.78
125.35	2322.28
126.016	2313.11
126.681	2367.78
127.348	2311.28
128.014	2242.78
128.681	2326.78
129.345	2321.78
130.012	2314.28
130.678	2335.28
131.342	2283.78
132.009	2260.78
132.675	2338.28
133.339	2330.28
134.005	2350.28
134.671	2346.78
135.335	2280.28
136.001	2273.28
136.665	2342.28
137.331	2319.28
137.997	2308.78
138.661	2317.28
139.327	2306.78
139.99	2278.78
140.656	2335.78
141.319	2261.78
141.985	2325.78
142.651	2242.28
143.314	2273.78
143.98	2253.78
144.643	2265.28
145.308	2271.78
145.971	2288.78
146.634	2205.28
147.3	2199.78
147.963	2288.28
148.628	2241.78
149.291	2173.78
149.956	2255.78
150.619	2298.78
151.284	2233.28
151.947	2222.28
152.609	2232.78
153.274	2250.78
153.937	2218.28
154.599	2256.28
155.264	2264.78
155.927	2207.78
156.589	2267.28
157.254	2190.78
157.916	2213.78
158.578	2224.28
159.243	2244.78
159.905	2221.78
160.567	2231.78
161.231	2220.78
161.893	2178.78
162.555	2209.28
163.217	2140.78
163.882	2178.28
164.543	2152.28
165.205	2195.29
165.867	2228.78
166.531	2136.78
167.193	2188.68
167.854	2117.78
168.516	2117.28
169.178	2212.78
169.839	2171.78
170.503	2149.78
171.164	2165.28
171.826	2180.78
172.487	2149.78
173.148	2182.28
173.809	2207.78
174.47	2227.78
175.132	2128.78
175.793	2151.78
176.454	2208.28
177.117	2141.78
177.778	2216.28
178.439	2186.28
179.1	2170.78
179.761	2118.78
180.421	2145.28
181.082	2214.78
181.743	2103.78
182.403	2111.78
183.064	2113.78
183.725	2153.28
184.385	2197.28
185.045	2148.78
185.706	2136.78
186.364	2128.28
187.024	2107.28
187.685	2149.78
188.345	2110.78
189.005	2080.78
189.665	2116.28
190.325	2141.78
190.985	2112.28
191.645	2117.78
192.305	2158.28
192.963	2160.28
193.623	2160.78
194.283	2124.78
194.942	2127.78
195.602	2143.78
196.26	2113.78
196.919	2127.28
197.579	2169.28
198.238	2100.78
198.898	2152.78
199.555	2195.78
200.214	2121.28
200.874	2152.28
201.533	2083.78
202.19	2138.28
202.849	2169.78
203.509	2149.28
204.165	2128.78
204.825	2106.78
205.484	2133.28
206.14	2113.28
206.799	2118.78
207.458	2110.78
208.115	2136.28
208.774	2085.28
209.432	2125.78
210.089	2185.28
210.748	2130.28
211.404	2093.78
212.063	2109.78
212.721	2102.78
213.377	2117.28
214.036	2110.78
214.692	2091.78
215.35	2127.78
216.007	2163.78
216.665	2109.78
217.321	2138.78
217.979	2041.78
218.635	2135.78
219.293	2109.78
219.949	2071.78
220.607	2116.78
221.263	2056.78
221.921	2131.78
222.576	2084.78
223.234	2091.28
223.889	2097.78
224.545	2102.28
225.203	2101.07
225.858	2093.78
226.516	2089.78
227.171	2121.28
227.826	2043.28
228.484	2047.78
229.139	2098.84
229.794	2097.84
230.451	2097.28
231.106	2081.78
231.761	2076.78
232.419	2070.78
233.074	2091.28
233.728	2044.28
234.386	2093.99
235.04	2085.28
235.695	2086.28
236.35	2117.78
237.007	2130.78
237.661	2114.78
238.316	2095.97
238.97	2089.78
239.625	2115.78
240.281	2095.78
240.936	2091.78
241.59	2122.28
242.244	2104.78
242.899	2079.78
243.553	2113.78
244.209	2092.28
244.863	2111.78
245.517	2135.28
246.171	2103.28
246.825	2061.78
247.479	2077.78
248.133	2058.28
248.787	2091.78
249.441	2117.78
250.095	2091.78
250.748	2073.28
251.404	2127.78
252.058	2130.78
252.711	2074.78
253.365	2106.28
254.019	2134.78
254.672	2072.78
255.325	2051.78
255.979	2089.05
256.632	2039.78
257.283	2096.78
257.936	2079.78
258.589	2090.28
259.243	2117.28
259.896	2049.28
260.549	2057.78
261.202	2092.29
261.855	2135.78
262.508	2100.78
263.16	2131.78
263.813	2069.78
264.464	2104.78
265.116	2046.78
265.769	2089.28
266.422	2067.78
267.074	2084.78
267.727	2093.28
268.377	2085.78
269.03	2049.78
269.682	2126.28
270.334	2075.78
270.987	2035.78
271.637	2121.78
272.289	2059.28
272.941	2098.78
273.591	2031.78
274.243	2062.28
274.895	2101.78
275.547	2111.28
276.197	2112.78
276.849	2059.78
277.501	2084.78
278.151	2063.78
278.802	2098.78
279.454	2098.78
280.104	2145.78
280.755	2067.28
281.407	2101.78
282.056	2129.78
282.708	2127.78
283.357	2093.28
284.008	2089.78
284.66	2039.78
285.309	2117.28
285.96	2092.78
286.609	2136.78
287.26	2075.78
287.909	2124.78
288.561	2105.78
289.209	2080.28
289.86	2125.78
290.509	2040.78
291.16	2134.28
291.809	2140.78
292.46	2054.28
293.108	2081.28
293.759	2077.78
294.408	2084.78
295.056	2095.41
295.707	2121.78
296.355	2076.78
297.006	2067.28
297.654	2090.6
298.302	2091.74
298.953	2090.75
299.601	2092.1
300.251	2081.28
300.899	2104.28
301.547	2089.78
302.197	2095.78
302.845	2065.28
303.493	2122.28
304.141	2116.78
304.791	2145.28
305.439	2110.28
306.086	2112.78
306.736	2116.28
307.384	2098.78
308.032	2098.78
308.679	2084.78
309.329	2107.28
309.976	2104.78
310.624	2104.78
311.271	2107.28
311.918	2047.78
312.566	2091.78
313.215	2093.78
313.862	2088.78
314.509	2097.78
315.156	2098.64
315.803	2066.78
316.451	2096.15
317.097	2144.78
317.747	2080.78
318.393	2114.28
319.04	2111.28
319.687	2071.78
320.334	2123.78
320.981	2060.78
321.627	2125.78
322.274	2129.78
322.92	2109.78
323.567	2129.28
324.213	2076.78
324.86	2113.78
325.506	2085.78
326.153	2096.94
326.799	2095.78
327.445	2102.78
328.091	2137.78
328.738	2047.78
329.384	2137.78
330.03	2077.78
330.676	2068.78
331.322	2086.28
331.968	2110.28
332.611	2131.78
333.257	2041.78
333.903	2098.28
334.549	2087.78
335.195	2096.85
335.84	2051.28
336.486	2132.28
337.129	2142.28
337.775	2123.78
338.421	2111.78
339.066	2138.78
339.711	2092.78
340.355	2088.78
341	2093.78
341.645	2069.78
342.29	2081.78
342.933	2116.28
343.579	2115.28
344.224	2052.78
344.869	2083.28
345.512	2076.78
346.157	2064.78
346.802	2115.78
347.444	2133.78
348.089	2066.78
348.734	2120.78
349.377	2125.78
350.021	2084.78
350.666	2059.28
351.308	2041.28
351.953	2090.78
352.595	2110.78
353.24	2076.78
353.884	2111.28
354.527	2032.78
355.171	2073.78
355.813	2134.78
356.457	2123.28
357.099	2086.28
357.744	2099.28
358.386	2083.78
359.03	2085.28
359.672	2095.28
360.316	2089.28
360.957	2061.78
361.601	2089.24
362.243	2123.78
362.887	2096.28
363.529	2121.28
364.172	2093.78
364.814	2034.28
365.455	2104.28
366.099	2013.78
366.74	2064.78
367.384	2067.28
368.025	2020.78
368.666	2061.28
369.31	2096.78
369.951	2093.78
370.592	2042.78
371.235	2097.78
371.877	2077.28
372.518	2083.78
373.161	2081.56
373.802	2080.45
374.442	2082.28
375.086	2081.28
375.726	2143.78
376.367	2120.28
377.008	2045.78
377.651	2117.78
378.291	2095.28
378.932	2117.78
379.572	2063.28
380.213	2085.28
380.855	2071.28
381.496	2109.28
382.136	2026.78
382.777	2081.78
383.417	2075.78
384.057	2088.78
384.699	2115.28
385.34	2141.78
385.98	2093.78
386.62	2059.28
387.26	2043.78
387.9	2060.28
388.54	2073.78
389.179	2085.78
389.819	2046.78
390.459	2062.78
391.099	2097.78
391.739	2043.78
392.378	2073.63
393.018	2033.28
393.657	2099.78
394.297	2055.78
394.936	2129.78
395.576	2017.78
396.215	2100.28
396.855	2082.28
397.494	2091.78
398.133	2102.28
398.772	2062.78
399.412	2078.66
400.051	2095.78
400.69	2083.78
401.329	2073.78
401.968	2038.28
402.605	2051.78
403.244	2053.78
403.883	2111.78
404.521	2090.28
405.16	2027.78
405.799	2062.78
406.436	2029.78
407.074	2075.78
407.713	2058.28
408.351	2082.11
408.99	2093.28
409.626	2067.28
410.265	2034.28
410.903	2071.78
411.542	2084.78
412.178	2029.78
412.816	2142.28
413.454	2015.78
414.09	2029.78
414.728	2117.78
415.367	2103.78
416.005	2064.78
416.64	2041.78
417.278	2067.78
417.914	2070.78
418.552	2091.78
419.19	2154.28
419.826	2122.28
420.463	2047.28
421.101	2080.28
421.737	2098.28
422.374	2095.78
423.01	2100.28
423.647	2107.28
424.282	2085.28
424.92	2098.78
425.555	2122.28
426.193	2066.28
426.828	2073.78
427.465	2079.78
428.1	2075.78
428.737	2063.78
429.372	2077.78
430.009	2117.78
430.644	2166.78
431.281	2106.78
431.916	2144.78
432.553	2131.78
433.188	2102.78
433.823	2127.78
434.459	2106.78
435.094	2175.28
435.731	2171.28
436.365	2211.28
437	2165.28
437.636	2199.78
438.271	2116.78
438.905	2142.28
439.542	2182.78
440.176	2100.78
440.81	2150.78
441.446	2179.28
442.081	2122.78
442.715	2211.78
443.349	2201.28
443.985	2136.78
444.619	2182.28
445.253	2224.78
445.887	2235.28
446.52	2168.28
447.156	2202.78
447.79	2191.78
448.424	2253.28
449.058	2221.28
449.691	2261.28
450.327	2159.78
450.961	2265.78
451.594	2254.28
452.227	2204.78
452.861	2173.78
453.494	2219.78
454.128	2226.78
454.761	2208.78
455.394	2274.78
456.029	2275.78
456.663	2264.78
457.296	2227.28
457.929	2231.78
458.562	2289.28
459.195	2279.78
459.828	2264.78
460.461	2306.28
461.094	2243.78
461.726	2222.28
462.359	2268.28
462.992	2203.28
463.625	2308.28
464.257	2301.78
464.89	2262.28
465.52	2341.78
466.153	2275.28
466.785	2327.78
467.418	2305.28
468.05	2293.28
468.682	2343.78
469.315	2220.78
469.947	2346.28
470.579	2284.78
471.209	2313.78
471.841	2251.28
472.473	2342.78
473.105	2346.78
473.737	2335.78
474.367	2369.78
474.999	2285.78
475.631	2289.78
476.263	2345.78
476.892	2359.78
477.524	2371.28
478.156	2329.78
478.788	2393.28
479.417	2313.78
480.049	2359.78
480.68	2353.78
481.31	2362.78
481.941	2364.28
482.572	2439.28
483.202	2416.28
483.833	2365.93
484.464	2349.78
485.093	2369.78
485.725	2403.28
486.356	2373.82
486.985	2379.82
487.616	2421.37
488.245	2426.79
488.876	2412.27
489.507	2416.76
490.135	2480.94
490.766	2339.7
491.395	2391.34
492.026	2432.87
492.654	2435.7
493.285	2408.99
493.913	2427.37
494.544	2428.3
495.172	2419.9
495.803	2442.16
496.431	2436.05
497.062	2375.9
497.69	2439.1
498.318	2360.23
498.949	2473.25
499.577	2476.25
500.207	2415.04
500.835	2410.51
501.463	2403.43
502.093	2404.95
502.721	2418.89
503.349	2420.06
503.979	2400.82
504.607	2428.73
505.234	2391.44
505.864	2391.09
506.492	2436.85
507.119	2388.99
507.749	2410.26
508.377	2421.2
509.004	2482.07
509.632	2403.37
510.261	2473.04
510.889	2471.58
511.516	2414.83
512.143	2446.13
512.77	2391.95
513.4	2344.38
514.027	2445.64
514.654	2417.74
515.281	2405.41
515.908	2384.1
516.537	2411.3
517.164	2362.75
517.791	2386.17
518.418	2377.03
519.045	2418.01
519.672	2402.66
520.298	2410.06
520.925	2395.34
521.552	2441.13
522.178	2411.75
522.805	2415.87
523.431	2409.53
524.058	2349.18
524.686	2356.65
525.313	2337.26
525.939	2317.14
526.565	2352.97
527.19	2376.78
527.816	2336.42
528.442	2329.37
529.068	2310.82
529.694	2317.68
530.32	2303.31
530.946	2305.03
531.572	2326.4
532.198	2267.67
532.824	2283.78
533.45	2238.47
534.076	2256.51
534.699	2239.92
535.325	2242.35
535.951	2223.17
536.577	2235.73
537.202	2190.85
537.828	2218.53
538.451	2183.14
539.077	2193.17
539.702	2215.66
540.327	2132.47
540.953	2152.67
541.576	2196.67
542.201	2172.8
542.826	2192
543.452	2203.38
544.075	2144.14
544.7	2174.93
545.325	2198.06
545.948	2126.4
546.573	2125.05
547.198	2133.79
547.82	2129.96
548.445	2150.09
549.07	2144.89
549.693	2115.2
550.317	2097.76
550.94	2072.55
551.565	2066.5
552.189	2099.78
552.812	2056.74
553.436	2119.35
554.058	2102.71
554.683	2094.13
555.305	2058.34
555.93	2047.3
556.554	2056.15
557.176	2039.71
557.8	2070.35
558.422	2065.52
559.046	2060.56
559.668	2039.98
560.29	2024.9
560.914	2041.45
561.536	2055.68
562.16	1994.24
562.782	2075.25
563.406	2052.55
564.027	2054.39
564.649	2035.57
565.273	2033.7
565.894	2035.75
566.518	2031.61
567.139	2057.08
567.761	2026.9
568.384	1992.83
569.006	2053.35
569.627	2053.35
570.25	2012.68
570.872	2017.11
571.493	1985.89
572.114	2036.89
572.737	2009.03
573.358	1992.61
573.979	1978.17
574.6	1989.46
575.223	1985.06
575.844	1975.73
576.465	1970.85
577.086	1942.49
577.707	1929.31
578.33	1952.37
578.95	1906.82
579.571	1934.34
580.191	1897.36
580.812	1903.92
581.433	1892.33
582.053	1873.42
582.676	1902.23
583.296	1880.47
583.916	1873.73
584.537	1841.66
585.157	1866.65
585.777	1861.52
586.397	1855.59
587.018	1841.46
587.638	1836.79
588.258	1877.74
588.878	1863.55
589.498	1820.59
590.118	1808.39
590.738	1799.66
591.357	1833.26
591.977	1764.31
592.597	1762.45
593.217	1764.61
593.836	1779.03
594.456	1792.82
595.076	1806.78
595.695	1773.26
596.313	1772.63
596.932	1723.86
597.552	1728.32
598.171	1703.36
598.79	1700.76
599.41	1717.62
600.029	1742.73
600.646	1655.39
601.265	1733.68
601.885	1677.73
602.504	1694.56
603.123	1641.32
603.74	1620.29
604.359	1656.14
604.978	1643.92
605.597	1644.43
606.213	1613.25
606.832	1610.65
607.451	1631.19
608.068	1578.78
608.686	1588.15
609.305	1566.88
609.924	1585.76
610.54	1572.78
611.159	1568.87
611.775	1545.58
612.393	1551.7
613.012	1551.66
613.628	1538.32
614.246	1524.05
614.865	1521.9
615.481	1527.8
616.099	1470.65
616.715	1475.78
617.333	1487.97
617.949	1530.54
618.567	1510.83
619.183	1485.56
619.801	1490.52
620.417	1476.03
621.035	1485.06
621.651	1452.87
622.268	1449.14
622.884	1462.87
623.502	1471.89
624.117	1454.74
624.735	1458.47
625.351	1463.27
625.968	1466.02
626.584	1406.6
627.199	1435.91
627.816	1423.3
628.432	1446.58
629.047	1427.99
629.664	1421.44
630.279	1416.56
630.897	1387.77
631.512	1389
632.127	1413.68
632.742	1426.62
633.359	1387.54
633.974	1456.86
634.589	1440.13
635.206	1387.04
635.82	1423.21
636.435	1402.08
637.05	1409.3
637.667	1397.08
638.281	1413.29
638.896	1427.87
639.51	1355.73
640.125	1419.78
640.741	1379
641.356	1416.71
641.97	1394.67
642.585	1440.74
643.199	1437.18
643.813	1435.42
644.427	1415.12
645.042	1378.5
645.658	1392.42
646.272	1409.12
646.886	1367.52
647.5	1405.53
648.114	1414.1
648.728	1427.73
649.342	1395.27
649.956	1387.41
650.57	1427.24
651.183	1466.94
651.797	1376.85
652.411	1463.91
653.024	1353.18
653.638	1450.48
654.252	1423.74
654.865	1453.59
655.479	1470.88
656.092	1426.66
656.706	1421.52
657.319	1425.96
657.93	1423.01
658.543	1421.39
659.157	1374.4
659.77	1446.53
660.383	1430.85
660.996	1449.17
661.609	1481.03
662.22	1458.57
662.833	1499.26
663.446	1468.65
664.059	1471.53
664.672	1472.93
665.283	1465.24
665.896	1485.09
666.508	1485.34
667.121	1491.12
667.732	1440.42
668.344	1488.56
668.957	1472.89
669.57	1475.97
670.18	1500.26
670.792	1507.13
671.405	1470.84
672.015	1511.28
672.628	1523.05
673.24	1429.01
673.85	1460.97
673.99	1463.97
674.608	1505.97
675.229	1514.97
675.848	1490.97
676.469	1498.97
677.087	1508.47
677.708	1495.97
678.326	1517.97
678.945	1479.47
679.565	1458.97
680.183	1526.47
680.804	1447.97
681.422	1558.97
682.04	1468.97
682.661	1449.97
683.279	1505.97
683.897	1450.97
684.517	1475.97
685.135	1443.97
685.753	1447.97
686.373	1447.97
686.991	1494.47
687.609	1467.97
688.229	1499.97
688.846	1493.97
689.464	1547.47
690.082	1502.97
690.702	1486.47
691.319	1475.97
691.937	1560.97
692.554	1503.47
693.172	1534.47
693.791	1565.97
694.409	1541.47
695.026	1507.47
695.643	1555.97
696.261	1512.08
696.878	1513.62
697.497	1517.97
698.114	1558.47
698.731	1525.97
699.349	1507.97
699.966	1537.97
700.583	1529.97
701.199	1500.97
701.816	1462.97
702.433	1539.97
703.05	1534.97
703.667	1531.97
704.286	1567.97
704.902	1533.47
705.519	1501.97
706.136	1479.97
706.752	1527.97
707.369	1537.47
707.985	1522.97
708.602	1535.47
709.216	1536.97
709.832	1516.47
710.449	1546.97
711.065	1518.47
711.681	1520.47
712.297	1490.47
712.914	1556.47
713.53	1474.97
714.146	1564.97
714.762	1556.97
715.378	1568.97
715.992	1534.97
716.608	1566.47
717.224	1550.97
717.839	1552.97
718.455	1516.97
719.071	1521.47
719.685	1509.97
720.3	1537.97
720.916	1561.47
721.531	1517.97
722.147	1518.97
722.76	1532.97
723.376	1511.47
723.991	1520.97
724.607	1572.97
725.22	1535.97
725.835	1504.97
726.451	1544.97
727.064	1574.97
727.679	1508.97
728.294	1577.47
728.907	1519.97
729.522	1539.47
730.137	1567.97
730.75	1572.47
731.365	1567.47
731.98	1544.97
732.593	1561.97
733.208	1526.97
733.82	1531.47
734.435	1510.97
735.047	1554.47
735.662	1588.97
736.277	1599.97
736.889	1599.97
737.504	1601.97
738.116	1541.97
738.731	1556.47
739.343	1576.97
739.957	1572.47
740.57	1541.97
741.184	1562.97
741.796	1606.97
742.41	1520.97
743.022	1543.97
743.636	1588.97
744.248	1581.97
744.86	1560.33
745.474	1531.97
746.086	1548.97
746.7	1547.97
747.312	1563.89
747.924	1565.4
748.538	1533.47
749.149	1541.97
749.761	1511.47
750.375	1569.58
750.986	1570.46
751.598	1571.92
752.211	1532.47
752.823	1582.97
753.434	1593.97
754.047	1597.47
754.659	1602.97
755.27	1610.97
755.881	1580.97
756.495	1607.47
757.106	1550.47
757.717	1568.97
758.328	1588.47
758.939	1523.97
759.552	1604.47
760.163	1584.97
760.774	1629.47
761.385	1569.97
761.995	1582.97
762.608	1529.97
763.219	1580.47
763.83	1639.97
764.44	1608.97
765.051	1595.97
765.662	1585.47
766.272	1606.97
766.883	1575.47
767.493	1551.97
768.104	1627.97
768.714	1647.97
769.326	1606.47
769.937	1580.97
770.547	1580.97
771.157	1633.97
771.767	1588.97
772.377	1607.47
772.988	1642.97
773.598	1606.97
774.208	1630.97
774.818	1633.97
775.425	1608.97
776.035	1600.47
776.645	1603.47
777.255	1623.97
777.865	1615.97
778.475	1620.97
779.084	1636.97
779.694	1575.97
780.304	1602.47
780.913	1588.97
781.521	1624.97
782.13	1597.97
782.739	1623.97
783.349	1646.47
783.958	1645.97
784.568	1662.97
785.175	1597.97
785.784	1676.47
786.393	1608.97
787.002	1649.97
787.612	1684.97
788.219	1643.47
788.828	1640.97
789.437	1634.47
790.044	1617.97
790.652	1695.47
791.261	1622.97
791.87	1640.97
792.477	1660.47
793.086	1659.47
793.694	1624.97
794.301	1627.97
794.91	1638.47
795.518	1659.97
796.125	1652.47
796.733	1694.97
797.34	1652.47
797.948	1686.97
798.557	1662.97
799.163	1687.47
799.771	1656.47
800.377	1688.47
800.986	1659.47
801.592	1702.97
802.2	1667.97
802.808	1696.47
803.414	1685.47
804.022	1708.97
804.628	1656.97
805.236	1695.97
805.842	1678.97
806.448	1748.47
807.056	1734.97
807.661	1689.97
808.269	1683.47
808.875	1699.97
809.482	1724.97
810.088	1715.47
810.694	1736.97
811.301	1719.47
811.907	1729.97
812.514	1737.47
813.119	1688.47
813.725	1720.47
814.332	1737.47
814.937	1727.97
815.543	1682.97
816.15	1774.47
816.755	1737.97
817.36	1743.47
817.967	1779.97
818.572	1775.97
819.177	1731.97
819.782	1733.97
820.389	1814.97
820.994	1716.97
821.599	1736.97
822.204	1801.47
822.81	1782.47
823.415	1781.47
824.02	1754.47
824.624	1828.97
825.229	1819.47
825.833	1826.97
826.44	1831.97
827.045	1827.47
827.649	1841.97
828.253	1755.47
828.858	1814.97
829.462	1838.47
830.066	1830.97
830.67	1830.47
831.277	1806.47
831.881	1821.97
832.485	1855.97
833.089	1863.97
833.693	1897.97
834.297	1804.47
834.901	1875.47
835.505	1830.97
836.109	1809.97
836.713	1827.97
837.316	1899.97
837.92	1887.97
838.524	1876.97
839.128	1916.97
839.731	1862.97
840.335	1889.97
840.936	1913.47
841.54	1909.47
842.143	1888.97
842.747	1833.97
843.35	1877.97
843.953	1839.97
844.557	1890.97
845.16	1845.97
845.763	1870.97
846.364	1852.47
846.967	1911.97
847.571	1869.47
848.174	1843.97
848.777	1838.47
849.378	1912.97
849.981	1914.97
850.583	1879.97
851.186	1827.97
851.787	1853.97
852.39	1851.47
852.993	1875.47
853.595	1881.47
854.196	1764.47
854.799	1878.47
855.401	1917.97
856.002	1898.47
856.604	1842.47
857.207	1849.47
857.807	1898.97
858.41	1913.47
859.012	1858.97
859.612	1870.97
860.214	1832.47
860.817	1849.97
861.417	1817.97
862.019	1880.97
862.619	1915.47
863.221	1883.97
863.821	1878.97
864.423	1830.97
865.025	1857.97
865.625	1863.97
866.227	1875.97
866.827	1832.47
867.429	1892.97
868.028	1803.97
868.63	1905.97
869.23	1838.97
869.831	1864.97
870.431	1863.97
871.03	1801.97
871.632	1852.47
872.231	1816.97
872.833	1874.97
873.432	1879.47
874.034	1802.97
874.633	1871.97
875.232	1850.47
875.833	1818.97
876.432	1831.97
877.032	1858.97
877.633	1864.47
878.232	1773.97
878.831	1819.97
879.432	1835.47
880.031	1858.97
880.63	1805.97
881.231	1867.97
881.829	1783.97
882.428	1862.47
883.027	1860.97
883.628	1836.97
884.226	1800.97
884.825	1794.97
885.423	1799.47
886.022	1836.97
886.623	1802.97
887.221	1787.47
887.819	1798.47
888.418	1787.97
889.016	1777.97
889.614	1824.47
890.215	1774.97
890.813	1786.47
891.411	1822.97
892.009	1791.97
892.607	1836.97
893.206	1795.97
893.804	1754.47
894.401	1771.47
894.999	1791.97
895.597	1757.47
896.195	1812.97
896.793	1767.97
897.391	1788.97
897.989	1730.97
898.586	1788.97
899.184	1767.47
899.782	1765.97
900.379	1808.47
900.977	1831.97
901.574	1728.97
902.172	1802.47
902.769	1789.97
903.367	1781.97
903.964	1750.47
904.561	1744.47
905.159	1769.97
905.756	1837.97
906.351	1773.97
906.948	1779.97
907.545	1760.97
908.143	1754.47
908.74	1828.97
909.337	1760.97
909.934	1794.47
910.528	1757.47
911.125	1755.97
911.722	1801.97
912.319	1767.97
912.914	1735.97
913.51	1752.97
914.107	1752.97
914.704	1757.97
915.298	1735.97
915.895	1784.47
916.492	1725.47
917.088	1769.97
917.683	1773.97
918.279	1785.97
918.875	1732.97
919.47	1782.97
920.066	1730.97
920.66	1757.97
921.256	1757.47
921.853	1739.47
922.447	1751.47
923.043	1768.97
923.639	1767.97
924.233	1746.47
924.829	1735.97
925.423	1727.97
926.019	1741.47
926.613	1756.47
927.209	1750.97
927.802	1681.47
928.398	1721.97
928.992	1778.97
929.588	1741.9
930.181	1727.35
930.777	1741.34
931.37	1713.02
931.966	1728.31
932.559	1714.98
933.155	1769.99
933.748	1769.89
934.341	1714.15
934.937	1748.39
935.53	1748.39
936.125	1696.13
936.719	1693.93
937.312	1775.55
937.907	1755.28
938.5	1720.46
939.093	1750.88
939.688	1731.55
940.281	1726.6
940.874	1707.16
941.469	1726.57
942.062	1755.75
942.654	1729.73
943.247	1725.4
943.842	1704.42
944.435	1700.32
945.027	1734.49
945.62	1692.54
946.215	1723.39
946.807	1768.49
947.4	1734.4
947.992	1720.31
948.584	1755.92
949.179	1686.2
949.771	1677.78
950.364	1748.9
950.956	1679.55
951.548	1760.43
952.14	1740.79
952.732	1726.69
953.325	1743.35
953.919	1760.44
954.511	1724.94
955.103	1737.27
955.695	1684.34
956.287	1731.12
956.878	1719.36
957.47	1719.72
958.062	1759.12
958.654	1729.5
959.246	1721.75
959.837	1714.38
960.429	1703.56
961.021	1752.25
961.612	1751.77
962.204	1724.02
962.795	1748.48
963.387	1718.26
963.978	1757.24
964.567	1702.4
965.159	1727.16
965.75	1741.9
966.341	1762.2
966.933	1681.73
967.524	1702.47
968.115	1722.92
968.706	1711.16
969.295	1714.69
969.886	1712.54
970.477	1768.41
971.068	1767.4
971.659	1738.52
972.248	1709.3
972.839	1709.66
973.43	1765.03
974.02	1722.94
974.609	1699.5
975.2	1672.13
975.79	1741.5
976.381	1726.35
976.969	1731.3
977.56	1698.4
978.151	1701.44
978.739	1677.2
979.329	1741.13
979.92	1735.93
980.508	1709.76
981.098	1698.12
981.689	1679.82
982.277	1705.02
982.867	1685.3
983.455	1699
984.045	1702.14
984.635	1714.45
985.223	1684.7
985.813	1708.2
986.401	1723.81
986.991	1691.77
987.579	1698.33
988.169	1673.58
988.757	1672.52
989.347	1693.68
989.934	1670.7
990.524	1687.73
991.112	1692.74
991.701	1690.39
992.289	1645.51
992.878	1653.65
993.466	1677.32
994.053	1705.99
994.643	1660.99
995.23	1672
995.82	1689.45
996.407	1698.57
996.994	1624.13
997.583	1677.78
998.17	1693.12
998.758	1698.16
999.347	1685.27
999.934	1681.04
1000.52	1672.16
1001.11	1659.49
1001.7	1676.48
1002.28	1601.81
1002.87	1675.25
1003.46	1661.3
1004.05	1686.16
1004.63	1654.16
1005.22	1658.37
1005.81	1670.36
1006.4	1648.88
1006.98	1651.09
1007.57	1647.45
1008.15	1630.22
1008.74	1649.85
1009.33	1632.53
1009.92	1667.44
1010.5	1611.18
1011.09	1617.98
1011.68	1599.87
1012.26	1604.08
1012.85	1618.96
1013.43	1607.49
1014.02	1619.32
1014.61	1583.84
1015.19	1580.87
1015.78	1590.54
1016.37	1591.82
1016.95	1589.06
1017.54	1557.34
1018.12	1596.99
1018.71	1554.95
1019.3	1516.18
1019.88	1533.95
1020.47	1532.16
1021.05	1552.41
1021.64	1540.36
1022.22	1558.8
1022.81	1568.66
1023.39	1535.73
1023.98	1550.06
1024.56	1556.38
1025.15	1536.56
1025.74	1535.41
1026.32	1575.88
1026.91	1549.27
1027.49	1573.69
1028.07	1583.76
1028.66	1563.14
1029.24	1497.46
1029.83	1498.37
1030.42	1529.94
1031	1476.76
1031.58	1522.71
1032.17	1537
1032.75	1498.62
1033.34	1498.24
1033.92	1480.31
1034.51	1501.06
1035.09	1500.03
1035.67	1494.63
1036.26	1496.3
1036.84	1473.23
1037.43	1473.53
1038.01	1465.06
1038.59	1460.74
1039.18	1447.26
1039.76	1428.9
1040.35	1423.58
1040.93	1432.02
1041.51	1435.26
1042.1	1425.76
1042.68	1393.07
1043.26	1432
1043.85	1393.25
1044.43	1366.67
1045.01	1394.37
1045.6	1350.26
1046.18	1354.1
1046.76	1385.61
1047.34	1357.91
1047.93	1330.49
1048.51	1348.7
1049.09	1330.23
1049.68	1333.18
1050.26	1302.72
1050.84	1346.58
1051.43	1309.93
1052.01	1279.3
1052.59	1329.23
1053.17	1291.13
1053.75	1298.41
1054.34	1282.9
1054.92	1287.58
1055.5	1288.23
1056.08	1269.1
1056.67	1253.37
1057.25	1258.03
1057.83	1250.27
1058.41	1245.24
1058.99	1244.41
1059.58	1196.7
1060.16	1226.83
1060.74	1203.99
1061.32	1178.52
1061.9	1167.77
1062.48	1154.73
1063.06	1156.41
1063.65	1141.11
1064.23	1173.89
1064.81	1139.12
1065.39	1183.72
1065.97	1155.92
1066.55	1156.35
1067.13	1171.43
1067.72	1140.27
1068.3	1111.3
1068.88	1120.63
1069.46	1132.09
1070.04	1119.97
1070.62	1105.28
1071.2	1092.97
1071.78	1081.15
1072.36	1095.28
1072.94	1076
1073.52	1080.83
1074.1	1037.34
1074.68	1080.46
1075.26	1034.02
1075.84	1014.43
1076.42	1033.8
1077	1015.22
1077.58	996.75
1078.16	991.81
1078.74	1018.01
1079.32	995.869
1079.9	977.269
1080.48	990.82
1081.06	967.754
1081.64	956.657
1082.22	975.849
1082.8	924.068
1083.38	958.776
1083.96	953.006
1084.54	967.192
1085.12	920.796
1085.7	915.641
1086.28	933.882
1086.86	928.903
1087.43	891.243
1088.01	899.78
1088.59	900.513
1089.17	901.247
1089.75	904.726
1090.33	882.795
1090.91	850.187
1091.49	813.312
1092.06	842.461
1092.64	867.544
1093.22	828.308
1093.8	817.3
1094.38	839.437
1094.96	796.181
1095.53	786.291
1096.11	825.939
1096.69	799.712
1097.27	739.295
1097.85	765.405
1098.42	769.127
1099	792.39
1099.58	753.448
1100.16	758.016
1100.74	758.434
1101.31	744.219
1101.89	740.067
1102.47	705.328
1103.05	639.317
1103.62	718.705
1104.2	729.479
1104.78	728.21
1105.16	688.21
1105.75	636.71
1106.33	701.21
1106.92	678.71
1107.5	680.21
1108.09	656.71
1108.67	658.21
1109.26	666.71
1109.84	617.71
1110.43	650.71
1111.01	653.21
1111.6	640.21
1112.18	621.71
1112.76	600.71
1113.35	624.21
1113.93	617.21
1114.52	577.71
1115.1	596.21
1115.69	609.21
1116.27	557.21
1116.86	576.21
1117.44	553.71
1118.02	552.71
1118.61	547.71
1119.19	545.21
1119.78	535.21
1120.36	571.21
1120.94	562.21
1121.53	522.71
1122.11	532.71
1122.69	533.71
1123.28	515.21
1123.86	515.71
1124.45	527.71
1125.03	531.21
1125.61	510.71
1126.2	500.71
1126.78	491.21
1127.36	490.71
1127.95	483.71
1128.53	482.21
1129.11	483.71
1129.69	489.71
1130.28	473.21
1130.86	472.71
1131.44	490.71
1132.03	463.21
1132.61	468.21
1133.19	441.21
1133.77	415.71
1134.36	448.71
1134.94	468.71
1135.52	430.71
1136.1	433.71
1136.69	433.21
1137.27	398.71
1137.85	428.21
1138.43	403.71
1139.02	449.21
1139.6	427.21
1140.18	401.71
1140.76	370.71
1141.34	392.21
1141.92	384.71
1142.51	363.71
1143.09	398.21
1143.67	377.71
1144.25	369.71
1144.83	375.21
1145.41	376.71
1146	374.71
1146.58	364.71
1147.16	373.71
1147.74	383.71
1148.32	381.21
1148.9	374.71
1149.48	362.71
1150.06	366.71
1150.65	354.71
1151.23	348.71
1151.81	359.71
1152.39	344.71
1152.97	360.71
1153.55	331.71
1154.13	324.71
1154.71	365.21
1155.29	337.71
1155.87	342.21
1156.45	338.21
1157.03	325.21
1157.61	318.71
1158.19	319.71
1158.77	320.71
1159.35	311.71
1159.93	298.71
1160.51	340.71
1161.09	300.21
1161.67	299.71
1162.25	282.71
1162.83	314.21
1163.41	315.71
1163.99	302.71
1164.57	298.21
1165.15	305.21
1165.73	296.71
1166.31	277.71
1166.89	287.71
1167.47	279.71
1168.05	296.71
1168.63	292.21
1169.21	279.21
1169.79	276.21
1170.36	264.71
1170.94	255.71
1171.52	284.71
1172.1	278.21
1172.68	260.71
1173.26	272.71
1173.84	256.21
1174.42	259.21
1175	259.21
1175.57	249.71
1176.15	255.71
1176.73	268.71
1177.31	263.71
1177.89	256.71
1178.47	244.71
1179.04	231.21
1179.62	240.21
1180.2	222.71
1180.78	246.71
1181.36	242.71
1181.94	238.21
1182.51	244.21
1183.09	243.71
1183.67	224.71
1184.24	250.21
1184.82	231.71
1185.4	230.71
1185.98	227.71
1186.56	205.71
1187.13	223.71
1187.71	212.71
1188.29	233.71
1188.86	223.21
1189.44	211.71
1190.02	210.71
1190.6	205.71
1191.17	199.71
1191.75	201.71
1192.33	207.21
1192.91	206.71
1193.48	206.21
1194.06	208.71
1194.63	190.71
1195.21	182.71
1195.79	199.21
1196.36	167.71
1196.94	199.21
1197.52	225.71
1198.09	196.71
1198.67	217.71
1199.25	196.71
1199.82	201.71
1200.4	180.71
1200.98	211.71
1201.55	208.71
1202.13	175.71
1202.7	189.21
1203.28	177.71
1203.85	178.71
1204.43	184.71
1205.01	206.21
1205.58	183.71
1206.16	180.21
1206.73	169.71
1207.31	181.71
1207.88	163.71
1208.46	173.21
1209.03	185.21
1209.61	173.71
1210.18	182.71
1210.76	176.71
1211.34	176.71
1211.91	163.71
1212.48	176.21
1213.06	194.21
1213.63	163.71
1214.21	181.71
1214.79	191.71
1215.36	179.21
1215.93	169.71
1216.51	168.71
1217.08	177.71
1217.66	185.21
1218.23	186.71
1218.81	178.71
1219.38	169.71
1219.95	162.21
1220.53	173.21
1221.1	162.21
1221.68	174.71
1222.25	159.21
1222.83	172.71
1223.4	174.71
1223.97	155.21
1224.55	191.71
1225.12	169.71
1225.69	156.71
1226.27	162.71
1226.84	160.71
1227.42	171.21
1227.99	165.71
1228.56	173.71
1229.14	146.71
1229.71	172.21
1230.28	153.21
1230.86	172.71
1231.43	176.71
1232	163.71
1232.57	167.71
1233.15	165.21
1233.72	163.71
1234.29	176.21
1234.87	165.71
1235.44	171.21
1236.01	165.71
1236.58	151.71
1237.16	161.71
1237.73	141.71
1238.3	143.21
1238.87	155.21
1239.45	160.71
1240.02	153.21
1240.59	159.71
1241.16	138.71
1241.73	155.21
1242.31	159.21
1242.88	163.71
1243.45	172.71
1244.02	164.21
1244.59	156.71
1245.17	169.71
1245.74	161.71
1246.31	153.71
1246.88	165.71
1247.45	172.71
1248.03	165.71
1248.6	149.71
1249.17	152.71
1249.74	152.71
1250.31	165.71
1250.88	158.71
1251.45	148.21
1252.02	141.71
1252.6	163.71
1253.17	136.71
1253.74	169.21
1254.31	155.21
1254.88	136.71
1255.45	156.21
1256.02	151.21
1256.59	133.71
1257.16	148.71
1257.73	132.71
1258.3	159.21
1258.87	146.71
1259.44	159.21
1260.01	151.71
1260.58	168.71
1261.16	164.71
1261.73	145.71
1262.3	163.71
1262.87	162.71
1263.43	147.71
1264.01	162.71
1264.58	156.21
1265.15	161.71
1265.72	159.71
1266.28	172.71
1266.85	144.71
1267.42	156.71
1267.99	144.71
1268.56	160.71
1269.13	167.71
1269.7	153.21
1270.27	165.21
1270.84	157.21
1271.41	130.71
1271.98	157.21
1272.55	156.71
1273.12	152.71
1273.69	137.71
1274.26	149.21
1274.82	159.71
1275.39	157.71
1275.96	140.71
1276.53	163.21
1277.1	149.21
1277.67	142.71
1278.24	169.71
1278.81	137.71
1279.38	153.71
1279.94	150.21
1280.51	159.71
1281.08	157.71
1281.65	152.71
1282.22	137.71
1282.78	171.71
1283.35	140.21
1283.92	143.21
1284.49	148.71
1285.05	150.11
1285.62	134.71
1286.19	140.21
1286.76	163.21
1287.33	156.21
1287.9	132.71
1288.46	134.71
1289.03	141.21
1289.6	158.71
1290.16	143.21
1290.73	122.21
1291.3	138.71
1291.87	133.71
1292.43	153.71
1293	142.71
1293.57	152.71
1294.13	147.21
1294.7	150.21
1295.27	141.71
1295.84	138.21
1296.4	173.21
1296.97	151.21
1297.54	167.71
1298.1	148.21
1298.67	138.71
1299.24	139.71
1299.8	145.21
1300.37	148.71
1300.94	146.21
1301.5	149.21
1302.07	150.71
1302.64	146.21
1303.2	144.71
1303.77	132.71
1304.33	138.71
1304.9	135.71
1305.46	155.71
1306.03	134.71
1306.6	150.71
1307.16	138.21
1307.73	142.21
1308.29	148.71
1308.86	156.21
1309.43	157.71
1309.99	151.21
1310.56	143.71
1311.12	140.71
1311.69	167.71
1312.25	148.71
1312.82	144.71
1313.38	139.71
1313.95	143.71
1314.51	139.71
1315.08	135.71
1315.64	145.71
1316.21	136.71
1316.77	137.21
1317.34	142.71
1317.9	138.71
1318.47	134.71
1319.03	151.21
1319.6	143.21
1320.16	142.21
1320.72	144.21
1321.29	126.21
1321.85	153.21
1322.42	129.71
1322.98	134.21
1323.55	140.21
1324.11	152.71
1324.67	140.71
1325.24	141.21
1325.8	155.21
1326.37	141.71
1326.93	132.71
1327.49	141.21
1328.06	151.71
1328.62	140.71
1329.19	152.71
1329.75	150.71
1330.31	155.71
1330.88	151.21
1331.44	132.71
1332	142.71
1332.56	148.71
1333.13	133.71
1333.69	152.71
1334.25	141.21
1334.82	145.21
1335.38	144.71
1335.94	134.21
1336.51	141.21
1337.07	147.21
1337.63	136.71
1338.2	145.71
1338.76	141.71
1339.32	144.71
1339.88	143.21
1340.45	143.21
1341.01	127.71
1341.57	140.71
1342.13	148.71
1342.7	152.21
1343.26	155.21
1343.82	143.71
1344.38	143.71
1344.95	150.71
1345.51	163.21
1346.07	164.71
1346.63	140.71
1347.19	148.71
1347.75	141.21
1348.32	127.71
1348.88	144.21
1349.44	150.21
1350	134.71
1350.56	142.71
1351.12	142.71
1351.69	141.71
1352.25	119.71
1352.81	145.21
1353.37	132.21
1353.93	135.21
1354.49	137.71
1355.05	133.21
1355.61	150.21
1356.18	129.21
1356.74	132.21
1357.3	147.21
1357.86	143.71
1358.42	153.21
1358.98	154.71
1359.54	164.71
1360.1	148.21
1360.66	150.71
1361.22	122.71
1361.78	141.71
1362.34	149.71
1362.9	142.71
1363.46	141.71
1364.02	140.71
1364.58	153.71
1365.14	134.71
1365.7	128.21
1366.26	117.71
1366.82	128.71
1367.38	134.21
1367.94	135.71
1368.5	120.71
1369.06	146.71
1369.62	130.71
1370.18	140.71
1370.74	134.71
1371.3	148.71
1371.86	135.71
1372.42	142.71
1372.98	151.71
1373.54	152.71
1374.1	149.71
1374.66	138.71
1375.22	157.21
1375.78	170.71
1376.34	144.71
1376.89	145.71
1377.45	156.21
1378.01	144.71
1378.57	138.21
1379.13	144.71
1379.69	148.71
1380.25	140.71
1380.81	139.71
1381.36	140.71
1381.92	125.21
1382.48	137.71
1383.04	127.21
1383.6	139.71
1384.15	151.71
1384.71	153.71
1385.27	123.71
1385.83	134.21
1386.39	151.71
1386.95	155.71
1387.5	146.21
1388.06	148.71
1388.62	148.71
1389.18	154.21
1389.74	156.71
1390.29	142.21
1390.85	156.21
1391.41	147.71
1391.97	156.71
1392.52	141.71
1393.08	150.71
1393.64	151.71
1394.19	145.21
1394.75	138.71
1395.31	139.71
1395.87	152.71
1396.42	148.21
1396.98	125.21
1397.54	152.71
1398.1	151.71
1398.65	121.71
1399.21	141.71
1399.77	134.71
1400.32	129.71
1400.88	137.71
1401.43	128.71
1401.99	144.71
1402.55	142.21
1403.11	147.71
1403.66	134.21
1404.22	151.21
1404.77	149.71
1405.33	142.71
1405.89	142.71
1406.44	145.71
1407	158.71
1407.55	126.71
1408.11	147.71
1408.67	129.71
1409.22	138.71
1409.78	152.21
1410.33	133.71
1410.89	145.71
1411.44	157.21
1412	125.71
1412.56	135.21
1413.11	139.21
1413.67	152.71
1414.22	138.71
1414.78	120.21
1415.33	141.71
1415.89	127.71
1416.44	150.71
1417	132.71
1417.55	134.71
1418.11	143.71
1418.66	145.71
1419.22	130.71
1419.77	142.21
1420.33	148.71
1420.88	143.71
1421.44	151.71
1421.99	151.71
1422.55	167.71
1423.1	142.71
1423.65	153.71
1424.21	140.71
1424.76	152.21
1425.32	135.21
1425.87	141.71
1426.43	141.71
1426.98	136.21
1427.53	138.21
1428.09	141.71
1428.64	122.71
1429.19	119.71
1429.75	132.71
1430.3	135.71
1430.86	135.21
1431.41	144.71
1431.96	127.71
1432.52	137.71
1433.07	149.71
1433.62	146.71
1434.18	143.71
1434.73	147.71
1435.29	154.71
1435.84	151.71
1436.39	159.71
1436.94	144.71
1437.5	156.21
1438.05	153.71
1438.6	148.71
1439.16	149.71
1439.71	148.71
1440.26	155.21
1440.82	151.21
1441.37	164.71
1441.92	153.21
1442.47	135.21
1443.02	140.71
1443.58	144.21
1444.13	142.71
1444.68	134.71
1445.23	153.21
1445.79	164.21
1446.34	141.21
1446.89	128.71
1447.44	147.71
1448	146.71
1448.55	136.71
1449.1	154.21
1449.65	166.71
1450.2	145.71
1450.75	142.71
1451.31	137.71
1451.86	153.71
1452.41	157.71
1452.96	144.71
1453.51	154.71
1454.06	162.71
1454.61	133.21
1455.17	148.71
1455.72	152.21
1456.27	151.71
1456.82	142.71
1457.37	135.71
1457.92	135.71
1458.47	133.71
1459.02	147.71
1459.58	135.71
1460.13	142.21
1460.68	139.71
1461.23	152.21
1461.78	120.71
1462.33	144.71
1462.88	136.21
1463.43	145.71
1463.98	140.71
1464.53	158.71
1465.08	148.71
1465.63	148.71
1466.18	143.71
1466.73	146.71
1467.28	145.71
1467.83	151.21
1468.38	158.21
1468.93	152.21
1469.48	150.71
1470.03	143.71
1470.58	144.71
1471.13	141.21
1471.68	137.71
1472.23	153.71
1472.78	141.21
1473.33	161.21
1473.88	150.71
1474.43	143.71
1474.98	138.21
1475.53	150.71
1476.08	125.71
1476.63	131.71
1477.18	146.71
1477.73	140.71
1478.27	147.21
1478.82	131.71
1479.37	145.71
1479.92	143.21
1480.47	141.21
1481.02	129.71
1481.57	137.71
1482.12	148.71
1482.67	156.21
1483.21	146.71
1483.76	136.71
1484.31	135.71
1484.86	145.71
1485.41	138.71
1485.96	148.71
1486.51	132.71
1487.05	137.21
1487.6	146.71
1488.15	126.71
1488.7	148.21
1489.25	146.71
1489.79	136.71
1490.34	132.21
1490.89	139.71
1491.44	141.71
1491.98	135.71
1492.53	121.71
1493.08	141.71
1493.63	132.71
1494.17	120.71
1494.72	146.71
1495.27	150.71
1495.82	155.71
1496.36	146.21
1496.91	147.71
1497.46	150.71
1498.01	135.71
1498.55	133.71
1499.1	150.21
1499.65	129.71
1500.19	146.71
2699.93	167.841
2700.4	168.238
2700.87	171.41
2701.33	170.951
2701.8	173.245
2702.27	166.852
2702.74	163.852
2703.2	183.352
2703.67	177.852
2704.14	176.852
2704.6	187.852
2705.07	183.352
2705.54	181.852
2706.01	187.352
2706.47	189.352
2706.94	186.852
2707.41	174.852
2707.87	183.852
2708.34	169.852
2708.81	182.352
2709.27	184.852
2709.74	166.852
2710.21	179.352
2710.67	171.852
2711.14	175.352
2711.6	194.352
2712.07	154.852
2712.54	188.852
2713	170.352
2713.47	180.852
2713.94	177.352
2714.4	171.852
2714.87	180.852
2715.34	174.852
2715.8	187.352
2716.27	168.852
2716.73	183.852
2717.2	176.352
2717.67	186.352
2718.13	169.352
2718.6	166.852
2719.06	186.852
2719.53	193.852
2719.99	178.352
2720.46	171.852
2720.93	187.852
2721.39	177.352
2721.86	170.852
2722.32	171.852
2722.79	191.352
2723.25	182.352
2723.72	177.852
2724.18	194.852
2724.65	191.852
2725.11	165.852
2725.58	175.352
2726.04	177.852
2726.51	177.852
2726.97	176.852
2727.44	192.852
2727.9	177.852
2728.37	180.852
2728.83	187.852
2729.3	180.352
2729.76	193.352
2730.23	171.852
2730.69	184.352
2731.16	177.352
2731.62	178.352
2732.09	173.352
2732.55	186.352
2733.02	174.352
2733.48	177.852
2733.95	172.852
2734.41	178.352
2734.87	162.852
2735.34	189.352
2735.8	178.352
2736.27	200.852
2736.73	182.852
2737.19	175.852
2737.66	164.852
2738.12	186.352
2738.59	179.352
2739.05	167.852
2739.51	180.352
2739.98	179.852
2740.44	195.352
2740.91	188.352
2741.37	180.852
2741.83	193.352
2742.3	193.352
2742.76	185.352
2743.22	190.852
2743.69	178.852
2744.15	197.352
2744.61	190.352
2745.08	185.352
2745.54	191.352
2746.01	201.852
2746.47	182.852
2746.93	183.852
2747.39	194.352
2747.86	188.352
2748.32	179.352
2748.78	193.352
2749.25	205.852
2749.71	195.852
2750.17	177.852
2750.64	189.852
2751.1	188.852
2751.56	197.352
2752.02	182.852
2752.49	188.352
2752.95	180.852
2753.41	201.352
2753.87	185.852
2754.34	190.852
2754.8	202.852
2755.26	172.852
2755.72	177.852
2756.19	196.852
2756.65	190.352
2757.11	187.352
2757.57	197.852
2758.04	188.852
2758.5	207.852
2758.96	191.352
2759.42	165.852
2759.88	209.352
2760.35	194.352
2760.81	195.852
2761.27	189.852
2761.73	185.352
2762.19	177.852
2762.66	190.852
2763.12	186.352
2763.58	183.852
2764.04	191.852
2764.5	190.852
2764.96	197.852
2765.43	208.852
2765.89	195.852
2766.35	176.352
2766.81	166.852
2767.27	186.352
2767.73	181.852
2768.19	187.852
2768.65	182.852
2769.12	192.852
2769.58	196.852
2770.04	166.852
2770.5	177.852
2770.96	189.852
2771.42	182.852
2771.88	196.852
2772.34	182.852
2772.8	193.352
2773.26	178.852
2773.73	194.852
2774.19	190.352
2774.65	197.352
2775.11	206.852
2775.57	190.852
2776.03	187.852
2776.49	207.352
2776.95	197.352
2777.41	197.352
2777.87	193.352
2778.33	186.852
2778.79	198.352
2779.25	188.352
2779.71	184.852
2780.17	181.852
2780.63	193.352
2781.09	196.852
2781.55	195.852
2782.01	174.852
2782.47	208.852
2782.93	195.852
2783.39	185.352
2783.85	199.352
2784.31	192.352
2784.77	196.852
2785.23	192.852
2785.69	205.852
2786.15	195.352
2786.61	200.852
2787.07	174.852
2787.53	194.852
2787.99	200.852
2788.45	190.852
2788.91	180.352
2789.37	179.852
2789.83	194.852
2790.28	193.352
2790.74	202.352
2791.2	184.852
2791.66	194.852
2792.12	182.852
2792.58	187.852
2793.04	197.352
2793.5	189.352
2793.96	202.352
2794.42	201.352
2794.88	184.352
2795.33	200.352
2795.79	191.852
2796.25	202.352
2796.71	194.852
2797.17	196.852
2797.63	190.852
2798.09	166.852
2798.54	183.852
2799	193.852
2799.46	215.852
2799.92	209.352
2800.38	183.852
2800.84	202.852
2801.29	190.852
2801.75	191.352
2802.21	187.852
2802.67	169.852
2803.13	212.352
2803.59	179.852
2804.04	195.852
2804.5	186.852
2804.96	190.352
2805.42	213.852
2805.87	214.852
2806.33	204.852
2806.79	215.852
2807.25	201.352
2807.71	206.352
2808.16	215.852
2808.62	194.352
2809.08	201.352
2809.54	199.352
2809.99	186.852
2810.45	193.352
2810.91	193.852
2811.36	212.852
2811.82	196.852
2812.28	201.352
2812.74	216.852
2813.19	203.852
2813.65	194.352
2814.11	206.852
2814.57	194.852
2815.02	195.852
2815.48	198.852
2815.94	191.852
2816.39	208.352
2816.85	196.852
2817.31	191.852
2817.76	208.852
2818.22	191.852
2818.68	199.852
2819.13	200.352
2819.59	201.352
2820.05	203.352
2820.5	188.852
2820.96	209.852
2821.42	211.352
2821.87	205.852
2822.33	193.352
2822.78	199.852
2823.24	198.352
2823.7	199.352
2824.15	191.852
2824.61	211.852
2825.07	207.352
2825.52	196.852
2825.98	195.352
2826.43	195.852
2826.89	181.852
2827.35	205.352
2827.8	200.352
2828.26	200.852
2828.71	199.352
2829.17	203.852
2829.62	205.352
2830.08	209.852
2830.54	205.852
2830.99	214.352
2831.45	216.352
2831.9	200.852
2832.36	200.352
2832.81	201.852
2833.27	213.852
2833.72	215.852
2834.18	202.852
2834.63	226.852
2835.09	206.852
2835.54	197.852
2836	217.352
2836.45	188.852
2836.91	200.352
2837.36	213.352
2837.82	200.852
2838.27	189.352
2838.73	202.852
2839.18	192.352
2839.64	230.352
2840.09	234.352
2840.55	207.352
2841	211.852
2841.46	207.852
2841.91	212.852
2842.36	199.852
2842.82	220.852
2843.27	216.852
2843.73	216.352
2844.18	198.352
2844.64	210.352
2845.09	211.852
2845.54	222.352
2846	235.852
2846.45	225.352
2846.91	217.852
2847.36	219.352
2847.82	218.852
2848.27	212.352
2848.72	225.352
2849.18	226.352
2849.63	214.852
2850.08	209.852
2850.54	215.852
2850.99	215.852
2851.45	207.852
2851.9	210.852
2852.35	233.352
2852.81	211.352
2853.26	228.352
2853.71	224.352
2854.17	199.852
2854.62	203.352
2855.07	199.852
2855.53	239.852
2855.98	212.352
2856.43	213.852
2856.89	208.852
2857.34	217.852
2857.79	211.352
2858.25	228.852
2858.7	218.352
2859.15	213.352
2859.6	212.852
2860.06	208.852
2860.51	199.852
2860.96	209.852
2861.42	207.352
2861.87	201.852
2862.32	223.852
2862.77	220.852
2863.23	205.352
2863.68	205.852
2864.13	213.852
2864.58	219.352
2865.04	220.852
2865.49	203.352
2865.94	224.352
2866.39	216.852
2866.84	222.852
2867.3	219.852
2867.75	218.352
2868.2	194.852
2868.65	225.852
2869.11	229.852
2869.56	219.352
2870.01	241.852
2870.46	228.352
2870.91	240.352
2871.36	225.352
2871.82	224.852
2872.27	210.852
2872.72	223.852
2873.17	206.852
2873.62	202.852
2874.07	212.852
2874.53	215.852
2874.98	217.852
2875.43	207.852
2875.88	226.852
2876.33	237.352
2876.78	230.852
2877.23	225.352
2877.69	195.852
2878.14	225.852
2878.59	224.852
2879.04	221.852
2879.49	231.352
2879.94	204.852
2880.39	230.352
2880.84	232.852
2881.29	226.852
2881.74	227.852
2882.2	240.352
2882.65	210.352
2883.1	226.852
2883.55	220.352
2884	227.852
2884.45	236.352
2884.9	221.852
2885.35	221.352
2885.8	237.352
2886.25	225.852
2886.7	213.852
2887.15	229.852
2887.6	215.852
2888.05	232.852
2888.5	209.852
2888.95	230.352
2889.4	237.852
2889.85	246.852
2890.3	212.852
2890.75	224.352
2891.2	231.852
2891.65	232.352
2892.1	218.352
2892.55	215.852
2893	215.852
2893.45	215.852
2893.9	232.852
2894.35	220.852
2894.8	230.852
2895.25	232.852
2895.7	221.352
2896.15	218.852
2896.6	234.352
2897.05	213.852
2897.5	206.852
2897.95	231.352
2898.4	228.352
2898.85	244.852
2899.29	225.852
2899.74	228.852
2900.19	237.352
2900.64	224.852
2901.09	237.852
2901.54	228.852
2901.99	236.352
2902.44	229.852
2902.89	236.352
2903.34	231.352
2903.78	215.852
2904.23	230.352
2904.68	232.852
2905.13	222.352
2905.58	241.852
2906.03	240.352
2906.48	226.852
2906.92	221.852
2907.37	246.852
2907.82	229.352
2908.27	223.352
2908.72	226.852
2909.17	232.852
2909.61	241.352
2910.06	246.352
2910.51	231.852
2910.96	227.852
2911.41	225.852
2911.86	227.352
2912.3	229.352
2912.75	236.852
2913.2	234.352
2913.65	231.352
2914.1	239.852
2914.54	230.852
2914.99	216.852
2915.44	234.352
2915.89	223.852
2916.33	224.852
2916.78	233.852
2917.23	198.852
2917.68	224.352
2918.12	233.352
2918.57	236.852
2919.02	235.352
2919.47	225.852
2919.91	226.852
2920.36	235.852
2920.81	227.352
2921.26	237.352
2921.7	226.352
2922.15	232.852
2922.6	244.352
2923.04	238.852
2923.49	223.852
2923.94	258.352
2924.38	243.852
2924.83	230.852
2925.28	233.352
2925.73	230.852
2926.17	240.852
2926.62	231.352
2927.06	237.352
2927.51	228.352
2927.96	218.852
2928.41	233.352
2928.85	225.852
2929.3	255.352
2929.74	223.352
2930.19	234.852
2930.64	240.852
2931.08	241.852
2931.53	238.852
2931.98	260.352
2932.42	237.852
2932.87	238.852
2933.31	247.852
2933.76	230.852
2934.21	241.852
2934.65	227.852
2935.1	246.852
2935.54	237.352
2935.99	237.852
2936.44	228.852
2936.88	238.852
2937.33	221.852
2937.77	249.852
2938.22	241.352
2938.66	221.852
2939.11	237.852
2939.56	235.852
2940	227.852
2940.45	237.852
2940.89	229.852
2941.34	228.352
2941.78	243.352
2942.23	224.852
2942.67	247.852
2943.12	248.352
2943.56	255.352
2944.01	233.352
2944.45	224.352
2944.9	247.852
2945.34	242.852
2945.79	249.852
2946.23	243.852
2946.68	231.852
2947.12	253.352
2947.57	255.852
2948.01	240.852
2948.46	250.852
2948.9	239.352
2949.34	242.852
2949.79	219.852
2950.23	257.852
2950.68	249.852
2951.12	234.852
2951.57	217.352
2952.01	234.852
2952.46	239.852
2952.9	252.352
2953.34	245.852
2953.79	226.852
2954.23	254.352
2954.68	242.352
2955.12	234.352
2955.56	236.352
2956.01	249.852
2956.45	236.352
2956.9	252.852
2957.34	214.852
2957.79	239.852
2958.23	242.852
2958.67	216.852
2959.12	246.352
2959.56	251.852
2960	217.852
2960.45	225.852
2960.89	246.852
2961.33	251.852
2961.78	230.352
2962.22	248.352
2962.66	253.352
2963.11	225.852
2963.55	242.852
2963.99	256.852
2964.44	242.852
2964.88	248.352
2965.32	243.852
2965.77	242.852
2966.21	258.352
2966.65	244.852
2967.09	237.352
2967.54	253.852
2967.98	240.852
2968.42	242.852
2968.87	246.852
2969.31	248.352
2969.75	251.852
2970.19	248.352
2970.64	246.852
2971.08	255.852
2971.52	257.352
2971.96	251.352
2972.41	237.352
2972.85	235.852
2973.29	239.852
2973.73	246.852
2974.18	231.852
2974.62	263.352
2975.06	237.852
2975.5	268.852
2975.95	245.352
2976.39	253.852
2976.83	257.352
2977.27	248.352
2977.71	252.852
2978.16	249.852
2978.6	245.852
2979.04	248.352
2979.48	261.852
2979.92	247.352
2980.36	249.852
2980.81	244.352
2981.25	241.852
2981.69	234.852
2982.13	248.352
2982.57	250.852
2983.01	264.852
2983.46	236.852
2983.9	255.352
2984.34	253.852
2984.78	270.352
2985.22	247.352
2985.66	238.852
2986.1	252.852
2986.54	258.852
2986.99	231.852
2987.43	256.352
2987.87	242.352
2988.31	270.852
2988.75	259.352
2989.19	258.852
2989.63	263.352
2990.07	259.852
2990.51	264.352
2990.95	251.852
2991.39	257.852
2991.83	258.352
2992.28	246.852
2992.72	241.852
2993.16	257.352
2993.6	257.352
2994.04	239.352
2994.48	258.352
2994.92	259.852
2995.36	225.852
2995.8	256.852
2996.24	238.852
2996.68	249.852
2997.12	247.852
2997.56	244.352
2998	257.852
2998.44	263.352
2998.88	254.352
2999.32	276.852
2999.76	270.852
3000.2	280.852
3000.64	251.352
3001.08	245.852
3001.52	256.352
3001.96	261.852
3002.4	273.352
3002.84	257.852
3003.28	252.352
3003.72	261.852
3004.16	250.852
3004.59	245.352
3005.03	235.852
3005.47	247.352
3005.91	249.852
3006.35	224.852
3006.79	284.852
3007.23	276.352
3007.67	255.852
3008.11	248.352
3008.55	254.852
3008.99	235.352
3009.43	259.852
3009.87	243.852
3010.3	243.352
3010.74	246.852
3011.18	269.852
3011.62	248.352
3012.06	253.852
3012.5	263.852
3012.94	247.852
3013.38	228.852
3013.82	249.852
3014.25	249.852
3014.69	251.352
3015.13	276.352
3015.57	257.852
3016.01	272.352
3016.45	265.352
3016.88	258.852
3017.32	240.852
3017.76	269.852
3018.2	258.852
3018.64	271.352
3019.08	266.852
3019.51	265.852
3019.95	268.852
3020.39	248.352
3020.83	232.852
3021.26	251.852
3021.7	259.352
3022.14	282.352
3022.58	251.852
3023.02	254.852
3023.45	256.352
3023.89	257.852
3024.33	236.852
3024.77	248.852
3025.2	257.674
3025.64	259.481
3026.08	262.917
3026.52	255.04
3026.95	262.341
3027.39	266.304
3027.83	255.418
3028.27	256.954
3028.7	250.633
3029.14	267.409
3029.58	283.18
3030.01	267.248
3030.45	277.406
3030.89	275.225
3031.33	272.762
3031.76	262.626
3032.2	257.769
3032.64	286.963
3033.07	248.925
3033.51	269.876
3033.95	265.273
3034.38	266.54
3034.82	257.072
3035.26	258.915
3035.69	268.577
3036.13	272.706
3036.57	253.348
3037	272.934
3037.44	249.839
3037.88	243.65
3038.31	260.113
3038.75	289.584
3039.18	271.284
3039.62	254.102
3040.06	251.974
3040.49	263.186
3040.93	260.186
3041.36	276.541
3041.8	270.791
3042.24	267.582
3042.67	269.573
3043.11	257.754
3043.54	273.109
3043.98	274.393
3044.42	271.42
3044.85	264.356
3045.29	267.087
3045.72	270.622
3046.16	286.265
3046.59	284.486
3047.03	263.609
3047.47	266.913
3047.9	284.963
3048.34	276.478
3048.77	270.975
3049.21	275.855
3049.64	279.129
3050.08	274.964
3050.51	265.658
3050.95	272.011
3051.38	286.717
3051.82	262.752
3052.25	266.599
3052.69	277.674
3053.12	279.507
3053.56	266.321
3053.99	265.177
3054.43	262.075
3054.86	282.973
3055.3	268.594
3055.73	268.477
3056.17	265.307
3056.6	273.13
3057.03	277.461
3057.47	273.056
3057.9	265.128
3058.34	278.628
3058.77	277.497
3059.21	269.569
3059.64	290.888
3060.08	279.932
3060.51	277.207
3060.94	259.422
3061.38	274.742
3061.81	265.3
3062.25	272.357
3062.68	271.811
3063.11	267.322
3063.55	289.092
3063.98	259.979
3064.42	270.988
3064.85	266.684
3065.28	289.61
3065.72	270.291
3066.15	287.022
3066.58	276.3
3067.02	281.512
3067.45	287.33
3067.89	269.644
3068.32	284.793
3068.75	290.481
3069.19	268.595
3069.62	278.911
3070.05	282.187
3070.49	275.834
3070.92	282.192
3071.35	278.711
3071.79	281.621
3072.22	268.176
3072.65	285.663
3073.09	289.613
3073.52	275.47
3073.95	286.752
3074.38	296.186
3074.82	286.358
3075.25	282.345
3075.68	282.603
3076.11	286.772
3076.55	297.961
3076.98	287.47
3077.41	286.077
3077.85	285.151
3078.28	256.607
3078.71	290.047
3079.14	287.681
3079.58	287.018
3080.01	295.025
3080.44	298.352
3080.87	283.061
3081.31	288.812
3081.74	288.914
3082.17	291.803
3082.6	279.649
3083.03	299.743
3083.47	285.927
3083.9	292.902
3084.33	294.302
3084.76	296.409
3085.19	295.336
3085.63	285.191
3086.06	295.138
3086.49	289.547
3086.92	278.686
3087.35	294.445
3087.79	294.352
3088.22	289.74
3088.65	292.752
3089.08	275.539
3089.51	287.74
3089.94	291.753
3090.38	299.182
3090.81	275.377
3091.24	287.916
3091.67	277.668
3092.1	273.358
3092.53	273.832
3092.96	292.177
3093.39	286.19
3093.82	298.332
3094.26	287.604
3094.69	288.402
3095.12	280.505
3095.55	289.813
3095.98	284.472
3096.41	293.69
3096.84	280.204
3097.27	293.06
3097.7	280.968
3098.13	300.052
3098.56	292.506
3099	283.497
3099.43	287.82
3099.86	285.64
3100.29	286.881
3100.72	296.61
3101.15	283.368
3101.58	303.027
3102.01	300.647
3102.44	300.667
3102.87	303.03
3103.3	294.081
3103.73	303.874
3104.16	307.966
3104.59	296.668
3105.02	308.632
3105.45	298.629
3105.88	302.289
3106.31	312.545
3106.74	290.324
3107.17	296.386
3107.6	291.903
3108.03	295.405
3108.46	308.077
3108.89	268.014
3109.32	312.37
3109.75	308.181
3110.18	318.675
3110.61	289.625
3111.04	316.363
3111.47	312.22
3111.9	306.174
3112.33	320.802
3112.75	320.554
3113.18	302.78
3113.61	297.028
3114.04	316.023
3114.47	307
3114.9	281.957
3115.33	301.079
3115.76	309.453
3116.19	304.454
3116.62	310.099
3117.05	310.887
3117.48	306.706
3117.9	302.488
3118.33	298.042
3118.76	294.586
3119.19	298.135
3119.62	299.744
3120.05	313
3120.48	298.118
3120.91	306.108
3121.33	308.315
3121.76	306.722
3122.19	304.075
3122.62	297.11
3123.05	298.79
3123.48	307.98
3123.9	291.945
3124.33	298.611
3124.76	314.649
3125.19	298.392
3125.62	310.664
3126.05	317.894
3126.47	301.51
3126.9	324.033
3127.33	315.422
3127.76	307.656
3128.18	306.604
3128.61	315.989
3129.04	307.328
3129.47	313.637
3129.9	308.485
3130.32	315.608
3130.75	311.571
3131.18	304.31
3131.61	309.801
3132.03	324.394
3132.46	323.588
3132.89	325.687
3133.32	289.355
3133.74	295.752
3134.17	290.179
3134.6	319.255
3135.03	304.052
3135.45	307.227
3135.88	311.963
3136.31	319.211
3136.74	319.995
3137.16	304.48
3137.59	315.662
3138.02	315.472
3138.44	318.013
3138.87	302.581
3139.3	299.063
3139.72	312.094
3140.15	323.351
3140.58	300.228
3141	315.181
3141.43	314.622
3141.86	306.874
3142.28	313.314
3142.71	324.022
3143.14	332.551
3143.56	306.941
3143.99	332.48
3144.42	318.554
3144.84	329.006
3145.27	317.349
3145.69	319.659
3146.12	320.161
3146.55	332.662
3146.97	318.145
3147.4	308.212
3147.83	327.297
3148.25	318.093
3148.68	312.353
3149.1	330.293
3149.53	326.377
3149.95	331.033
3150.38	331.988
3150.81	332.613
3151.23	320.099
3151.66	343.269
3152.08	337.466
3152.51	331.274
3152.94	325.574
3153.36	336.461
3153.79	310.707
3154.21	330.648
3154.36	345.148
3154.79	325.648
3155.22	311.648
3155.66	333.648
3156.09	325.648
3156.52	331.148
3156.95	324.648
3157.39	319.648
3157.82	342.648
3158.25	323.648
3158.68	345.648
3159.11	334.148
3159.55	353.148
3159.98	339.648
3160.41	341.148
3160.84	342.148
3161.27	329.648
3161.7	317.148
3162.14	323.648
3162.57	314.648
3163	349.148
3163.43	354.648
3163.86	348.648
3164.29	341.148
3164.73	329.648
3165.16	322.648
3165.59	328.648
3166.02	338.648
3166.45	329.148
3166.88	323.648
3167.31	339.148
3167.75	334.148
3168.18	321.648
3168.61	345.648
3169.04	350.648
3169.47	321.648
3169.9	347.648
3170.33	346.648
3170.76	344.148
3171.2	337.648
3171.63	344.648
3172.06	337.648
3172.49	343.648
3172.92	356.648
3173.35	343.148
3173.78	362.648
3174.21	334.148
3174.64	328.648
3175.07	331.648
3175.5	342.648
3175.93	354.148
3176.36	335.148
3176.79	342.648
3177.22	335.648
3177.65	336.648
3178.08	347.148
3178.51	332.648
3178.94	361.648
3179.37	351.148
3179.81	336.148
3180.24	357.148
3180.66	346.648
3181.1	338.148
3181.53	341.148
3181.95	360.148
3182.39	351.148
3182.81	359.648
3183.24	336.648
3183.68	364.148
3184.1	357.648
3184.53	364.648
3184.96	363.648
3185.39	338.148
3185.82	338.648
3186.25	368.648
3186.68	350.148
3187.11	347.648
3187.54	335.648
3187.97	359.648
3188.4	351.648
3188.83	359.648
3189.26	327.148
3189.69	344.148
3190.12	348.648
3190.55	322.148
3190.98	337.148
3191.4	348.148
3191.83	368.648
3192.26	361.148
3192.69	344.648
3193.12	346.148
3193.55	373.648
3193.98	358.148
3194.41	363.648
3194.84	357.648
3195.26	352.148
3195.69	347.148
3196.12	359.148
3196.55	373.148
3196.98	369.648
3197.41	362.148
3197.84	365.648
3198.26	369.148
3198.69	370.148
3199.12	369.648
3199.55	354.148
3199.98	363.648
3200.41	373.148
3200.83	377.148
3201.26	343.648
3201.69	357.148
3202.12	383.648
3202.55	354.648
3202.98	382.148
3203.4	348.148
3203.83	371.648
3204.26	345.648
3204.69	369.648
3205.11	370.148
3205.54	345.648
3205.97	365.148
3206.4	364.648
3206.82	352.648
3207.25	360.648
3207.68	365.648
3208.11	356.148
3208.54	351.148
3208.96	353.648
3209.39	336.648
3209.82	358.648
3210.25	370.648
3210.67	376.148
3211.1	379.648
3211.53	380.648
3211.95	375.648
3212.38	373.648
3212.81	358.648
3213.24	367.648
3213.66	349.648
3214.09	351.648
3214.52	383.648
3214.94	374.648
3215.37	367.648
3215.8	392.648
3216.22	375.148
3216.65	364.148
3217.08	383.648
3217.5	372.648
3217.93	359.648
3218.36	377.648
3218.78	376.648
3219.21	361.148
3219.64	382.148
3220.06	384.648
3220.49	379.148
3220.92	383.648
3221.34	380.648
3221.77	359.648
3222.2	360.648
3222.62	386.648
3223.05	395.648
3223.47	364.648
3223.9	373.148
3224.33	382.648
3224.75	397.148
3225.18	398.148
3225.6	363.648
3226.03	370.648
3226.46	382.148
3226.88	392.148
3227.31	381.648
3227.73	380.148
3228.16	387.648
3228.58	389.148
3229.01	385.648
3229.44	386.148
3229.86	396.148
3230.29	384.148
3230.71	402.648
3231.14	390.148
3231.56	382.648
3231.99	380.148
3232.41	409.648
3232.84	390.648
3233.26	399.648
3233.69	390.648
3234.11	386.648
3234.54	377.648
3234.96	403.648
3235.39	397.148
3235.81	360.648
3236.24	387.148
3236.67	382.648
3237.09	387.648
3237.51	384.648
3237.94	380.648
3238.36	402.648
3238.79	392.148
3239.21	397.148
3239.64	376.148
3240.06	394.648
3240.49	397.648
3240.91	397.648
3241.34	401.148
3241.76	373.648
3242.19	401.648
3242.61	385.148
3243.03	382.648
3243.46	409.648
3243.88	396.648
3244.31	378.648
3244.73	400.648
3245.16	395.148
3245.58	389.648
3246	389.148
3246.43	391.648
3246.85	364.648
3247.27	408.148
3247.7	375.648
3248.12	408.148
3248.55	415.648
3248.97	398.148
3249.39	405.648
3249.82	401.148
3250.24	401.648
3250.66	390.148
3251.09	407.148
3251.51	405.648
3251.94	384.648
3252.36	372.648
3252.78	406.648
3253.21	403.148
3253.63	412.648
3254.05	415.648
3254.48	410.648
3254.9	404.148
3255.32	406.648
3255.75	407.648
3256.17	411.148
3256.59	388.648
3257.02	403.148
3257.44	395.648
3257.86	417.648
3258.28	386.648
3258.71	406.648
3259.13	407.648
3259.55	384.648
3259.98	414.148
3260.4	383.648
3260.82	420.648
3261.24	414.648
3261.67	412.648
3262.09	426.148
3262.51	399.648
3262.93	407.648
3263.36	399.648
3263.78	383.648
3264.2	416.148
3264.62	413.648
3265.05	389.648
3265.47	393.148
3265.89	409.648
3266.31	407.648
3266.74	408.648
3267.16	408.648
3267.58	430.148
3268	410.648
3268.42	406.148
3268.85	403.648
3269.27	402.648
3269.69	407.148
3270.11	406.648
3270.53	393.648
3270.95	411.648
3271.38	414.148
3271.8	415.648
3272.22	426.148
3272.64	391.648
3273.06	411.148
3273.49	405.648
3273.91	400.648
3274.33	422.148
3274.75	387.648
3275.17	389.648
3275.59	419.148
3276.01	428.148
3276.43	419.648
3276.86	413.648
3277.28	413.148
3277.7	429.648
3278.12	407.648
3278.54	412.648
3278.96	424.648
3279.38	417.273
3279.8	425.148
3280.22	412.648
3280.64	427.648
3281.07	428.148
3281.49	445.648
3281.91	414.148
3282.33	426.648
3282.75	435.148
3283.17	419.148
3283.59	436.648
3284.01	431.148
3284.43	393.648
3284.85	417.648
3285.27	430.648
3285.69	428.148
3286.11	419.148
3286.53	425.648
3286.95	419.648
3287.37	426.648
3287.79	425.648
3288.22	398.648
3288.64	430.648
3289.06	426.148
3289.48	405.648
3289.9	415.648
3290.32	434.648
3290.74	419.648
3291.16	438.148
3291.58	430.648
3292	442.648
3292.42	416.648
3292.83	419.648
3293.25	424.148
3293.67	423.648
3294.09	411.148
3294.51	399.148
3294.93	433.148
3295.35	415.648
3295.77	442.148
3296.19	454.148
3296.61	441.148
3297.03	433.986
3297.45	440.148
3297.87	439.648
3298.29	407.648
3298.71	422.148
3299.13	446.648
3299.55	431.648
3299.96	437.148
3300.38	427.148
3300.8	442.648
3301.22	447.648
3301.64	433.648
3302.06	429.148
3302.48	431.648
3302.9	445.148
3303.32	433.148
3303.73	433.148
3304.15	429.148
3304.57	443.148
3304.99	458.648
3305.41	466.648
3305.83	459.148
3306.25	452.648
3306.66	432.148
3307.08	439.148
3307.5	454.648
3307.92	443.148
3308.34	451.648
3308.76	443.148
3309.17	445.648
3309.59	448.648
3310.01	438.648
3310.43	436.648
3310.85	453.148
3311.27	449.148
3311.68	467.648
3312.1	458.648
3312.52	436.648
3312.94	437.648
3313.36	472.648
3313.77	450.648
3314.19	463.648
3314.61	440.648
3315.03	465.148
3315.44	455.648
3315.86	437.148
3316.28	467.148
3316.7	450.148
3317.11	442.648
3317.53	449.148
3317.95	437.648
3318.37	460.648
3318.78	473.648
3319.2	473.148
3319.62	445.148
3320.04	465.148
3320.45	479.648
3320.87	431.648
3321.29	467.648
3321.7	471.648
3322.12	461.148
3322.54	471.648
3322.96	463.148
3323.37	473.648
3323.79	474.648
3324.21	459.648
3324.62	473.148
3325.04	474.648
3325.46	471.648
3325.87	462.648
3326.29	419.648
3326.71	447.648
3327.12	450.648
3327.54	450.648
3327.96	464.648
3328.37	429.648
3328.79	483.648
3329.21	492.148
3329.62	468.148
3330.04	472.648
3330.45	471.648
3330.87	489.648
3331.29	485.148
3331.7	447.648
3332.12	470.148
3332.54	456.648
3332.95	480.648
3333.37	468.148
3333.78	469.648
3334.2	456.148
3334.61	464.453
3335.03	473.285
3335.45	460.316
3335.86	449.008
3336.28	434.187
3336.69	477.367
3337.11	491.185
3337.53	508.247
3337.94	487.983
3338.36	478.189
3338.77	474.325
3339.19	487.303
3339.6	493.231
3340.02	480.015
3340.43	471.165
3340.85	485.517
3341.27	480.929
3341.68	484.565
3342.1	502.721
3342.51	493.876
3342.93	494.085
3343.34	497.51
3343.75	483.445
3344.17	489.287
3344.59	484.52
3345	485.642
3345.42	457.685
3345.83	472.274
3346.25	485.63
3346.66	483.789
3347.07	482.376
3347.49	489.811
3347.9	484.28
3348.32	499.334
3348.73	483.876
3349.15	468.284
3349.56	501.365
3349.98	498.366
3350.39	501.372
3350.8	488.347
3351.22	500.025
3351.63	490.382
3352.05	489.233
3352.46	499.077
3352.88	502.205
3353.29	488.921
3353.71	475.132
3354.12	514.688
3354.53	478.69
3354.95	508.669
3355.36	500.542
3355.78	503.876
3356.19	484.9
3356.6	513.22
3357.02	506.337
3357.43	509.811
3357.84	477.983
3358.26	516.54
3358.67	497.509
3359.09	518.467
3359.5	497.497
3359.91	482.841
3360.33	498.122
3360.74	518.735
3361.15	503.85
3361.57	518.797
3361.98	499.616
3362.39	525.048
3362.81	510.166
3363.22	502.043
3363.63	513.893
3364.05	511.849
3364.46	483.335
3364.87	505.907
3365.29	514.668
3365.7	523.108
3366.11	517.884
3366.52	524.614
3366.94	536.216
3367.35	521.74
3367.76	494.85
3368.18	494.428
3368.59	519.174
3369	510.558
3369.41	512.181
3369.83	523.389
3370.24	530.316
3370.65	523.469
3371.07	511.126
3371.48	497.189
3371.89	553.593
3372.3	534.483
3372.71	547.828
3373.13	517.805
3373.54	515.417
3373.95	547.527
3374.36	511.132
3374.78	531.028
3375.19	513.444
3375.6	533.695
3376.01	520.31
3376.42	545.995
3376.84	521.166
3377.25	529.815
3377.66	508.421
3378.07	525.564
3378.48	524.228
3378.9	509.012
3379.31	524.593
3379.72	510.935
3380.13	537.624
3380.54	553.4
3380.95	535.378
3381.37	544.04
3381.78	541.506
3382.19	544.596
3382.6	528.302
3383.01	539.528
3383.42	547.297
3383.83	548.286
3384.25	540.212
3384.66	538.06
3385.07	554.417
3385.48	550.966
3385.89	519.903
3386.3	555.478
3386.71	551.453
3387.12	562.621
3387.53	523.143
3387.94	551.437
3388.36	523.786
3388.77	546.97
3389.18	501.663
3389.59	543.585
3390	534.858
3390.41	545.111
3390.82	566.949
3391.23	555.12
3391.64	576.993
3392.05	537.365
3392.46	546.635
3392.87	545.804
3393.28	531.407
3393.69	541.937
3394.1	558.794
3394.51	568.68
3394.93	556.957
3395.34	555.642
3395.75	550.422
3396.16	557.227
3396.57	560.457
3396.98	556.308
3397.39	541.257
3397.8	548.453
3398.21	538.077
3398.62	554.255
3399.03	555.449
3399.44	551.818
3399.85	561.728
3400.26	563.183
3400.67	536.091
3401.07	566.008
3401.49	565.457
3401.9	550.305
3402.3	572.277
3402.71	563.612
3403.12	552.814
3403.53	564.617
3403.94	564.084
3404.35	576.542
3404.76	563.354
3405.17	564.843
3405.58	573.891
3405.99	564.065
3406.4	566.825
3406.81	563.3
3407.22	567.941
3407.63	571.542
3408.04	561.604
3408.44	568.105
3408.85	585.845
3409.26	600.532
3409.67	590.876
3410.08	579.753
3410.49	569.668
3410.9	587.49
3411.31	563.766
3411.72	563.114
3412.12	586.964
3412.53	597.282
3412.94	581.544
3413.35	590.082
3413.76	567.709
3414.17	597.886
3414.58	595.445
3414.98	598.25
3415.39	567.296
3415.8	593.344
3416.21	611.653
3416.62	587.049
3417.03	587.662
3417.43	578.779
3417.84	581.985
3418.25	582.355
3418.66	579.76
3419.07	600.742
3419.47	602.369
3419.88	609.409
3420.29	603.103
3420.7	601.397
3421.11	600.063
3421.51	561.392
3421.92	592.892
3422.33	608.704
3422.74	604.468
3423.14	624.945
3423.55	611.835
3423.96	598.526
3424.37	600.947
3424.77	595.05
3425.18	610.274
3425.59	591.156
3426	602.062
3426.41	582.734
3426.81	564.977
3427.22	591.414
3427.63	600.208
3428.03	581.184
3428.44	589.692
3428.85	592.795
3429.26	590.478
3429.66	623.411
3430.07	618.363
3430.48	616.213
3430.88	641.988
3431.29	614.543
3431.7	633.942
3432.1	628.039
3432.51	628.038
3432.92	626.724
3433.33	637.267
3433.73	635.36
3434.14	616.915
3434.54	590.617
3434.95	607.207
3435.36	605.468
3435.76	614.08
3436.17	636.004
3436.58	605.462
3436.98	644.398
3437.39	641.815
3437.8	642.732
3438.2	604.824
3438.61	626.188
3439.02	640.148
3439.42	646.963
3439.83	622.444
3440.23	629.498
3440.64	616.566
3441.04	620.21
3441.45	628.384
3441.86	629.073
3442.26	640.946
3442.67	628.273
3443.07	644.262
3443.48	642.476
3443.89	647.521
3444.29	661.508
3444.7	636.754
3445.1	664.415
3445.51	649.59
3445.92	641.946
3446.32	665.558
3446.72	654.871
3447.13	675.517
3447.54	665.88
3447.94	656.123
3448.35	689.052
3448.75	636.478
3449.16	674.128
3449.56	651.833
3449.97	641.179
3450.37	673.081
3450.78	665.012
3451.18	642.768
3451.59	672.751
3451.99	680.914
3452.4	639.252
3452.8	639.182
3453.21	618.018
3453.61	675.438
3454.02	634.9
3454.42	672.059
3454.83	659.935
3455.23	666.263
3455.64	659.094
3456.04	651.253
3456.45	658.575
3456.85	661.673
3457.25	691.244
3457.52	673.744
3457.93	668.244
3458.34	666.244
3458.75	673.744
3459.17	676.244
3459.58	678.744
3459.99	677.744
3460.4	658.744
3460.81	679.744
3461.22	704.744
3461.63	702.744
3462.04	676.244
3462.45	688.244
3462.86	672.244
3463.28	692.744
3463.69	681.244
3464.1	674.244
3464.51	651.744
3464.92	686.244
3465.33	679.244
3465.74	657.744
3466.15	681.744
3466.56	693.744
3466.97	669.244
3467.38	659.744
3467.79	696.744
3468.2	697.744
3468.61	697.744
3469.02	684.744
3469.43	709.744
3469.84	706.744
3470.25	693.744
3470.66	740.244
3471.07	705.744
3471.48	723.744
3471.89	711.744
3472.3	693.244
3472.71	703.744
3473.12	689.744
3473.53	701.744
3473.94	706.744
3474.35	685.244
3474.76	706.244
3475.17	703.744
3475.58	731.744
3475.99	710.744
3476.4	707.244
3476.81	689.744
3477.22	720.244
3477.63	741.744
3478.04	714.744
3478.45	727.244
3478.86	719.744
3479.27	756.244
3479.68	728.244
3480.09	718.244
3480.5	733.244
3480.91	733.244
3481.31	780.744
3481.72	691.744
3482.13	745.744
3482.54	713.244
3482.95	721.744
3483.36	729.744
3483.77	700.744
3484.18	745.244
3484.59	732.744
3484.99	753.244
3485.4	718.744
3485.81	714.744
3486.22	722.744
3486.63	722.744
3487.04	727.744
3487.45	739.244
3487.86	675.744
3488.26	737.744
3488.67	715.744
3489.08	734.244
3489.49	752.744
3489.9	753.744
3490.31	736.244
3490.72	732.744
3491.12	729.744
3491.53	741.244
3491.94	746.744
3492.35	751.244
3492.76	723.744
3493.16	742.744
3493.57	763.744
3493.98	775.744
3494.39	774.744
3494.8	786.244
3495.2	759.744
3495.61	758.744
3496.02	756.244
3496.43	758.744
3496.83	768.244
3497.24	755.744
3497.65	709.744
3498.06	762.244
3498.47	741.744
3498.87	784.244
3499.28	760.744
3499.69	783.744
3500.1	763.744
3500.5	774.244
3500.91	759.244
3501.32	795.244
3501.73	762.744
3502.13	762.244
3502.54	768.744
3502.95	789.744
3503.36	778.744
3503.76	795.244
3504.17	796.244
3504.58	789.744
3504.98	757.244
3505.39	802.744
3505.8	792.744
3506.2	749.744
3506.61	782.244
3507.02	761.744
3507.43	760.744
3507.83	762.244
3508.24	748.744
3508.65	769.744
3509.05	774.244
3509.46	755.744
3509.87	733.744
3510.27	778.744
3510.68	785.744
3511.08	803.744
3511.49	794.744
3511.9	786.244
3512.3	790.744
3512.71	831.744
3513.12	815.244
3513.52	808.744
3513.93	809.744
3514.33	836.744
3514.74	818.244
3515.15	821.744
3515.55	817.244
3515.96	791.244
3516.37	788.744
3516.77	809.244
3517.18	819.744
3517.58	792.744
3517.99	850.744
3518.39	848.244
3518.8	833.244
3519.21	829.744
3519.61	829.744
3520.02	816.744
3520.42	808.744
3520.83	855.244
3521.23	803.244
3521.64	870.744
3522.05	834.744
3522.45	825.244
3522.86	834.244
3523.26	815.744
3523.67	867.744
3524.07	831.744
3524.48	812.244
3524.88	857.744
3525.29	819.244
3525.69	822.744
3526.1	841.244
3526.5	835.744
3526.91	780.744
3527.31	883.244
3527.72	843.744
3528.12	869.744
3528.53	845.744
3528.93	884.744
3529.34	870.744
3529.74	875.744
3530.15	865.244
3530.55	828.744
3530.96	865.744
3531.36	849.244
3531.77	853.244
3532.17	869.744
3532.58	835.744
3532.98	858.244
3533.38	883.744
3533.79	877.244
3534.19	855.244
3534.6	863.744
3535	855.744
3535.41	863.744
3535.81	845.744
3536.21	834.744
3536.62	907.244
3537.02	880.744
3537.43	870.744
3537.83	852.244
3538.23	851.244
3538.64	877.244
3539.04	889.744
3539.45	876.244
3539.85	860.744
3540.25	869.744
3540.66	897.744
3541.06	877.744
3541.46	910.744
3541.87	914.244
3542.27	914.744
3542.68	919.744
3543.08	891.744
3543.48	913.744
3543.89	882.744
3544.29	895.744
3544.69	874.744
3545.1	890.744
3545.5	921.744
3545.9	886.744
3546.31	911.744
3546.71	863.244
3547.11	904.744
3547.52	909.744
3547.92	887.744
3548.32	904.244
3548.73	887.744
3549.13	894.244
3549.53	933.744
3549.93	918.744
3550.34	915.244
3550.74	918.744
3551.14	923.744
3551.55	922.744
3551.95	962.244
3552.35	913.744
3552.75	918.744
3553.16	911.744
3553.56	913.744
3553.96	916.744
3554.36	920.244
3554.77	903.244
3555.17	919.744
3555.57	904.744
3555.97	913.244
3556.38	943.744
3556.78	945.744
3557.18	946.744
3557.58	928.244
3557.98	944.744
3558.39	917.244
3558.79	925.744
3559.19	949.744
3559.59	915.244
3559.99	951.744
3560.4	941.244
3560.8	955.744
3561.2	950.244
3561.6	956.244
3562.01	927.744
3562.41	901.744
3562.81	919.744
3563.21	936.744
3563.61	950.744
3564.01	907.244
3564.41	922.744
3564.82	982.744
3565.22	960.744
3565.62	982.244
3566.02	942.744
3566.42	950.744
3566.82	948.744
3567.23	944.244
3567.63	997.244
3568.03	971.244
3568.43	960.744
3568.83	945.744
3569.23	953.244
3569.63	922.744
3570.03	964.244
3570.44	956.744
3570.84	949.244
3571.24	973.244
3571.64	964.744
3572.04	952.744
3572.44	929.744
3572.84	946.744
3573.24	931.744
3573.64	974.244
3574.04	967.744
3574.44	937.744
3574.84	980.744
3575.25	998.244
3575.64	959.744
3576.05	975.744
3576.45	957.744
3576.85	948.244
3577.25	999.744
3577.65	956.744
3578.05	919.744
3578.45	974.244
3578.85	974.744
3579.25	974.744
3579.65	977.744
3580.05	958.744
3580.45	978.744
3580.85	984.744
3581.25	885.744
3581.65	944.244
3582.05	947.244
3582.45	960.244
3582.85	960.244
3583.25	982.244
3583.65	968.744
3584.05	979.244
3584.45	987.244
3584.85	966.244
3585.25	962.744
3585.65	968.244
3586.05	946.744
3586.45	984.744
3586.85	933.244
3587.25	947.744
3587.65	962.744
3588.05	956.744
3588.44	938.744
3588.84	946.244
3589.24	964.244
3589.64	948.744
3590.04	901.744
3590.44	946.744
3590.84	959.744
3591.24	920.744
3591.64	924.244
3592.04	941.744
3592.44	963.244
3592.84	964.744
3593.24	991.244
3593.63	1013.24
3594.03	964.744
3594.43	978.244
3594.83	950.744
3595.23	1003.24
3595.63	936.744
3596.03	965.744
3596.43	920.744
3596.82	945.244
3597.22	912.744
3597.62	966.744
3598.02	920.244
3598.42	989.244
3598.82	970.744
3599.21	952.244
3599.61	996.744
3600.01	924.744
3600.41	951.244
3600.81	904.244
3601.21	923.744
3601.6	900.744
3602	960.744
3602.4	917.744
3602.8	945.244
3603.2	919.744
3603.6	912.744
3603.99	938.744
3604.39	938.244
3604.79	917.744
3605.19	890.744
3605.58	923.744
3605.98	910.744
3606.38	877.744
3606.78	909.744
3607.18	934.244
3607.57	926.244
3607.97	924.244
3608.37	932.744
3608.77	887.244
3609.16	930.744
3609.56	890.744
3609.96	876.744
3610.36	899.244
3610.75	904.244
3611.15	866.244
3611.55	911.244
3611.95	841.744
3612.34	901.744
3612.74	925.744
3613.14	877.744
3613.53	885.744
3613.93	851.744
3614.33	876.744
3614.72	874.244
3615.12	870.244
3615.52	877.744
3615.92	843.744
3616.31	853.744
3616.71	860.744
3617.11	800.744
3617.5	881.244
3617.9	842.744
3618.3	888.744
3618.69	832.744
3619.09	808.744
3619.49	812.244
3619.88	802.744
3620.28	816.744
3620.68	823.744
3621.07	817.744
3621.47	817.744
3621.86	804.744
3622.26	800.744
3622.66	830.244
3623.05	819.744
3623.45	787.744
3623.84	800.744
3624.24	764.744
3624.64	779.244
3625.03	763.744
3625.43	806.744
3625.83	781.744
3626.22	799.744
3626.62	786.244
3627.01	771.744
3627.41	781.744
3627.81	801.244
3628.2	755.744
3628.6	736.438
3628.99	742.333
3629.39	754.723
3629.78	760.942
3630.18	748.721
3630.57	718.818
3630.97	754.529
3631.37	760.896
3631.76	726.442
3632.16	717.592
3632.55	750.353
3632.95	716.419
3633.34	728.925
3633.74	667.918
3634.13	703.627
3634.53	717.627
3634.92	681.775
3635.32	725.312
3635.71	686.891
3636.11	693.902
3636.5	666.977
3636.9	680.72
3637.29	689.723
3637.69	673.295
3638.08	679.97
3638.48	646.116
3638.87	657.855
3639.27	661.729
3639.66	650.009
3640.06	661.219
3640.45	640.814
3640.85	654.834
3641.24	614.934
3641.63	628.39
3642.03	652.802
3642.42	641.32
3642.82	661.059
3643.21	640.647
3643.61	608.136
3644	618.561
3644.4	627.641
3644.79	604.6
3645.18	595.37
3645.58	598.954
3645.97	585.677
3646.37	603.663
3646.76	590.078
3647.15	580.935
3647.55	573.101
3647.94	556.131
3648.34	571.909
3648.73	567.346
3649.12	586.707
3649.52	544.94
3649.91	574.771
3650.3	573.286
3650.7	564.871
3651.09	566.277
3651.49	551.348
3651.88	555.959
3652.27	546.584
3652.67	533.973
3653.06	546.979
3653.45	540.419
3653.85	534.646
3654.24	530.381
3654.63	536.008
3655.03	526.645
3655.42	510.914
3655.81	534.99
3656.21	492.76
3656.6	489.75
3656.99	502.743
3657.39	490.216
3657.78	506.664
3658.17	464.779
3658.56	481.02
3658.96	490.256
3659.35	506.717
3659.74	476.597
3660.14	493.538
3660.53	463.74
3660.92	472.247
3661.31	457.048
3661.71	467.707
3662.1	453.374
3662.49	465.433
3662.89	447.32
3663.28	450.72
3663.67	461.304
3664.06	426.102
3664.46	450.448
3664.85	459.199
3665.24	441.365
3665.63	428.05
3666.02	413.099
3666.42	425.675
3666.81	416.924
3667.2	403.981
3667.59	426.302
3667.99	413.634
3668.38	424.973
3668.77	410.141
3669.16	414.324
3669.55	418.08
3669.95	393.094
3670.34	401.773
3670.73	396.27
3671.12	368.262
3671.51	391.433
3671.9	372.595
3672.3	376.587
3672.69	364.086
3673.08	377.194
3673.47	390.162
3673.86	354.647
3674.25	379.84
3674.65	388.109
3675.04	370.521
3675.43	336.79
3675.82	367.05
3676.21	374.098
3676.6	372.267
3676.99	355.695
3677.38	352.47
3677.78	349.351
3678.17	354.385
3678.56	356.04
3678.95	351.819
3679.34	363.118
3679.73	343.32
3680.12	357.698
3680.51	347.788
3680.9	342.559
3681.29	335.14
3681.69	338.026
3682.08	327.646
3682.47	338.391
3682.86	316.304
3683.25	329.852
3683.64	326.052
3684.03	336.507
3684.42	323.021
3684.81	307.537
3685.2	317.21
3685.59	317.357
3685.98	319.982
3686.37	309.493
3686.76	315.566
3687.15	297.077
3687.54	309.236
3687.93	294.226
3688.32	298.032
3688.71	301.871
3689.1	301.299
3689.49	290.171
3689.89	295.745
3690.27	279.241
3690.66	295.485
3691.05	281.023
3691.44	297.497
3691.83	296.928
3692.22	291.414
3692.61	299.059
3693	251.193
3693.39	283.524
3693.78	281.553
3694.17	278.205
3694.56	293.523
3694.95	273.67
3695.34	280.128
3695.73	269.748
3696.12	265.318
3696.51	263.741
3696.9	275.058
3697.29	268.446
3697.68	280.437
3698.07	265.447
3698.46	276.996
3698.85	265.177
3699.24	265.822
3699.62	269.895
3700.01	258.161
3700.4	264.353
3700.79	270.167
3701.18	265.432
3701.57	261.674
3701.96	254.537
3702.35	266.776
3702.74	245.743
3703.12	265.242
3703.51	262.918
3703.9	255.562
3704.29	254.926
3704.68	240.327
3705.07	256.129
3705.46	249.876
3705.85	230.243
3706.23	244.848
3706.62	245.855
3707.01	236.833
3707.4	244.031
3707.79	250.199
3708.18	247.719
3708.57	244.682
3708.95	238.714
3709.34	246.897
3709.73	241.93
3710.12	231.901
3710.51	230.263
3710.89	243.814
3711.28	230.873
3711.67	236.95
3712.06	233.309
3712.45	239.174
3712.83	231.432
3713.22	252.284
3713.61	237.876
3714	242.434
3714.39	220.618
3714.77	235.078
3715.16	223.689
3715.55	239.665
3715.94	230.856
3716.32	215.782
3716.71	217.003
3717.1	234.419
3717.49	223.635
3717.88	224.401
3718.26	216.088
3718.65	225.421
3719.04	215.72
3719.42	212.644
3719.81	217.266
3720.2	216.465
3720.59	221.923
3720.97	221.402
3721.36	213.815
3721.75	209.018
3722.14	225.255
3722.52	219.885
3722.91	212.04
3723.3	210.522
3723.68	225.641
3724.07	217.28
3724.46	229.299
3724.84	236.251
3725.23	215.888
3725.62	216.82
3726	216.12
3726.39	208.628
3726.78	210.521
3727.16	212.243
3727.55	219.605
3727.94	211.801
3728.32	222.414
3728.71	216.164
3729.1	214.399
3729.48	219.033
3729.87	208.734
3730.25	211.08
3730.64	193.443
3731.03	206.897
3731.41	206.947
3731.8	206.122
3732.19	210.298
3732.57	215.445
3732.96	183.23
3733.34	199.031
3733.73	208.291
3734.12	193.994
3734.5	215.163
3734.89	211.639
3735.27	206.847
3735.66	213.429
3736.05	230.624
3736.43	209.511
3736.82	211.82
3737.2	207.338
3737.59	214.617
3737.97	211.407
3738.36	212.641
3738.75	224.263
3739.13	195.547
3739.51	214.968
3739.9	209.191
3740.29	224.187
3740.67	196.683
3741.06	199.836
3741.44	196.528
3741.83	191.811
3742.21	197.111
3742.6	201.7
3742.98	202.102
3743.37	202.825
3743.75	210.765
3744.14	195.003
3744.52	196.643
3744.91	195.437
3745.29	215.876
3745.68	191.418
3745.73	190.418
3746.12	195.418
3746.52	204.918
3746.91	193.418
3747.3	197.418
3747.69	196.918
3748.08	204.918
3748.47	192.418
3748.86	202.918
3749.26	194.418
3749.65	195.418
3750.04	208.418
3750.43	206.418
3750.82	190.418
3751.21	196.418
3751.6	206.918
3751.99	206.918
3752.39	193.418
3752.78	205.418
3753.17	211.418
3753.56	195.418
3753.95	205.418
3754.34	201.918
3754.73	205.918
3755.12	180.418
3755.51	201.418
3755.9	205.418
3756.29	206.918
3756.68	184.918
3757.07	204.918
3757.47	202.918
3757.86	198.418
3758.25	191.918
3758.64	203.918
3759.03	198.418
3759.42	214.918
3759.81	200.418
3760.2	180.918
3760.59	207.418
3760.98	206.418
3761.37	204.418
3761.76	199.418
3762.15	196.918
3762.54	196.418
3762.93	200.918
3763.32	186.918
3763.71	200.418
3764.1	209.418
3764.49	209.918
3764.88	181.418
3765.27	193.918
3765.66	204.418
3766.05	180.418
3766.44	186.418
3766.83	205.918
3767.22	201.418
3767.61	203.918
3768	187.418
3768.39	187.418
3768.77	206.418
3769.16	197.918
3769.55	212.418
3769.94	200.418
3770.33	184.418
3770.72	210.418
3771.11	198.918
3771.5	190.918
3771.89	184.918
3772.28	200.418
3772.67	176.918
3773.06	208.918
3773.45	191.918
3773.84	197.918
3774.23	184.418
3774.61	179.418
3775	199.918
3775.39	186.418
3775.78	201.418
3776.17	197.918
3776.56	182.418
3776.95	192.918
3777.34	197.918
3777.72	202.918
3778.11	194.418
3778.5	186.918
3778.89	202.918
3779.28	207.918
3779.67	193.918
3780.06	210.918
3780.44	190.918
3780.83	196.418
3781.22	204.418
3781.61	195.418
3782	196.418
3782.39	190.418
3782.77	198.918
3783.16	198.918
3783.55	187.418
3783.94	188.418
3784.33	191.418
3784.72	189.418
3785.1	180.418
3785.49	202.418
3785.88	194.418
3786.27	191.918
3786.66	206.418
3787.04	189.918
3787.43	182.418
3787.82	202.418
3788.21	196.418
3788.59	208.418
3788.98	195.418
3789.37	178.918
3789.76	200.418
3790.14	199.418
3790.53	177.418
3790.92	199.418
3791.31	193.918
3791.7	188.918
3792.08	216.918
3792.47	207.418
3792.86	173.418
3793.24	198.918
3793.63	189.418
3794.02	175.418
3794.41	189.418
3794.79	185.418
3795.18	200.418
3795.57	189.418
3795.95	190.418
3796.34	193.918
3796.73	193.418
3797.12	204.918
3797.5	207.418
3797.89	212.418
3798.28	193.418
3798.66	210.418
3799.05	198.418
3799.44	201.418
3799.82	199.918
3800.21	199.918
3800.6	209.418
3800.98	201.418
3801.37	198.918
3801.76	213.418
3802.14	183.418
3802.53	180.918
3802.91	211.418
3803.3	203.418
3803.69	195.418
3804.08	211.418
3804.46	182.418
3804.85	201.918
3805.23	201.418
3805.62	191.918
3806.01	196.418
3806.39	210.918
3806.78	201.418
3807.16	197.918
3807.55	189.418
3807.94	190.418
3808.32	210.418
3808.71	186.918
3809.09	194.418
3809.48	196.418
3809.87	191.918
3810.25	195.418
3810.64	195.418
3811.02	203.418
3811.41	189.418
3811.79	204.418
3812.18	187.418
3812.56	201.918
3812.95	200.418
3813.34	193.918
3813.72	187.418
3814.11	206.418
3814.49	210.418
3814.88	201.418
3815.26	184.918
3815.65	203.918
3816.03	208.918
3816.42	210.918
3816.8	185.418
3817.19	191.418
3817.57	209.918
3817.96	213.418
3818.34	181.418
3818.73	200.418
3819.11	205.418
3819.5	193.418
3819.88	188.918
3820.27	178.418
3820.65	202.418
3821.04	194.918
3821.42	201.418
3821.81	210.418
3822.19	213.418
3822.58	195.418
3822.96	204.418
3823.35	184.418
3823.73	201.418
3824.12	198.418
3824.5	193.418
3824.89	191.418
3825.27	190.418
3825.65	196.918
3826.04	197.418
3826.42	198.918
3826.81	197.918
3827.19	205.418
3827.57	181.918
3827.96	197.918
3828.34	196.418
3828.73	202.418
3829.11	183.418
3829.49	211.418
3829.88	190.418
3830.26	208.418
3830.65	211.918
3831.03	199.918
3831.41	210.418
3831.8	198.918
3832.18	196.918
3832.57	224.418
3832.95	188.418
3833.33	196.418
3833.72	187.418
3834.1	197.418
3834.48	200.418
3834.87	195.418
3835.25	200.418
3835.63	186.418
3836.02	199.418
3836.4	202.418
3836.78	202.918
3837.17	206.418
3837.55	205.418
3837.93	197.918
3838.32	191.918
3838.7	187.418
3839.08	202.418
3839.47	204.418
3839.85	195.418
3840.23	187.918
3840.62	210.418
3841	208.918
3841.38	204.918
3841.77	207.418
3842.15	183.418
3842.53	201.418
3842.91	215.418
3843.3	203.918
3843.68	186.418
3844.06	200.418
3844.44	197.418
3844.83	195.418
3845.21	208.418
3845.59	191.918
3845.97	207.918
3846.36	183.418
3846.74	215.918
3847.12	197.918
3847.5	203.918
3847.89	196.918
3848.27	186.418
3848.65	205.418
3849.03	177.418
3849.42	204.918
3849.8	197.418
3850.18	189.418
3850.56	196.918
3850.95	183.418
3851.33	189.418
3851.71	199.918
3852.09	200.918
3852.47	204.918
3852.85	198.918
3853.24	186.418
3853.62	222.418
3854	191.418
3854.38	225.918
3854.76	208.418
3855.15	206.918
3855.53	201.418
3855.91	214.918
3856.29	203.918
3856.67	220.918
3857.05	199.918
3857.43	196.418
3857.82	204.918
3858.2	210.918
3858.58	201.418
3858.96	202.418
3859.34	213.418
3859.72	201.418
3860.1	186.418
3860.49	186.418
3860.87	191.918
3861.25	183.418
3861.63	206.918
3862.01	193.418
3862.39	202.418
3862.77	192.918
3863.15	225.918
3863.53	209.418
3863.91	203.918
3864.3	201.918
3864.68	199.418
3865.06	192.418
3865.44	197.418
3865.82	199.418
3866.2	198.418
3866.58	189.918
3866.96	207.418
3867.34	214.418
3867.72	204.418
3868.1	192.418
3868.48	193.918
3868.86	193.918
3869.24	177.918
3869.62	200.418
3870	203.418
3870.38	203.918
3870.76	196.418
3871.14	186.418
3871.52	189.418
3871.91	192.418
3872.29	192.918
3872.67	197.918
3873.05	207.918
3873.43	208.918
3873.8	201.418
3874.18	202.918
3874.56	199.418
3874.94	202.418
3875.32	198.418
3875.7	190.418
3876.08	214.918
3876.46	204.418
3876.84	207.918
3877.22	210.418
3877.6	216.918
3877.98	201.418
3878.36	199.418
3878.74	198.418
3879.12	208.418
3879.5	194.418
3879.88	209.418
3880.26	192.418
3880.64	210.418
3881.02	181.418
3881.4	190.418
3881.78	209.418
3882.16	184.418
3882.53	203.918
3882.91	207.918
3883.29	193.418
3883.67	188.918
3884.05	198.418
3884.43	218.418
3884.81	197.918
3885.19	191.418
3885.57	196.418
3885.95	204.418
3886.33	204.418
3886.7	204.418
3887.08	213.918
3887.46	195.418
3887.84	186.918
3888.22	192.418
3888.6	192.918
3888.98	206.418
3889.35	202.418
3889.73	189.918
3890.11	202.418
3890.49	195.418
3890.87	208.918
3891.25	206.918
3891.63	206.418
3892	214.418
3892.38	212.918
3892.76	204.418
3893.14	200.418
3893.52	215.918
3893.89	204.418
3894.27	207.418
3894.65	205.418
3895.03	198.918
3895.41	194.418
3895.79	181.918
3896.16	200.418
3896.54	192.418
3896.92	209.418
3897.3	207.418
3897.67	205.918
3898.05	195.418
3898.43	209.418
3898.81	200.418
3899.18	190.418
3899.56	202.918
3899.94	200.418
