19.9309	1019.51
20.6073	1014.51
21.2836	1059.01
21.9622	1094.51
22.6385	1082.51
23.3147	1161.01
23.9908	1159.51
24.6669	1113.01
25.343	1175.51
26.019	1207.01
26.695	1283.01
27.3709	1297.01
28.0467	1304.01
28.7226	1348.51
29.3983	1396.51
30.0741	1416.51
30.7498	1388.01
31.4254	1401.01
32.101	1423.01
32.7765	1494.51
33.452	1516.01
34.1275	1561.01
34.8029	1584.01
35.4782	1553.51
36.1535	1600.01
36.8265	1624.51
37.5017	1622.01
38.1769	1713.01
38.852	1726.51
39.527	1748.01
40.2021	1719.51
40.877	1727.51
41.552	1776.01
42.2246	1730.01
42.8994	1809.51
43.5742	1836.01
44.2489	1866.01
44.9236	1885.51
45.5983	1951.51
46.2706	1900.51
46.9451	1880.01
47.6196	1917.51
48.2941	1950.01
48.9662	1957.51
49.6406	1984.51
50.3149	2016.01
50.9892	2024.01
51.6611	2022.01
52.3353	2016.51
53.0094	2004.01
53.6812	2068.01
54.3553	2021.51
55.0293	1977.01
55.7009	2022.01
56.3748	1953.01
57.0487	1951.01
57.7202	1933.51
58.3939	2040.01
59.0676	2034.01
59.739	2089.01
60.4126	2155.51
61.0839	2112.51
61.7574	2108.01
62.4309	2159.51
63.1021	2018.01
63.7754	2078.01
64.4465	2059.01
65.1198	2097.01
65.7907	2113.01
66.4639	2119.01
67.1348	2104.01
67.8079	2113.51
68.4787	2106.51
69.1517	2117.01
69.8223	2129.01
70.4953	2089.51
71.1658	2076.01
71.8387	2062.01
72.5092	2155.51
73.1819	2059.01
73.8523	2097.51
74.5249	2077.01
75.1952	2125.01
75.8655	2063.04
76.538	2065.99
77.2081	2071.82
77.8805	2071.76
78.5506	2061.64
79.2206	2118.01
79.8929	2030.51
80.5628	2056.01
81.2327	2087.01
81.9048	2010.01
82.5746	2105.01
83.2444	2082.51
83.9164	2098.51
84.586	2107.01
85.2556	2052.01
85.9252	2140.51
86.597	2034.01
87.2664	2031.01
87.9359	2069.51
88.6052	2015.51
89.2768	2060.51
89.9461	2041.01
90.6154	2036.01
91.2846	2114.51
91.9537	2055.01
92.6251	2076.01
93.2941	2031.01
93.9631	2107.01
94.6321	2039.51
95.301	2073.01
95.9699	2037.01
96.641	2014.01
97.3097	2033.01
97.9785	2029.01
98.6471	2035.01
99.3158	2012.51
99.9844	2011.01
100.653	2017.51
101.321	2020.01
101.99	2044.01
102.658	1987.51
103.327	1968.01
103.995	1973.28
104.663	1965.51
105.331	1987.51
106.002	2057.51
106.67	1997.01
107.338	1991.01
108.004	1950.01
108.672	1961.01
109.34	1975.51
110.008	1915.01
110.675	1930.01
111.343	1881.01
112.011	1954.01
112.679	1900.01
113.346	1954.51
114.014	1929.01
114.682	1999.01
115.349	1892.23
116.017	1894.71
116.682	1900.63
117.349	1897.57
118.016	1882.4
118.684	1900.51
119.351	1830.01
120.018	1873.51
120.685	1835.01
121.35	1807.51
122.017	1857.01
122.684	1805.01
123.351	1809.01
124.016	1793.51
124.683	1763.01
125.35	1818.51
126.016	1852.51
126.681	1787.01
127.348	1849.51
128.014	1814.01
128.681	1855.01
129.345	1825.01
130.012	1739.01
130.678	1837.01
131.342	1810.01
132.009	1757.01
132.675	1774.51
133.339	1784.01
134.005	1762.01
134.671	1720.01
135.335	1691.01
136.001	1688.01
136.665	1719.51
137.331	1717.01
137.997	1747.51
138.661	1742.01
139.327	1771.01
139.99	1685.01
140.656	1717.01
141.319	1682.01
141.985	1737.01
142.651	1730.51
143.314	1745.51
143.98	1693.01
144.643	1668.51
145.308	1600.51
145.971	1593.01
146.634	1711.01
147.3	1624.01
147.963	1651.01
148.628	1643.51
149.291	1639.01
149.956	1707.01
150.619	1625.01
151.284	1627.01
151.947	1695.01
152.609	1554.01
153.274	1557.51
153.937	1599.01
154.599	1596.01
155.264	1602.01
155.927	1640.51
156.589	1583.01
157.254	1637.51
157.916	1616.01
158.578	1580.51
159.243	1572.51
159.905	1574.01
160.567	1577.01
161.231	1589.01
161.893	1575.51
162.555	1571.51
163.217	1546.01
163.882	1565.01
164.543	1585.01
165.205	1586.51
165.867	1562.01
166.531	1541.01
167.193	1490.01
167.854	1505.01
168.516	1478.51
169.178	1517.01
169.839	1530.51
170.503	1567.51
171.164	1547.01
171.826	1562.01
172.487	1486.01
173.148	1496.01
173.809	1512.01
174.47	1527.01
175.132	1514.01
175.793	1558.51
176.454	1481.51
177.117	1451.51
177.778	1470.01
178.439	1508.01
179.1	1492.51
179.761	1495.01
180.421	1521.51
181.082	1499.01
181.743	1490.51
182.403	1451.01
183.064	1516.51
183.725	1495.51
184.385	1471.01
185.045	1504.51
185.706	1479.01
186.364	1493.01
187.024	1505.51
187.685	1508.51
188.345	1466.51
189.005	1467.51
189.665	1481.01
190.325	1518.51
190.985	1464.01
191.645	1472.51
192.305	1499.01
192.963	1472.01
193.623	1486.01
194.283	1478.01
194.942	1484.01
195.602	1526.51
196.26	1510.51
196.919	1515.01
197.579	1492.01
198.238	1492.01
198.898	1469.51
199.555	1528.51
200.214	1521.01
200.874	1468.51
201.533	1485.01
202.19	1491.01
202.849	1489.01
203.509	1472.51
204.165	1489.01
204.825	1496.8
205.484	1491.01
206.14	1480.01
206.799	1449.01
207.458	1476.01
208.115	1486.51
208.774	1520.51
209.432	1457.01
210.089	1500.01
210.748	1506.51
211.404	1543.51
212.063	1519.01
212.721	1506.01
213.377	1500.51
214.036	1516.51
214.692	1546.51
215.35	1508.01
216.007	1525.01
216.665	1489.51
217.321	1505.51
217.979	1522.01
218.635	1499.01
219.293	1501.01
219.949	1521.51
220.607	1505.51
221.263	1474.01
221.921	1543.01
222.576	1540.01
223.234	1506.01
223.889	1496.01
224.545	1526.01
225.203	1458.01
225.858	1495.01
226.516	1504.01
227.171	1489.51
227.826	1525.51
228.484	1497.01
229.139	1488.51
229.794	1468.01
230.451	1553.51
231.106	1527.51
231.761	1524.01
232.419	1517.51
233.074	1524.51
233.728	1533.01
234.386	1568.01
235.04	1561.01
235.695	1535.01
236.35	1578.01
237.007	1606.51
237.661	1629.01
238.316	1611.01
238.97	1602.01
239.625	1578.51
240.281	1596.01
240.936	1592.01
241.59	1548.01
242.244	1571.01
242.899	1562.01
243.553	1590.51
244.209	1611.51
244.863	1606.51
245.517	1627.51
246.171	1521.01
246.825	1621.01
247.479	1630.51
248.133	1671.01
248.787	1550.01
249.441	1638.01
250.095	1610.01
250.748	1612.01
251.404	1558.01
252.058	1654.01
252.711	1653.01
253.365	1637.51
254.019	1637.01
254.672	1678.01
255.325	1564.01
255.979	1553.01
256.632	1703.01
257.283	1678.01
257.936	1685.51
258.589	1640.51
259.243	1639.01
259.896	1641.01
260.549	1668.01
261.202	1631.01
261.855	1603.01
262.508	1677.51
263.16	1687.01
263.813	1679.01
264.464	1702.01
265.116	1690.51
265.769	1704.01
266.422	1691.01
267.074	1748.51
267.727	1728.51
268.377	1679.01
269.03	1683.01
269.682	1753.01
270.334	1717.01
270.987	1767.51
271.637	1738.51
272.289	1760.01
272.941	1777.01
273.591	1771.51
274.243	1788.51
274.895	1736.51
275.547	1726.51
276.197	1766.01
276.849	1786.01
277.501	1747.01
278.151	1793.01
278.802	1805.01
279.454	1800.01
280.104	1815.51
280.755	1798.51
281.407	1856.51
282.056	1805.51
282.708	1802.01
283.357	1861.51
284.008	1807.51
284.66	1838.01
285.309	1837.01
285.96	1798.01
286.609	1831.01
287.26	1830.01
287.909	1814.01
288.561	1776.01
289.209	1831.01
289.86	1858.51
290.509	1895.51
291.16	1927.01
291.809	1867.01
292.46	1820.51
293.108	1853.01
293.759	1872.01
294.408	1840.01
295.056	1811.51
295.707	1868.01
296.355	1827.01
297.006	1795.01
297.654	1763.51
298.302	1774.01
298.953	1790.01
299.601	1854.01
300.251	1828.01
300.899	1877.51
301.547	1861.01
302.197	1863.01
302.845	1921.51
303.493	1974.51
304.141	1949.01
304.791	1921.01
305.439	1935.01
306.086	1991.51
306.736	1977.51
307.384	1916.51
308.032	1873.01
308.679	1959.01
309.329	1959.01
309.976	1961.01
310.624	1911.51
311.271	1901.01
311.918	1788.51
312.566	1929.01
313.215	1947.01
313.862	1989.51
314.509	1953.01
315.156	1964.51
315.803	1954.51
316.451	2076.51
317.097	2003.01
317.747	1978.51
318.393	1992.51
319.04	1951.51
319.687	1984.01
320.334	2016.01
320.981	1988.51
321.627	2027.01
322.274	2027.51
322.92	2035.51
323.567	1967.01
324.213	2044.01
324.86	1920.01
325.506	1904.01
326.153	2059.01
326.799	2047.01
327.445	2019.51
328.091	2020.51
328.738	2000.01
329.384	2021.01
330.03	1971.01
330.676	2038.01
331.322	2020.51
331.968	2079.51
332.611	2065.51
333.257	2041.01
333.903	2043.01
334.549	2095.01
335.195	2147.01
335.84	2014.01
336.486	2047.01
337.129	2068.01
337.775	2086.01
338.421	2143.01
339.066	2080.01
339.711	2092.01
340.355	2123.51
341	2138.51
341.645	2084.51
342.29	2133.01
342.933	2187.51
343.579	2128.01
344.224	2144.01
344.869	2087.01
345.512	2164.01
346.157	2126.51
346.802	2172.01
347.444	2185.51
348.089	2183.51
348.734	2222.51
349.377	2135.01
350.021	2135.01
350.666	2213.01
351.308	2188.01
351.953	2143.51
352.595	2195.51
353.24	2179.01
353.884	2222.01
354.527	2166.51
355.171	2238.51
355.813	2136.01
356.457	2210.51
357.099	2236.01
357.744	2209.01
358.386	2252.01
359.03	2248.01
359.672	2202.51
360.316	2195.51
360.957	2304.51
361.601	2246.51
362.243	2258.01
362.887	2271.51
363.529	2219.01
364.172	2268.01
364.814	2221.01
365.455	2272.51
366.099	2303.01
366.74	2250.51
367.384	2214.01
368.025	2291.51
368.666	2218.51
369.31	2260.51
369.951	2342.51
370.592	2292.01
371.235	2361.51
371.877	2315.01
372.518	2279.51
373.161	2311.51
373.802	2317.01
374.442	2393.01
375.086	2339.51
375.726	2343.01
376.367	2302.01
377.008	2337.51
377.651	2340.51
378.291	2376.51
378.932	2387.01
379.572	2404.51
380.213	2342.01
380.855	2377.51
381.496	2313.01
382.136	2388.51
382.777	2370.51
383.417	2364.01
384.057	2402.51
384.699	2430.01
385.34	2413.01
385.98	2347.01
386.62	2398.51
387.26	2433.01
387.9	2349.01
388.54	2433.62
389.179	2456.01
389.819	2401.51
390.459	2425.01
391.099	2441.01
391.739	2501.01
392.378	2526.51
393.018	2466.01
393.657	2481.01
394.297	2513.01
394.936	2453.01
395.576	2495.01
396.215	2539.51
396.855	2554.51
397.494	2422.01
398.133	2524.01
398.772	2529.01
399.412	2453.01
400.051	2588.51
400.69	2525.01
401.329	2512.51
401.968	2587.51
402.605	2526.51
403.244	2577.51
403.883	2592.01
404.521	2545.51
405.16	2569.01
405.799	2554.01
406.436	2614.51
407.074	2601.01
407.713	2537.51
408.351	2558.01
408.99	2548.01
409.626	2642.51
410.265	2614.51
410.903	2636.51
411.542	2632.51
412.178	2645.01
412.816	2675.51
413.454	2661.21
414.09	2718.01
414.728	2651.51
415.367	2676.51
416.005	2619.01
416.64	2658.01
417.278	2733.51
417.914	2751.01
418.552	2713.01
419.19	2621.01
419.826	2669.01
420.463	2719.01
421.101	2694.01
421.737	2804.01
422.374	2738.01
423.01	2725.51
423.647	2706.51
424.282	2739.01
424.92	2753.51
425.555	2774.01
426.193	2705.01
426.828	2770.01
427.465	2803.51
428.1	2822.51
428.737	2829.01
429.372	2818.01
430.009	2794.01
430.644	2879.51
431.281	2867.01
431.916	2862.01
432.553	2937.51
433.188	2895.01
433.823	2883.01
434.459	2898.51
435.094	2935.01
435.731	2936.01
436.365	2809.01
437	2941.01
437.636	2934.01
438.271	2891.51
438.905	2962.01
439.542	3004.01
440.176	3027.51
440.81	2962.51
441.446	3053.51
442.081	3077.51
442.715	2976.01
443.349	3038.51
443.985	2970.01
444.619	3045.01
445.253	3046.01
445.887	3003.01
446.52	2989.01
447.156	2998.51
447.79	3109.01
448.424	3057.51
449.058	2995.01
449.691	3092.01
450.327	3110.01
450.961	3044.01
451.594	3144.01
452.227	3101.01
452.861	3134.01
453.494	3078.51
454.128	3161.01
454.761	3154.01
455.394	3150.51
456.029	3071.01
456.663	3101.01
457.296	3143.51
457.929	3186.01
458.562	3137.51
459.195	3136.01
459.828	3221.01
460.461	3140.51
461.094	3216.51
461.726	3169.01
462.359	3178.01
462.992	3250.51
463.625	3102.01
464.257	3276.01
464.89	3102.01
465.52	3200.51
466.153	3191.51
466.785	3162.01
467.418	3218.01
468.05	3220.01
468.682	3217.51
469.315	3224.01
469.947	3205.51
470.579	3156.01
471.209	3210.01
471.841	3242.51
472.473	3243.01
473.105	3210.51
473.737	3066.51
474.367	3229.51
474.999	3258.01
475.631	3243.51
476.263	3337.51
476.892	3201.01
477.524	3200.01
478.156	3233.01
478.788	3199.01
479.417	3117.51
480.049	3247.01
480.68	3262.51
481.31	3252.51
481.941	3269.01
482.572	3270.51
483.202	3320.51
483.833	3286.01
484.464	3204.01
485.093	3205.01
485.725	3230.51
486.356	3317.34
486.985	3213.18
487.616	3217.42
488.245	3253.5
488.876	3237.47
489.507	3169.16
490.135	3198.23
490.766	3175.74
491.395	3194.51
492.026	3249.39
492.654	3150.21
493.285	3151.81
493.913	3118.91
494.544	3177.12
495.172	3186.05
495.803	3100.77
496.431	3121.08
497.062	3095.36
497.69	3054.13
498.318	3037.31
498.949	2945.48
499.577	2976.1
500.207	2985.01
500.835	2947.35
501.463	2864.92
502.093	2762.8
502.721	2885.39
503.349	2822.72
503.979	2751.44
504.607	2805.85
505.234	2734.71
505.864	2684.48
506.492	2646.5
507.119	2632.92
507.749	2598.25
508.377	2576.43
509.004	2446.74
509.632	2542.44
510.261	2472.86
510.889	2464.56
511.516	2462.68
512.143	2366.04
512.77	2376.19
513.4	2285.37
514.027	2296.05
514.654	2262.1
515.281	2280.48
515.908	2214.47
516.537	2204.58
517.164	2089.25
517.791	2071.03
518.418	2101.85
519.045	2069.6
519.672	2027.93
520.298	2018.08
520.925	1985.24
521.552	1955.85
522.178	1922.41
522.805	1907.66
523.431	1869.44
524.058	1830.27
524.686	1835.58
525.313	1799.45
525.939	1783.49
526.565	1743.1
527.19	1679.33
527.816	1690.85
528.442	1694.16
529.068	1684.87
529.694	1631.41
530.32	1622.12
530.946	1594.67
531.572	1563.87
532.198	1524.96
532.824	1570.58
533.45	1553.3
534.076	1501.26
534.699	1483.38
535.325	1507.01
535.951	1475.56
536.577	1462.27
537.202	1457.45
537.828	1423.57
538.451	1398.33
539.077	1414.81
539.702	1407.94
540.327	1374.24
540.953	1377.23
541.576	1355.93
542.201	1337.86
542.826	1300.13
543.452	1312.46
544.075	1355.55
544.7	1329.9
545.325	1325.43
545.948	1315.88
546.573	1306.67
547.198	1233.13
547.82	1246.28
548.445	1275.64
549.07	1210.42
549.693	1226.35
550.317	1231.52
550.94	1212.95
551.565	1228.65
552.189	1264
552.812	1232.85
553.436	1236.02
554.058	1217.29
554.683	1188.84
555.305	1236.19
555.93	1242.12
556.554	1260.25
557.176	1249.42
557.8	1245.36
558.422	1215.91
559.046	1226.78
559.668	1224.73
560.29	1262.83
560.914	1225.25
561.536	1267.2
562.16	1279.86
562.782	1265.56
563.406	1258.81
564.027	1247.92
564.649	1256.3
565.273	1304.58
565.894	1273.8
566.518	1245.23
567.139	1277.52
567.761	1212
568.384	1276.12
569.006	1257.93
569.627	1242.51
570.25	1278.42
570.872	1291.72
571.493	1275.64
572.114	1273.03
572.737	1268.24
573.358	1279.19
573.979	1295.97
574.6	1272.53
575.223	1276.02
575.844	1300.59
576.465	1252.5
577.086	1272.76
577.707	1271.92
578.33	1267.4
578.95	1268.02
579.571	1236.61
580.191	1267.39
580.812	1257.32
581.433	1212.92
582.053	1229.67
582.676	1242.48
583.296	1203.25
583.916	1211.01
584.537	1224.98
585.157	1205.88
585.777	1195.5
586.397	1220.16
587.018	1217.11
587.638	1206.59
588.258	1168.68
588.878	1179.46
589.498	1162.6
590.118	1171.91
590.738	1190.78
591.357	1163.18
591.977	1181.35
592.597	1170.3
593.217	1130.84
593.836	1168.86
594.456	1144.45
595.076	1125.89
595.695	1131.27
596.313	1120.42
596.932	1127.43
597.552	1101.17
598.171	1100.41
598.79	1111.32
599.41	1084.86
600.029	1067.94
600.646	1082.06
601.265	1061.63
601.885	1048.92
602.504	1021.59
603.123	1050.45
603.74	1045.03
604.359	1022.15
604.978	863.09
605.597	984.33
606.213	1005.38
606.832	988.828
607.451	958.759
608.068	980.227
608.686	960.88
609.305	958.03
609.924	948.908
610.54	941.062
611.159	931.3
611.775	894.219
612.393	905.763
613.012	916.106
613.628	908.541
614.246	893.111
614.865	873.363
615.481	874.42
616.099	877.77
616.715	872.445
617.333	875.014
617.949	830.562
618.567	825.602
619.183	835.206
619.801	842.155
620.417	807.851
621.035	828.823
621.651	800.261
622.268	812.144
622.884	744.369
623.502	788.184
624.117	783.131
624.735	774.85
625.351	756.07
625.968	737.359
626.584	740.07
627.199	751.018
627.816	758.4
628.432	753.369
629.047	719.607
629.664	749.483
630.279	719.483
630.897	745.453
631.512	750.794
632.127	699.551
632.742	736.357
633.359	719.751
633.974	683.225
634.589	707.448
635.206	686.339
635.82	684.449
636.435	697.763
637.05	683.565
637.667	675.165
638.281	685.02
638.896	684.029
639.51	688.151
640.125	673.804
640.741	681.9
641.356	671.21
641.97	697.869
642.585	683.899
643.199	658.307
643.813	648.899
644.427	663.257
645.042	655.496
645.658	628.518
646.272	638.865
646.886	641.413
647.5	630.689
648.114	622.694
648.728	633.48
649.342	627.344
649.956	625.046
650.57	628.092
651.183	619.422
651.797	610.237
652.411	617.493
653.024	631.643
653.638	599.759
654.252	630.813
654.865	612.182
655.479	621.688
656.092	642.414
656.706	626.048
657.319	613.602
657.93	580.473
658.543	601.319
659.157	582.22
659.77	599.24
660.383	598.186
660.996	595.169
661.609	584.474
662.22	580.626
662.833	610.109
663.446	598.396
664.059	602.011
664.672	600.507
665.283	588.111
665.896	599.738
666.508	580.332
667.121	595.526
667.732	588.736
668.344	581.288
668.957	586.425
669.57	574.512
670.18	592.878
670.792	601.796
671.405	583.403
672.015	587.458
672.628	601.365
673.24	591.016
673.85	588.738
673.99	581.238
674.608	589.738
675.229	569.238
675.848	567.238
676.469	565.238
677.087	580.238
677.708	568.238
678.326	560.238
678.945	564.238
679.565	568.738
680.183	590.738
680.804	574.738
681.422	577.238
682.04	569.238
682.661	589.238
683.279	560.238
683.897	566.238
684.517	540.738
685.135	587.238
685.753	541.238
686.373	584.238
686.991	532.738
687.609	535.238
688.229	533.238
688.846	546.238
689.464	537.238
690.082	558.238
690.702	535.738
691.319	557.238
691.937	561.238
692.554	547.238
693.172	568.738
693.791	547.238
694.409	585.238
695.026	569.738
695.643	566.738
696.261	571.238
696.878	576.738
697.497	567.238
698.114	565.738
698.731	538.238
699.349	555.738
699.966	539.238
700.583	546.238
701.199	548.238
701.816	541.238
702.433	543.738
703.05	565.238
703.667	568.238
704.286	524.238
704.902	568.738
705.519	545.738
706.136	540.238
706.752	556.238
707.369	520.238
707.985	550.238
708.602	545.238
709.216	556.238
709.832	567.238
710.449	512.238
711.065	540.238
711.681	543.738
712.297	543.238
712.914	543.738
713.53	523.238
714.146	563.238
714.762	546.738
715.378	512.238
715.992	546.238
716.608	521.238
717.224	542.738
717.839	526.738
718.455	549.738
719.071	547.238
719.685	539.238
720.3	520.238
720.916	538.238
721.531	528.738
722.147	547.238
722.76	515.238
723.376	537.738
723.991	556.738
724.607	550.738
725.22	554.738
725.835	519.238
726.451	520.738
727.064	505.238
727.679	563.238
728.294	560.238
728.907	533.238
729.522	529.238
730.137	545.238
730.75	534.238
731.365	558.238
731.98	536.238
732.593	532.238
733.208	541.738
733.82	515.238
734.435	542.238
735.047	520.238
735.662	542.738
736.277	548.238
736.889	531.238
737.504	537.738
738.116	543.238
738.731	546.238
739.343	557.238
739.957	540.238
740.57	552.238
741.184	540.238
741.796	544.238
742.41	541.738
743.022	528.238
743.636	548.738
744.248	559.738
744.86	519.238
745.474	535.238
746.086	538.238
746.7	519.238
747.312	538.104
747.924	528.238
748.538	526.238
749.149	533.738
749.761	523.238
750.375	527.738
750.986	516.238
751.598	513.738
752.211	532.738
752.823	545.238
753.434	526.238
754.047	515.738
754.659	538.738
755.27	535.238
755.881	551.238
756.495	550.238
757.106	540.238
757.717	534.738
758.328	548.738
758.939	548.738
759.552	530.238
760.163	536.238
760.774	546.238
761.385	537.238
761.995	533.738
762.608	532.238
763.219	547.738
763.83	545.409
764.44	539.738
765.051	563.738
765.662	542.738
766.272	526.738
766.883	520.238
767.493	548.238
768.104	548.738
768.714	546.738
769.326	559.738
769.937	537.238
770.547	565.238
771.157	540.738
771.767	555.738
772.377	555.238
772.988	567.738
773.598	552.238
774.208	535.238
774.818	576.738
775.425	555.238
776.035	559.238
776.645	546.738
777.255	571.238
777.865	586.238
778.475	541.238
779.084	568.738
779.694	534.238
780.304	567.238
780.913	554.238
781.521	556.238
782.13	548.738
782.739	561.238
783.349	558.738
783.958	564.238
784.568	583.238
785.175	566.738
785.784	555.738
786.393	530.238
787.002	550.238
787.612	553.738
788.219	585.238
788.828	572.738
789.437	550.738
790.044	541.238
790.652	548.238
791.261	579.238
791.87	551.738
792.477	581.238
793.086	551.238
793.694	548.238
794.301	557.738
794.91	555.738
795.518	562.238
796.125	589.238
796.733	570.238
797.34	554.238
797.948	553.738
798.557	540.238
799.163	543.238
799.771	536.238
800.377	551.238
800.986	560.238
801.592	551.238
802.2	553.238
802.808	563.738
803.414	551.238
804.022	547.238
804.628	530.238
805.236	515.238
805.842	542.238
806.448	547.238
807.056	520.238
807.661	521.738
808.269	524.238
808.875	533.238
809.482	516.238
810.088	533.238
810.694	517.738
811.301	527.238
811.907	505.238
812.514	516.738
813.119	507.238
813.725	498.238
814.332	504.238
814.937	503.738
815.543	527.738
816.15	495.738
816.755	495.238
817.36	496.238
817.967	486.238
818.572	488.238
819.177	483.238
819.782	502.238
820.389	449.738
820.994	452.238
821.599	492.238
822.204	467.238
822.81	475.238
823.415	443.238
824.02	455.238
824.624	456.238
825.229	455.238
825.833	440.238
826.44	439.238
827.045	423.238
827.649	432.738
828.253	418.238
828.858	431.238
829.462	428.738
830.066	423.238
830.67	408.738
831.277	396.738
831.881	407.238
832.485	399.738
833.089	394.738
833.693	373.238
834.297	391.238
834.901	375.738
835.505	370.738
836.109	376.238
836.713	375.238
837.316	380.738
837.92	367.238
838.524	355.738
839.128	349.738
839.731	344.238
840.335	343.738
840.936	349.238
841.54	340.238
842.143	318.238
842.747	325.738
843.35	342.738
843.953	326.238
844.557	333.738
845.16	329.738
845.763	333.238
846.364	333.238
846.967	325.738
847.571	309.238
848.174	302.238
848.777	311.738
849.378	298.238
849.981	310.238
850.583	316.238
851.186	316.738
851.787	312.738
852.39	316.738
852.993	306.738
853.595	306.738
854.196	308.238
854.799	321.738
855.401	318.738
856.002	270.738
856.604	288.238
857.207	295.738
857.807	302.238
858.41	321.238
859.012	307.238
859.612	312.738
860.214	302.238
860.817	292.738
861.417	294.238
862.019	289.238
862.619	325.238
863.221	281.738
863.821	276.738
864.423	297.738
865.025	303.238
865.625	289.238
866.227	302.238
866.827	287.738
867.429	292.738
868.028	293.238
868.63	290.738
869.23	306.238
869.831	305.738
870.431	273.238
871.03	303.738
871.632	310.238
872.231	294.738
872.833	274.238
873.432	289.238
874.034	304.238
874.633	293.238
875.232	296.738
875.833	298.238
876.432	295.738
877.032	301.238
877.633	294.238
878.232	298.238
878.831	299.238
879.432	310.738
880.031	303.738
880.63	309.238
881.231	284.738
881.829	307.238
882.428	294.238
883.027	286.738
883.628	295.238
884.226	284.738
884.825	299.238
885.423	295.238
886.022	312.238
886.623	295.238
887.221	293.738
887.819	304.238
888.418	310.738
889.016	292.738
889.614	314.738
890.215	302.738
890.813	288.238
891.411	313.738
892.009	301.238
892.607	313.238
893.206	303.238
893.804	303.738
894.401	296.738
894.999	309.238
895.597	301.238
896.195	302.738
896.793	303.238
897.391	284.738
897.989	306.238
898.586	301.238
899.184	313.738
899.782	301.238
900.379	300.738
900.977	290.238
901.574	305.238
902.172	309.238
902.769	296.238
903.367	302.738
903.964	328.738
904.561	304.238
905.159	312.738
905.756	296.238
906.351	304.738
906.948	301.738
907.545	319.738
908.143	301.238
908.74	313.238
909.337	308.238
909.934	292.238
910.528	311.238
911.125	312.738
911.722	307.738
912.319	325.238
912.914	305.238
913.51	310.238
914.107	330.238
914.704	333.238
915.298	336.738
915.895	340.738
916.492	324.738
917.088	324.738
917.683	316.738
918.279	335.738
918.875	309.738
919.47	315.238
920.066	319.238
920.66	327.738
921.256	330.738
921.853	339.238
922.447	327.738
923.043	356.238
923.639	326.738
924.233	330.238
924.829	352.238
925.423	353.238
926.019	326.238
926.613	333.738
927.209	351.238
927.802	349.738
928.398	334.238
928.992	361.738
929.588	348.055
930.181	333.036
930.777	354.905
931.37	361.267
931.966	348.608
932.559	370.203
933.155	364.053
933.748	362.83
934.341	373.934
934.937	366.873
935.53	379.698
936.125	381.651
936.719	374.536
937.312	394.295
937.907	380.734
938.5	386.66
939.093	392.332
939.688	394.612
940.281	374.008
940.874	393.837
941.469	394.719
942.062	399.678
942.654	413.654
943.247	407.288
943.842	399.07
944.435	392.237
945.027	414.564
945.62	399.768
946.215	408.082
946.807	409.982
947.4	404.509
947.992	413.412
948.584	403.62
949.179	414.971
949.771	424.755
950.364	433.99
950.956	435.809
951.548	451.764
952.14	458.127
952.732	451.733
953.325	442.285
953.919	451.271
954.511	454.871
955.103	457.748
955.695	454.69
956.287	445.592
956.878	451.644
957.47	465.695
958.062	474.98
958.654	474.89
959.246	472.267
959.837	502.261
960.429	457.488
961.021	479.647
961.612	481.875
962.204	490.664
962.795	483.886
963.387	474.037
963.978	490.792
964.567	502.628
965.159	497.962
965.75	495.658
966.341	527.035
966.933	520.564
967.524	510.06
968.115	514.341
968.706	514.265
969.295	515.051
969.886	530.862
970.477	538.953
971.068	519.332
971.659	528.816
972.248	533.03
972.839	546.094
973.43	527.717
974.02	536.823
974.609	525.878
975.2	534.529
975.79	536.982
976.381	554.676
976.969	554.799
977.56	554.463
978.151	568.616
978.739	562.992
979.329	558.438
979.92	565.181
980.508	561.715
981.098	559.273
981.689	555.907
982.277	591.06
982.867	578.646
983.455	587.233
984.045	576.331
984.635	583.682
985.223	588.589
985.813	584.897
986.401	590.526
986.991	571.227
987.579	593.219
988.169	582.886
988.757	609.088
989.347	603.5
989.934	588.36
990.524	586.412
991.112	587.836
991.701	598.989
992.289	603.4
992.878	598.77
993.466	582.939
994.053	628.246
994.643	614.523
995.23	610.165
995.82	620.794
996.407	613.946
996.994	603.709
997.583	624.874
998.17	605.159
998.758	617.157
999.347	618.51
999.934	618.227
1000.52	627.329
1001.11	624.753
1001.7	624.482
1002.28	636.49
1002.87	646.579
1003.46	658.57
1004.05	610.3
1004.63	641.053
1005.22	628.561
1005.81	638.709
1006.4	625.517
1006.98	643.773
1007.57	643.557
1008.15	637.667
1008.74	634.737
1009.33	654.23
1009.92	634.301
1010.5	639.086
1011.09	656.048
1011.68	648.375
1012.26	658.39
1012.85	660.494
1013.43	643.631
1014.02	685.44
1014.61	657.812
1015.19	648.36
1015.78	644.486
1016.37	628.376
1016.95	656.398
1017.54	657.696
1018.12	629.488
1018.71	661.301
1019.3	661.464
1019.88	632.318
1020.47	655.916
1021.05	661.279
1021.64	656.845
1022.22	681.867
1022.81	661.657
1023.39	651.594
1023.98	648.636
1024.56	650.762
1025.15	659.632
1025.74	673.924
1026.32	666.826
1026.91	683.881
1027.49	687.879
1028.07	668.351
1028.66	683.406
1029.24	671.369
1029.83	647.751
1030.42	664.313
1031	675.593
1031.58	651.742
1032.17	692.428
1032.75	696.489
1033.34	678.474
1033.92	664.395
1034.51	691.113
1035.09	682.742
1035.67	694.67
1036.26	698.11
1036.84	672.247
1037.43	690.431
1038.01	692.11
1038.59	701.332
1039.18	673.529
1039.76	677.505
1040.35	684.017
1040.93	701.287
1041.51	682.518
1042.1	691.555
1042.68	692.825
1043.26	684.01
1043.85	675.846
1044.43	693.995
1045.01	707.1
1045.6	696.984
1046.18	706.486
1046.76	698.861
1047.34	709.94
1047.93	681.5
1048.51	696.667
1049.09	704.841
1049.68	714.035
1050.26	734.229
1050.84	701.596
1051.43	713.755
1052.01	729.669
1052.59	711.127
1053.17	733.385
1053.75	732.762
1054.34	741.341
1054.92	727.691
1055.5	726.015
1056.08	745.357
1056.67	732.486
1057.25	749.609
1057.83	700.703
1058.41	730.678
1058.99	717.087
1059.58	730.617
1060.16	711.046
1060.74	741.995
1061.32	708.3
1061.9	734.404
1062.48	714.176
1063.06	736.675
1063.65	750.981
1064.23	745.289
1064.81	731.029
1065.39	762.836
1065.97	755.189
1066.55	752.091
1067.13	737.445
1067.72	769.057
1068.3	798.462
1068.88	775.982
1069.46	770.055
1070.04	769.165
1070.62	763.554
1071.2	805.294
1071.78	800.059
1072.36	793.121
1072.94	802.981
1073.52	787.08
1074.1	790.288
1074.68	793.928
1075.26	793.16
1075.84	794.828
1076.42	791.981
1077	822.066
1077.58	825.261
1078.16	820.892
1078.74	818.967
1079.32	804.781
1079.9	798.542
1080.48	817.354
1081.06	813.142
1081.64	835.434
1082.22	797.461
1082.8	811.262
1083.38	795.417
1083.96	812.228
1084.54	814.483
1085.12	840.154
1085.7	807.954
1086.28	836.22
1086.86	850.21
1087.43	852.774
1088.01	844.243
1088.59	848.34
1089.17	862.902
1089.75	847.615
1090.33	836.333
1090.91	843.862
1091.49	846.273
1092.06	826.885
1092.64	833.365
1093.22	851.368
1093.8	852.16
1094.38	833.931
1094.96	849.631
1095.53	866.387
1096.11	849.885
1096.69	843.464
1097.27	861.328
1097.85	834.926
1098.42	850.27
1099	866.516
1099.58	856.523
1100.16	860.348
1100.74	851.039
1101.31	832.774
1101.89	868.32
1102.47	873.793
1103.05	849.014
1103.62	833.725
1104.2	819.73
1104.78	858.654
1105.16	868.654
1105.75	875.154
1106.33	841.154
1106.92	879.654
1107.5	843.154
1108.09	853.154
1108.67	827.654
1109.26	851.654
1109.84	845.654
1110.43	823.654
1111.01	829.154
1111.6	836.654
1112.18	845.654
1112.76	826.654
1113.35	855.154
1113.93	861.154
1114.52	849.654
1115.1	822.154
1115.69	799.654
1116.27	818.154
1116.86	775.654
1117.44	852.654
1118.02	821.154
1118.61	836.654
1119.19	842.654
1119.78	804.654
1120.36	814.154
1120.94	800.654
1121.53	832.154
1122.11	816.154
1122.69	797.154
1123.28	828.154
1123.86	797.154
1124.45	814.654
1125.03	793.654
1125.61	838.654
1126.2	810.654
1126.78	794.654
1127.36	805.654
1127.95	818.154
1128.53	771.654
1129.11	805.654
1129.69	810.654
1130.28	772.654
1130.86	829.654
1131.44	784.654
1132.03	789.654
1132.61	794.654
1133.19	764.654
1133.77	770.654
1134.36	770.654
1134.94	787.654
1135.52	809.654
1136.1	751.154
1136.69	780.154
1137.27	745.154
1137.85	788.654
1138.43	767.154
1139.02	739.154
1139.6	731.654
1140.18	770.154
1140.76	748.154
1141.34	753.654
1141.92	726.654
1142.51	691.654
1143.09	723.654
1143.67	763.154
1144.25	757.154
1144.83	756.654
1145.41	698.154
1146	705.654
1146.58	714.654
1147.16	706.654
1147.74	695.654
1148.32	713.654
1148.9	724.154
1149.48	702.654
1150.06	703.654
1150.65	706.654
1151.23	714.654
1151.81	693.154
1152.39	698.654
1152.97	673.654
1153.55	694.154
1154.13	694.154
1154.71	681.154
1155.29	666.654
1155.87	677.654
1156.45	656.654
1157.03	685.154
1157.61	672.654
1158.19	675.654
1158.77	658.654
1159.35	633.654
1159.93	671.154
1160.51	641.154
1161.09	657.154
1161.67	619.654
1162.25	626.154
1162.83	636.654
1163.41	650.154
1163.99	647.654
1164.57	642.154
1165.15	610.654
1165.73	619.654
1166.31	625.154
1166.89	615.654
1167.47	598.654
1168.05	612.154
1168.63	609.154
1169.21	618.654
1169.79	611.654
1170.36	593.654
1170.94	608.154
1171.52	593.154
1172.1	570.154
1172.68	560.654
1173.26	560.654
1173.84	542.154
1174.42	551.154
1175	544.654
1175.57	546.154
1176.15	572.654
1176.73	542.654
1177.31	556.154
1177.89	509.154
1178.47	514.154
1179.04	501.154
1179.62	508.654
1180.2	525.154
1180.78	525.154
1181.36	514.154
1181.94	515.654
1182.51	517.654
1183.09	528.654
1183.67	499.654
1184.24	525.654
1184.82	533.154
1185.4	493.654
1185.98	503.154
1186.56	516.654
1187.13	495.654
1187.71	502.154
1188.29	482.654
1188.86	498.154
1189.44	467.154
1190.02	467.154
1190.6	487.154
1191.17	464.154
1191.75	467.154
1192.33	459.154
1192.91	448.154
1193.48	468.154
1194.06	455.654
1194.63	437.654
1195.21	443.654
1195.79	444.654
1196.36	431.654
1196.94	452.654
1197.52	422.654
1198.09	440.154
1198.67	438.654
1199.25	437.654
1199.82	439.654
1200.4	402.654
1200.98	430.154
1201.55	424.654
1202.13	407.654
1202.7	411.654
1203.28	399.654
1203.85	406.654
1204.43	385.654
1205.01	387.654
1205.58	391.154
1206.16	398.154
1206.73	388.654
1207.31	377.654
1207.88	369.654
1208.46	370.654
1209.03	359.654
1209.61	367.154
1210.18	371.154
1210.76	381.654
1211.34	358.654
1211.91	367.654
1212.48	366.154
1213.06	361.654
1213.63	371.154
1214.21	365.654
1214.79	368.154
1215.36	344.654
1215.93	360.654
1216.51	358.154
1217.08	338.654
1217.66	335.654
1218.23	332.654
1218.81	328.654
1219.38	321.654
1219.95	338.654
1220.53	323.654
1221.1	317.654
1221.68	333.154
1222.25	320.654
1222.83	308.154
1223.4	306.654
1223.97	318.154
1224.55	299.154
1225.12	299.654
1225.69	303.154
1226.27	295.654
1226.84	322.154
1227.42	291.154
1227.99	288.154
1228.56	298.154
1229.14	287.154
1229.71	270.654
1230.28	286.154
1230.86	299.654
1231.43	289.654
1232	299.154
1232.57	274.654
1233.15	279.154
1233.72	284.654
1234.29	277.154
1234.87	292.154
1235.44	263.654
1236.01	276.654
1236.58	266.654
1237.16	270.654
1237.73	260.154
1238.3	265.654
1238.87	267.654
1239.45	273.654
1240.02	277.154
1240.59	258.154
1241.16	281.654
1241.73	254.654
1242.31	274.654
1242.88	255.654
1243.45	274.654
1244.02	275.654
1244.59	257.154
1245.17	257.654
1245.74	259.654
1246.31	257.654
1246.88	265.654
1247.45	265.154
1248.03	249.654
1248.6	249.654
1249.17	270.654
1249.74	239.654
1250.31	268.154
1250.88	227.654
1251.45	250.654
1252.02	248.654
1252.6	249.654
1253.17	243.654
1253.74	251.654
1254.31	239.654
1254.88	260.154
1255.45	250.154
1256.02	238.154
1256.59	258.154
1257.16	229.654
1257.73	237.654
1258.3	240.654
1258.87	247.154
1259.44	249.654
1260.01	251.654
1260.58	249.654
1261.16	246.654
1261.73	248.154
1262.3	247.154
1262.87	239.654
1263.43	237.654
1264.01	256.654
1264.58	249.654
1265.15	247.654
1265.72	214.654
1266.28	245.654
1266.85	246.654
1267.42	236.654
1267.99	248.154
1268.56	240.154
1269.13	243.654
1269.7	241.154
1270.27	237.654
1270.84	238.654
1271.41	229.154
1271.98	236.154
1272.55	234.654
1273.12	246.654
1273.69	238.654
1274.26	243.654
1274.82	243.654
1275.39	242.154
1275.96	246.654
1276.53	242.654
1277.1	236.154
1277.67	237.154
1278.24	230.654
1278.81	233.154
1279.38	226.654
1279.94	243.654
1280.51	224.654
1281.08	218.654
1281.65	232.154
1282.22	242.654
1282.78	211.654
1283.35	224.654
1283.92	201.654
1284.49	231.654
1285.05	243.654
1285.62	232.654
1286.19	242.654
1286.76	228.654
1287.33	238.154
1287.9	237.654
1288.46	224.654
1289.03	238.154
1289.6	248.654
1290.16	239.654
1290.73	239.154
1291.3	251.654
1291.87	231.654
1292.43	233.654
1293	228.154
1293.57	241.154
1294.13	243.154
1294.7	228.654
1295.27	236.654
1295.84	240.654
1296.4	238.154
1296.97	258.654
1297.54	228.654
1298.1	236.654
1298.67	238.654
1299.24	233.654
1299.8	229.154
1300.37	237.154
1300.94	235.654
1301.5	231.654
1302.07	239.154
1302.64	237.654
1303.2	241.654
1303.77	245.154
1304.33	232.654
1304.9	225.654
1305.46	228.654
1306.03	236.154
1306.6	241.654
1307.16	248.654
1307.73	241.654
1308.29	234.654
1308.86	230.654
1309.43	224.654
1309.99	238.654
1310.56	241.154
1311.12	212.654
1311.69	249.154
1312.25	245.654
1312.82	239.154
1313.38	245.154
1313.95	240.654
1314.51	247.154
1315.08	242.154
1315.64	226.654
1316.21	225.654
1316.77	240.654
1317.34	229.654
1317.9	237.654
1318.47	237.654
1319.03	236.654
1319.6	237.654
1320.16	248.154
1320.72	235.654
1321.29	227.654
1321.85	244.654
1322.42	249.154
1322.98	232.654
1323.55	245.154
1324.11	232.654
1324.67	244.154
1325.24	237.654
1325.8	238.654
1326.37	229.154
1326.93	234.654
1327.49	228.654
1328.06	245.654
1328.62	226.654
1329.19	237.154
1329.75	239.154
1330.31	237.654
1330.88	230.654
1331.44	228.154
1332	232.654
1332.56	230.654
1333.13	235.654
1333.69	223.654
1334.25	220.654
1334.82	246.654
1335.38	231.654
1335.94	229.654
1336.51	229.654
1337.07	243.654
1337.63	246.154
1338.2	239.154
1338.76	235.154
1339.32	240.654
1339.88	225.654
1340.45	264.654
1341.01	232.654
1341.57	241.154
1342.13	238.154
1342.7	239.654
1343.26	236.654
1343.82	238.654
1344.38	239.654
1344.95	238.654
1345.51	234.654
1346.07	227.154
1346.63	232.654
1347.19	219.654
1347.75	235.654
1348.32	226.154
1348.88	228.154
1349.44	233.154
1350	233.654
1350.56	237.654
1351.12	234.154
1351.69	225.654
1352.25	247.154
1352.81	247.654
1353.37	223.154
1353.93	234.154
1354.49	232.654
1355.05	237.654
1355.61	265.654
1356.18	243.654
1356.74	254.654
1357.3	254.154
1357.86	228.654
1358.42	233.654
1358.98	250.654
1359.54	246.654
1360.1	243.654
1360.66	223.654
1361.22	236.154
1361.78	231.654
1362.34	223.654
1362.9	241.654
1363.46	250.654
1364.02	231.154
1364.58	234.654
1365.14	226.654
1365.7	225.654
1366.26	238.654
1366.82	240.654
1367.38	265.654
1367.94	248.654
1368.5	249.654
1369.06	236.154
1369.62	248.654
1370.18	234.154
1370.74	243.654
1371.3	235.654
1371.86	232.654
1372.42	239.654
1372.98	252.154
1373.54	252.154
1374.1	242.654
1374.66	234.654
1375.22	228.654
1375.78	247.154
1376.34	234.654
1376.89	235.654
1377.45	243.654
1378.01	235.654
1378.57	252.654
1379.13	229.654
1379.69	239.154
1380.25	231.654
1380.81	234.654
1381.36	245.154
1381.92	244.654
1382.48	218.654
1383.04	236.154
1383.6	248.154
1384.15	251.654
1384.71	235.154
1385.27	244.654
1385.83	240.154
1386.39	240.154
1386.95	237.154
1387.5	252.654
1388.06	245.154
1388.62	245.654
1389.18	236.154
1389.74	243.154
1390.29	237.654
1390.85	251.654
1391.41	232.654
1391.97	230.654
1392.52	226.654
1393.08	242.654
1393.64	231.654
1394.19	234.654
1394.75	239.654
1395.31	245.154
1395.87	236.654
1396.42	241.154
1396.98	245.154
1397.54	236.654
1398.1	240.654
1398.65	234.154
1399.21	239.654
1399.77	247.654
1400.32	250.654
1400.88	251.154
1401.43	248.154
1401.99	241.654
1402.55	259.654
1403.11	259.154
1403.66	251.654
1404.22	247.654
1404.77	233.654
1405.33	241.654
1405.89	241.654
1406.44	240.654
1407	226.654
1407.55	221.654
1408.11	240.154
1408.67	237.654
1409.22	232.654
1409.78	232.654
1410.33	238.154
1410.89	238.654
1411.44	251.654
1412	247.654
1412.56	235.654
1413.11	251.654
1413.67	249.154
1414.22	238.154
1414.78	251.654
1415.33	240.154
1415.89	254.654
1416.44	233.154
1417	245.654
1417.55	244.654
1418.11	252.654
1418.66	241.154
1419.22	247.654
1419.77	244.654
1420.33	240.154
1420.88	249.154
1421.44	241.654
1421.99	240.654
1422.55	231.654
1423.1	244.654
1423.65	235.654
1424.21	256.154
1424.76	242.154
1425.32	236.654
1425.87	222.654
1426.43	239.654
1426.98	245.154
1427.53	239.154
1428.09	226.654
1428.64	244.154
1429.19	236.654
1429.75	248.654
1430.3	246.654
1430.86	242.654
1431.41	253.654
1431.96	231.654
1432.52	255.654
1433.07	250.154
1433.62	232.654
1434.18	241.654
1434.73	244.154
1435.29	249.654
1435.84	242.654
1436.39	253.654
1436.94	242.654
1437.5	241.654
1438.05	226.654
1438.6	242.654
1439.16	253.654
1439.71	232.654
1440.26	223.654
1440.82	246.654
1441.37	245.654
1441.92	228.654
1442.47	241.654
1443.02	228.654
1443.58	242.154
1444.13	242.154
1444.68	243.654
1445.23	251.154
1445.79	248.654
1446.34	238.654
1446.89	251.654
1447.44	251.654
1448	235.654
1448.55	243.154
1449.1	262.654
1449.65	246.654
1450.2	248.154
1450.75	234.654
1451.31	261.654
1451.86	252.654
1452.41	252.654
1452.96	239.654
1453.51	232.654
1454.06	251.154
1454.61	256.154
1455.17	238.654
1455.72	254.654
1456.27	254.154
1456.82	227.654
1457.37	257.654
1457.92	236.654
1458.47	225.654
1459.02	255.654
1459.58	254.154
1460.13	233.154
1460.68	256.154
1461.23	244.654
1461.78	251.654
1462.33	247.654
1462.88	248.654
1463.43	257.154
1463.98	258.154
1464.53	254.154
1465.08	247.654
1465.63	237.654
1466.18	245.154
1466.73	251.654
1467.28	254.654
1467.83	244.154
1468.38	248.654
1468.93	248.154
1469.48	240.654
1470.03	245.154
1470.58	262.154
1471.13	227.654
1471.68	248.654
1472.23	234.654
1472.78	264.154
1473.33	244.654
1473.88	250.654
1474.43	243.654
1474.98	240.654
1475.53	255.154
1476.08	248.654
1476.63	258.654
1477.18	257.654
1477.73	260.654
1478.27	255.654
1478.82	241.654
1479.37	252.654
1479.92	253.654
1480.47	247.154
1481.02	253.154
1481.57	252.654
1482.12	238.154
1482.67	265.654
1483.21	251.654
1483.76	238.154
1484.31	252.654
1484.86	241.654
1485.41	267.654
1485.96	232.654
1486.51	243.154
1487.05	235.654
1487.6	239.654
1488.15	246.654
1488.7	248.654
1489.25	257.654
1489.79	243.654
1490.34	242.654
1490.89	248.154
1491.44	243.654
1491.98	260.154
1492.53	259.154
1493.08	264.154
1493.63	260.154
1494.17	250.654
1494.72	249.654
1495.27	260.154
1495.82	256.154
1496.36	248.154
1496.91	251.654
1497.46	252.154
1498.01	236.154
1498.55	243.654
1499.1	243.654
1499.65	241.654
1500.19	252.654
2699.93	199.153
2700.4	199.153
2700.87	199.918
2701.33	200.683
2701.8	194.38
2702.27	206.38
2702.74	201.38
2703.2	198.88
2703.67	204.38
2704.14	203.38
2704.6	201.88
2705.07	203.38
2705.54	207.38
2706.01	215.38
2706.47	197.38
2706.94	200.38
2707.41	203.38
2707.87	211.38
2708.34	208.88
2708.81	206.88
2709.27	208.88
2709.74	194.88
2710.21	219.38
2710.67	195.38
2711.14	203.88
2711.6	203.88
2712.07	198.38
2712.54	195.88
2713	204.38
2713.47	186.38
2713.94	203.38
2714.4	188.38
2714.87	198.38
2715.34	196.88
2715.8	192.38
2716.27	205.38
2716.73	199.88
2717.2	197.38
2717.67	204.38
2718.13	201.38
2718.6	192.38
2719.06	201.38
2719.53	205.88
2719.99	208.88
2720.46	197.88
2720.93	208.38
2721.39	199.88
2721.86	212.38
2722.32	205.38
2722.79	208.88
2723.25	190.88
2723.72	204.38
2724.18	208.88
2724.65	196.88
2725.11	201.38
2725.58	199.88
2726.04	199.38
2726.51	199.38
2726.97	213.38
2727.44	202.38
2727.9	194.88
2728.37	210.38
2728.83	192.88
2729.3	204.88
2729.76	192.38
2730.23	195.38
2730.69	182.38
2731.16	198.38
2731.62	199.38
2732.09	187.38
2732.55	210.88
2733.02	205.38
2733.48	197.38
2733.95	206.38
2734.41	220.88
2734.87	205.38
2735.34	196.88
2735.8	207.88
2736.27	208.88
2736.73	206.38
2737.19	200.38
2737.66	198.88
2738.12	200.38
2738.59	201.38
2739.05	210.38
2739.51	204.88
2739.98	192.88
2740.44	195.38
2740.91	200.88
2741.37	205.38
2741.83	206.38
2742.3	227.38
2742.76	197.38
2743.22	211.88
2743.69	207.38
2744.15	206.38
2744.61	202.38
2745.08	208.88
2745.54	198.88
2746.01	194.38
2746.47	226.88
2746.93	219.38
2747.39	201.88
2747.86	201.38
2748.32	195.38
2748.78	203.38
2749.25	215.38
2749.71	211.88
2750.17	210.38
2750.64	202.88
2751.1	198.38
2751.56	205.88
2752.02	191.38
2752.49	201.38
2752.95	207.38
2753.41	213.38
2753.87	204.38
2754.34	203.38
2754.8	210.38
2755.26	201.38
2755.72	203.38
2756.19	211.38
2756.65	209.38
2757.11	219.88
2757.57	190.38
2758.04	201.38
2758.5	193.88
2758.96	202.38
2759.42	203.38
2759.88	216.88
2760.35	207.38
2760.81	194.38
2761.27	199.38
2761.73	215.38
2762.19	203.38
2762.66	211.38
2763.12	204.38
2763.58	208.38
2764.04	205.38
2764.5	219.88
2764.96	207.88
2765.43	215.88
2765.89	206.38
2766.35	203.88
2766.81	212.38
2767.27	209.38
2767.73	210.38
2768.19	199.38
2768.65	220.38
2769.12	200.88
2769.58	195.88
2770.04	220.38
2770.5	214.88
2770.96	202.88
2771.42	191.38
2771.88	192.38
2772.34	206.38
2772.8	205.88
2773.26	202.88
2773.73	197.38
2774.19	217.88
2774.65	219.88
2775.11	197.38
2775.57	202.88
2776.03	227.88
2776.49	207.38
2776.95	202.38
2777.41	205.88
2777.87	218.88
2778.33	207.38
2778.79	205.38
2779.25	192.38
2779.71	207.38
2780.17	205.38
2780.63	210.88
2781.09	207.88
2781.55	208.38
2782.01	208.38
2782.47	207.38
2782.93	215.88
2783.39	213.38
2783.85	215.38
2784.31	197.88
2784.77	202.38
2785.23	205.38
2785.69	223.38
2786.15	207.88
2786.61	211.88
2787.07	206.38
2787.53	218.38
2787.99	210.38
2788.45	201.38
2788.91	208.88
2789.37	189.38
2789.83	217.38
2790.28	203.38
2790.74	211.38
2791.2	209.38
2791.66	219.38
2792.12	202.38
2792.58	212.38
2793.04	215.38
2793.5	201.38
2793.96	222.38
2794.42	213.38
2794.88	208.38
2795.33	210.88
2795.79	189.38
2796.25	212.38
2796.71	206.38
2797.17	209.38
2797.63	191.38
2798.09	212.38
2798.54	195.38
2799	185.38
2799.46	208.88
2799.92	209.38
2800.38	217.38
2800.84	200.88
2801.29	198.88
2801.75	209.38
2802.21	198.38
2802.67	210.38
2803.13	211.38
2803.59	204.38
2804.04	215.38
2804.5	206.38
2804.96	201.38
2805.42	207.88
2805.87	208.38
2806.33	217.38
2806.79	206.88
2807.25	217.38
2807.71	204.88
2808.16	220.38
2808.62	211.38
2809.08	217.38
2809.54	206.38
2809.99	212.38
2810.45	202.88
2810.91	204.88
2811.36	214.88
2811.82	204.88
2812.28	185.38
2812.74	210.38
2813.19	202.38
2813.65	191.38
2814.11	214.88
2814.57	189.38
2815.02	215.88
2815.48	231.88
2815.94	201.38
2816.39	192.38
2816.85	218.38
2817.31	210.88
2817.76	220.38
2818.22	204.88
2818.68	215.38
2819.13	209.88
2819.59	203.38
2820.05	220.38
2820.5	204.38
2820.96	231.88
2821.42	195.38
2821.87	213.88
2822.33	214.38
2822.78	209.88
2823.24	204.88
2823.7	206.38
2824.15	219.88
2824.61	209.88
2825.07	198.38
2825.52	209.38
2825.98	217.88
2826.43	217.88
2826.89	209.38
2827.35	209.38
2827.8	202.38
2828.26	212.38
2828.71	214.38
2829.17	216.38
2829.62	205.38
2830.08	204.88
2830.54	214.88
2830.99	207.38
2831.45	218.38
2831.9	220.38
2832.36	220.38
2832.81	210.38
2833.27	201.38
2833.72	206.38
2834.18	203.38
2834.63	208.38
2835.09	191.38
2835.54	204.88
2836	219.88
2836.45	198.88
2836.91	229.88
2837.36	215.38
2837.82	202.38
2838.27	213.38
2838.73	221.38
2839.18	204.38
2839.64	208.88
2840.09	199.38
2840.55	215.38
2841	222.88
2841.46	221.38
2841.91	222.88
2842.36	215.38
2842.82	208.88
2843.27	207.88
2843.73	189.38
2844.18	202.88
2844.64	201.38
2845.09	195.88
2845.54	202.88
2846	206.38
2846.45	220.38
2846.91	200.38
2847.36	209.88
2847.82	224.38
2848.27	223.38
2848.72	208.38
2849.18	205.38
2849.63	207.38
2850.08	187.38
2850.54	199.88
2850.99	206.38
2851.45	224.88
2851.9	209.38
2852.35	219.38
2852.81	212.88
2853.26	214.88
2853.71	210.38
2854.17	218.38
2854.62	211.88
2855.07	210.88
2855.53	211.38
2855.98	219.38
2856.43	212.38
2856.89	199.88
2857.34	213.88
2857.79	219.38
2858.25	223.88
2858.7	215.38
2859.15	219.88
2859.6	200.38
2860.06	225.88
2860.51	206.38
2860.96	216.88
2861.42	221.88
2861.87	207.38
2862.32	218.38
2862.77	218.38
2863.23	216.88
2863.68	212.38
2864.13	212.38
2864.58	211.38
2865.04	215.38
2865.49	209.38
2865.94	231.38
2866.39	202.88
2866.84	209.88
2867.3	243.88
2867.75	192.38
2868.2	218.88
2868.65	203.88
2869.11	203.38
2869.56	206.38
2870.01	206.88
2870.46	192.38
2870.91	222.88
2871.36	207.38
2871.82	212.88
2872.27	220.38
2872.72	201.88
2873.17	221.38
2873.62	197.38
2874.07	201.38
2874.53	203.38
2874.98	212.38
2875.43	219.88
2875.88	207.38
2876.33	219.38
2876.78	221.38
2877.23	215.38
2877.69	207.38
2878.14	206.38
2878.59	218.38
2879.04	214.38
2879.49	222.88
2879.94	195.38
2880.39	205.88
2880.84	204.38
2881.29	202.38
2881.74	214.38
2882.2	215.38
2882.65	226.38
2883.1	214.88
2883.55	209.38
2884	211.88
2884.45	206.38
2884.9	219.38
2885.35	213.88
2885.8	224.38
2886.25	226.38
2886.7	217.38
2887.15	211.38
2887.6	209.38
2888.05	207.38
2888.5	196.38
2888.95	221.38
2889.4	214.38
2889.85	219.88
2890.3	206.38
2890.75	202.38
2891.2	215.38
2891.65	200.38
2892.1	217.88
2892.55	211.88
2893	203.88
2893.45	191.38
2893.9	204.88
2894.35	209.38
2894.8	210.38
2895.25	210.38
2895.7	203.38
2896.15	222.88
2896.6	210.38
2897.05	208.38
2897.5	212.38
2897.95	215.38
2898.4	227.88
2898.85	202.38
2899.29	209.88
2899.74	222.38
2900.19	219.38
2900.64	216.38
2901.09	226.88
2901.54	212.38
2901.99	212.88
2902.44	213.88
2902.89	197.38
2903.34	210.38
2903.78	222.88
2904.23	232.88
2904.68	213.38
2905.13	217.38
2905.58	202.88
2906.03	217.38
2906.48	225.38
2906.92	196.38
2907.37	214.38
2907.82	199.38
2908.27	214.38
2908.72	219.88
2909.17	205.88
2909.61	213.38
2910.06	203.38
2910.51	210.38
2910.96	206.88
2911.41	218.38
2911.86	204.38
2912.3	205.38
2912.75	225.38
2913.2	210.38
2913.65	225.38
2914.1	210.38
2914.54	225.38
2914.99	211.88
2915.44	211.38
2915.89	219.88
2916.33	214.88
2916.78	205.38
2917.23	213.38
2917.68	218.38
2918.12	213.38
2918.57	231.38
2919.02	211.38
2919.47	205.38
2919.91	217.88
2920.36	220.88
2920.81	218.38
2921.26	221.38
2921.7	213.88
2922.15	219.38
2922.6	216.88
2923.04	227.88
2923.49	220.88
2923.94	206.38
2924.38	222.88
2924.83	201.88
2925.28	213.38
2925.73	204.38
2926.17	198.38
2926.62	218.38
2927.06	209.38
2927.51	187.38
2927.96	209.38
2928.41	213.38
2928.85	208.38
2929.3	207.88
2929.74	207.88
2930.19	203.38
2930.64	214.88
2931.08	221.88
2931.53	218.38
2931.98	214.38
2932.42	214.38
2932.87	219.88
2933.31	216.38
2933.76	208.38
2934.21	231.88
2934.65	225.88
2935.1	220.88
2935.54	206.38
2935.99	219.88
2936.44	208.88
2936.88	214.88
2937.33	209.38
2937.77	210.38
2938.22	219.88
2938.66	208.88
2939.11	219.38
2939.56	223.38
2940	227.38
2940.45	204.38
2940.89	215.38
2941.34	206.38
2941.78	209.38
2942.23	221.88
2942.67	220.88
2943.12	200.88
2943.56	220.88
2944.01	230.38
2944.45	209.38
2944.9	211.88
2945.34	226.88
2945.79	222.38
2946.23	220.88
2946.68	231.88
2947.12	210.88
2947.57	209.88
2948.01	237.88
2948.46	215.88
2948.9	221.38
2949.34	229.38
2949.79	210.38
2950.23	229.38
2950.68	209.88
2951.12	212.88
2951.57	221.88
2952.01	224.38
2952.46	209.88
2952.9	217.38
2953.34	215.88
2953.79	215.88
2954.23	210.88
2954.68	222.38
2955.12	212.88
2955.56	214.38
2956.01	220.38
2956.45	219.38
2956.9	229.88
2957.34	207.88
2957.79	205.38
2958.23	224.38
2958.67	220.88
2959.12	215.88
2959.56	219.38
2960	222.88
2960.45	222.88
2960.89	194.38
2961.33	219.88
2961.78	235.88
2962.22	213.88
2962.66	221.38
2963.11	207.38
2963.55	216.88
2963.99	218.88
2964.44	216.38
2964.88	226.38
2965.32	224.38
2965.77	216.38
2966.21	214.38
2966.65	211.38
2967.09	211.38
2967.54	216.88
2967.98	213.38
2968.42	221.38
2968.87	205.38
2969.31	222.88
2969.75	222.38
2970.19	229.38
2970.64	224.88
2971.08	185.88
2971.52	222.38
2971.96	214.38
2972.41	235.38
2972.85	226.38
2973.29	180.38
2973.73	226.38
2974.18	218.38
2974.62	223.88
2975.06	228.38
2975.5	203.38
2975.95	205.38
2976.39	221.38
2976.83	215.38
2977.27	218.38
2977.71	211.38
2978.16	212.38
2978.6	223.38
2979.04	203.38
2979.48	209.88
2979.92	217.88
2980.36	214.38
2980.81	207.88
2981.25	214.38
2981.69	213.88
2982.13	216.88
2982.57	216.88
2983.01	195.88
2983.46	222.38
2983.9	217.38
2984.34	201.88
2984.78	196.38
2985.22	221.38
2985.66	191.38
2986.1	213.38
2986.54	205.88
2986.99	220.88
2987.43	212.38
2987.87	214.88
2988.31	206.88
2988.75	215.38
2989.19	216.38
2989.63	226.38
2990.07	208.38
2990.51	228.88
2990.95	210.38
2991.39	224.88
2991.83	217.38
2992.28	205.38
2992.72	213.38
2993.16	207.38
2993.6	217.38
2994.04	222.38
2994.48	205.38
2994.92	207.38
2995.36	223.38
2995.8	211.38
2996.24	218.38
2996.68	217.38
2997.12	216.38
2997.56	230.88
2998	222.38
2998.44	215.38
2998.88	203.38
2999.32	219.38
2999.76	206.38
3000.2	215.38
3000.64	215.38
3001.08	229.88
3001.52	214.38
3001.96	214.88
3002.4	209.38
3002.84	218.38
3003.28	213.38
3003.72	230.38
3004.16	228.88
3004.59	218.88
3005.03	215.88
3005.47	211.38
3005.91	209.38
3006.35	218.88
3006.79	230.88
3007.23	217.88
3007.67	213.88
3008.11	209.38
3008.55	220.38
3008.99	217.38
3009.43	216.38
3009.87	216.38
3010.3	227.88
3010.74	191.38
3011.18	219.38
3011.62	221.88
3012.06	222.88
3012.5	215.38
3012.94	207.88
3013.38	222.38
3013.82	214.38
3014.25	218.88
3014.69	205.88
3015.13	226.88
3015.57	222.88
3016.01	224.88
3016.45	218.38
3016.88	218.88
3017.32	196.38
3017.76	206.38
3018.2	214.38
3018.64	216.38
3019.08	196.38
3019.51	217.38
3019.95	212.88
3020.39	221.38
3020.83	223.88
3021.26	224.38
3021.7	226.88
3022.14	218.38
3022.58	219.88
3023.02	220.88
3023.45	218.38
3023.89	214.38
3024.33	205.88
3024.77	215.88
3025.2	225.859
3025.64	208.308
3026.08	221.65
3026.52	219.796
3026.95	221.115
3027.39	218.875
3027.83	222.65
3028.27	205.886
3028.7	222.493
3029.14	212.808
3029.58	208.222
3030.01	213.289
3030.45	215.674
3030.89	217.991
3031.33	223.245
3031.76	227.129
3032.2	193.394
3032.64	230.065
3033.07	199.746
3033.51	219.362
3033.95	209.373
3034.38	210.547
3034.82	211.013
3035.26	210.097
3035.69	226.923
3036.13	211.315
3036.57	216.158
3037	214.394
3037.44	205.738
3037.88	219.619
3038.31	206.416
3038.75	206.176
3039.18	214.978
3039.62	211.245
3040.06	216.814
3040.49	220.514
3040.93	209.354
3041.36	231.393
3041.8	223.823
3042.24	217.752
3042.67	219.166
3043.11	225.46
3043.54	212.843
3043.98	214.856
3044.42	223.939
3044.85	213.081
3045.29	214.933
3045.72	216.893
3046.16	222.169
3046.59	209.414
3047.03	218.788
3047.47	211.451
3047.9	223.099
3048.34	219.772
3048.77	215.332
3049.21	222.477
3049.64	215.121
3050.08	223.624
3050.51	231.346
3050.95	218.828
3051.38	214.522
3051.82	228.398
3052.25	203.002
3052.69	205.155
3053.12	213.715
3053.56	212.515
3053.99	220.063
3054.43	197.094
3054.86	218.399
3055.3	214.249
3055.73	230.382
3056.17	213.317
3056.6	222.888
3057.03	218.11
3057.47	221.311
3057.9	211.253
3058.34	222.727
3058.77	227.4
3059.21	224.395
3059.64	223.422
3060.08	221.098
3060.51	222.973
3060.94	218.119
3061.38	215.097
3061.81	214.767
3062.25	214.994
3062.68	220.163
3063.11	210.862
3063.55	211.936
3063.98	195.097
3064.42	224.045
3064.85	214.647
3065.28	216.099
3065.72	213.142
3066.15	212.06
3066.58	222.805
3067.02	217.296
3067.45	204.904
3067.89	226.812
3068.32	217.295
3068.75	219.608
3069.19	217.998
3069.62	226.262
3070.05	220.635
3070.49	218.911
3070.92	212.406
3071.35	210.862
3071.79	221.865
3072.22	206.865
3072.65	221.186
3073.09	215.935
3073.52	221.171
3073.95	220.088
3074.38	219.32
3074.82	219.154
3075.25	209.212
3075.68	216.737
3076.11	211.3
3076.55	217.768
3076.98	221.876
3077.41	224.405
3077.85	229.8
3078.28	220.043
3078.71	214.825
3079.14	223.812
3079.58	219.258
3080.01	212.717
3080.44	226.836
3080.87	209.675
3081.31	218.037
3081.74	216.829
3082.17	215.212
3082.6	217.444
3083.03	218.528
3083.47	218.091
3083.9	230.086
3084.33	230.518
3084.76	218.563
3085.19	225.78
3085.63	213.8
3086.06	218.669
3086.49	231.832
3086.92	217.574
3087.35	228.937
3087.79	217.608
3088.22	216.136
3088.65	218.09
3089.08	218.522
3089.51	225.489
3089.94	217.004
3090.38	207.774
3090.81	216.203
3091.24	207.47
3091.67	212.583
3092.1	208.443
3092.53	224.869
3092.96	205.199
3093.39	217.952
3093.82	224.536
3094.26	212.361
3094.69	209.436
3095.12	212.489
3095.55	198.753
3095.98	211.515
3096.41	224.557
3096.84	230.748
3097.27	218.239
3097.7	223.514
3098.13	223.65
3098.56	219.418
3099	214.208
3099.43	223.693
3099.86	210.089
3100.29	212.918
3100.72	215.935
3101.15	226.8
3101.58	212.129
3102.01	211.311
3102.44	220.653
3102.87	217.224
3103.3	216.153
3103.73	221.132
3104.16	216.781
3104.59	216.132
3105.02	210.855
3105.45	225.56
3105.88	223.071
3106.31	213.636
3106.74	217.397
3107.17	219.067
3107.6	220.303
3108.03	229.696
3108.46	219.259
3108.89	224.153
3109.32	220.268
3109.75	215.172
3110.18	217.566
3110.61	231.033
3111.04	219.165
3111.47	219.693
3111.9	215.17
3112.33	217.607
3112.75	209.754
3113.18	214.312
3113.61	219.756
3114.04	219.198
3114.47	222.216
3114.9	215.411
3115.33	226.3
3115.76	221.552
3116.19	216.352
3116.62	228.272
3117.05	218.887
3117.48	212.623
3117.9	221.988
3118.33	212.18
3118.76	221.066
3119.19	220.404
3119.62	219.42
3120.05	221.457
3120.48	223.814
3120.91	214.663
3121.33	226.401
3121.76	223.485
3122.19	217.683
3122.62	224.255
3123.05	201.667
3123.48	212.105
3123.9	215.644
3124.33	217.648
3124.76	211.476
3125.19	207.633
3125.62	225.061
3126.05	237.856
3126.47	216.802
3126.9	223.575
3127.33	225.704
3127.76	231.347
3128.18	219.656
3128.61	218.972
3129.04	227.32
3129.47	232.267
3129.9	223.505
3130.32	216.99
3130.75	210.156
3131.18	223.005
3131.61	224.166
3132.03	211.521
3132.46	224.692
3132.89	234.166
3133.32	215.048
3133.74	212.636
3134.17	221.988
3134.6	212.842
3135.03	225.261
3135.45	215.547
3135.88	215.657
3136.31	222.156
3136.74	224.865
3137.16	221.314
3137.59	220.318
3138.02	212.665
3138.44	220.897
3138.87	213.225
3139.3	226.918
3139.72	241.58
3140.15	216.968
3140.58	227.559
3141	214.685
3141.43	217.749
3141.86	224.558
3142.28	219.312
3142.71	232.441
3143.14	222.971
3143.56	221.812
3143.99	225.904
3144.42	238.081
3144.84	216.789
3145.27	225.57
3145.69	213.403
3146.12	214.243
3146.55	229.47
3146.97	216.764
3147.4	212.548
3147.83	227.205
3148.25	222.368
3148.68	220.913
3149.1	217.485
3149.53	227.574
3149.95	219.314
3150.38	230.31
3150.81	202.262
3151.23	224.179
3151.66	217.595
3152.08	242.62
3152.51	212.305
3152.94	231.143
3153.36	227.605
3153.79	230.552
3154.21	227.12
3154.36	231.62
3154.79	235.62
3155.22	215.12
3155.66	219.12
3156.09	224.12
3156.52	226.62
3156.95	230.62
3157.39	232.12
3157.82	197.12
3158.25	218.12
3158.68	234.12
3159.11	231.12
3159.55	208.12
3159.98	220.62
3160.41	219.62
3160.84	224.12
3161.27	221.62
3161.7	223.62
3162.14	226.62
3162.57	235.12
3163	225.12
3163.43	212.12
3163.86	217.62
3164.29	206.12
3164.73	214.12
3165.16	229.12
3165.59	212.12
3166.02	234.12
3166.45	202.12
3166.88	216.62
3167.31	219.12
3167.75	228.62
3168.18	224.62
3168.61	227.12
3169.04	241.12
3169.47	228.12
3169.9	219.12
3170.33	201.12
3170.76	223.12
3171.2	228.62
3171.63	231.12
3172.06	230.62
3172.49	212.12
3172.92	212.12
3173.35	216.12
3173.78	226.62
3174.21	226.62
3174.64	219.12
3175.07	223.62
3175.5	226.12
3175.93	230.12
3176.36	232.12
3176.79	238.12
3177.22	208.12
3177.65	235.12
3178.08	216.62
3178.51	226.12
3178.94	227.12
3179.37	206.12
3179.81	234.62
3180.24	234.12
3180.66	226.12
3181.1	229.12
3181.53	218.62
3181.95	218.12
3182.39	225.12
3182.81	230.62
3183.24	219.12
3183.68	223.12
3184.1	234.62
3184.53	237.12
3184.96	224.12
3185.39	225.12
3185.82	210.12
3186.25	225.62
3186.68	244.12
3187.11	219.12
3187.54	224.62
3187.97	210.12
3188.4	235.12
3188.83	226.12
3189.26	227.12
3189.69	215.12
3190.12	231.12
3190.55	226.62
3190.98	222.62
3191.4	229.62
3191.83	211.62
3192.26	242.12
3192.69	234.12
3193.12	206.12
3193.55	227.12
3193.98	220.12
3194.41	214.12
3194.84	224.12
3195.26	219.62
3195.69	225.12
3196.12	231.12
3196.55	232.62
3196.98	234.62
3197.41	228.12
3197.84	241.62
3198.26	236.12
3198.69	238.12
3199.12	233.12
3199.55	219.12
3199.98	219.12
3200.41	227.12
3200.83	223.12
3201.26	233.62
3201.69	233.12
3202.12	233.12
3202.55	226.12
3202.98	219.62
3203.4	225.12
3203.83	235.62
3204.26	202.12
3204.69	226.62
3205.11	233.12
3205.54	229.62
3205.97	234.12
3206.4	218.12
3206.82	222.12
3207.25	223.12
3207.68	224.12
3208.11	221.62
3208.54	226.12
3208.96	211.12
3209.39	219.12
3209.82	223.12
3210.25	220.12
3210.67	233.62
3211.1	217.62
3211.53	226.12
3211.95	229.12
3212.38	229.12
3212.81	223.62
3213.24	210.12
3213.66	223.62
3214.09	233.62
3214.52	221.12
3214.94	234.12
3215.37	221.62
3215.8	237.12
3216.22	226.12
3216.65	218.12
3217.08	236.12
3217.5	225.12
3217.93	235.62
3218.36	230.12
3218.78	225.12
3219.21	227.12
3219.64	230.12
3220.06	221.12
3220.49	226.62
3220.92	224.12
3221.34	220.12
3221.77	226.12
3222.2	234.12
3222.62	237.12
3223.05	234.12
3223.47	236.62
3223.9	234.12
3224.33	243.12
3224.75	233.12
3225.18	237.12
3225.6	231.12
3226.03	223.62
3226.46	241.62
3226.88	223.62
3227.31	235.62
3227.73	224.12
3228.16	224.12
3228.58	249.62
3229.01	233.12
3229.44	233.62
3229.86	233.62
3230.29	237.62
3230.71	235.62
3231.14	229.62
3231.56	234.12
3231.99	224.12
3232.41	232.12
3232.84	232.12
3233.26	219.12
3233.69	227.12
3234.11	236.12
3234.54	225.12
3234.96	236.12
3235.39	217.62
3235.81	234.12
3236.24	221.62
3236.67	238.12
3237.09	228.62
3237.51	236.12
3237.94	234.62
3238.36	234.62
3238.79	233.12
3239.21	234.62
3239.64	218.12
3240.06	218.12
3240.49	219.12
3240.91	226.12
3241.34	233.12
3241.76	228.12
3242.19	221.62
3242.61	236.12
3243.03	246.12
3243.46	234.12
3243.88	217.12
3244.31	231.12
3244.73	221.12
3245.16	228.12
3245.58	227.12
3246	238.12
3246.43	221.12
3246.85	228.12
3247.27	230.12
3247.7	243.12
3248.12	233.12
3248.55	237.12
3248.97	205.12
3249.39	235.12
3249.82	225.62
3250.24	245.62
3250.66	245.12
3251.09	222.12
3251.51	220.12
3251.94	231.12
3252.36	216.12
3252.78	227.12
3253.21	238.62
3253.63	227.12
3254.05	234.12
3254.48	228.12
3254.9	224.12
3255.32	228.62
3255.75	224.12
3256.17	216.12
3256.59	228.12
3257.02	237.62
3257.44	225.62
3257.86	220.12
3258.28	222.12
3258.71	229.12
3259.13	221.12
3259.55	224.62
3259.98	229.62
3260.4	216.12
3260.82	228.12
3261.24	234.12
3261.67	238.12
3262.09	239.12
3262.51	236.12
3262.93	235.62
3263.36	234.62
3263.78	206.62
3264.2	209.12
3264.62	223.12
3265.05	234.62
3265.47	229.62
3265.89	233.12
3266.31	225.12
3266.74	229.62
3267.16	205.12
3267.58	220.12
3268	237.12
3268.42	236.12
3268.85	242.12
3269.27	217.62
3269.69	238.62
3270.11	237.62
3270.53	223.12
3270.95	216.12
3271.38	242.12
3271.8	237.12
3272.22	226.12
3272.64	211.12
3273.06	248.62
3273.49	233.12
3273.91	238.62
3274.33	230.12
3274.75	244.12
3275.17	228.62
3275.59	223.62
3276.01	223.62
3276.43	218.12
3276.86	227.12
3277.28	240.12
3277.7	220.62
3278.12	235.12
3278.54	226.62
3278.96	234.62
3279.38	225.62
3279.8	214.12
3280.22	241.12
3280.64	220.12
3281.07	243.12
3281.49	221.12
3281.91	223.62
3282.33	224.12
3282.75	232.12
3283.17	218.12
3283.59	227.12
3284.01	232.12
3284.43	219.12
3284.85	212.12
3285.27	235.12
3285.69	227.62
3286.11	249.12
3286.53	230.12
3286.95	250.12
3287.37	219.12
3287.79	235.12
3288.22	233.12
3288.64	233.62
3289.06	234.12
3289.48	231.12
3289.9	228.12
3290.32	243.12
3290.74	231.62
3291.16	250.62
3291.58	236.12
3292	228.12
3292.42	239.12
3292.83	228.62
3293.25	223.12
3293.67	216.12
3294.09	232.12
3294.51	237.12
3294.93	220.62
3295.35	238.12
3295.77	228.12
3296.19	225.12
3296.61	222.12
3297.03	235.12
3297.45	221.12
3297.87	217.12
3298.29	222.12
3298.71	238.12
3299.13	234.12
3299.55	224.12
3299.96	244.62
3300.38	217.12
3300.8	228.62
3301.22	219.12
3301.64	221.12
3302.06	244.62
3302.48	242.62
3302.9	230.12
3303.32	201.12
3303.73	234.12
3304.15	238.62
3304.57	223.62
3304.99	241.62
3305.41	250.12
3305.83	222.12
3306.25	231.62
3306.66	228.62
3307.08	232.62
3307.5	234.12
3307.92	242.62
3308.34	224.12
3308.76	227.12
3309.17	242.12
3309.59	228.62
3310.01	230.62
3310.43	229.12
3310.85	230.12
3311.27	238.12
3311.68	242.12
3312.1	231.62
3312.52	241.62
3312.94	240.12
3313.36	221.62
3313.77	232.12
3314.19	229.12
3314.61	238.12
3315.03	228.12
3315.44	234.62
3315.86	243.12
3316.28	223.12
3316.7	222.62
3317.11	241.12
3317.53	239.62
3317.95	239.62
3318.37	210.12
3318.78	218.12
3319.2	241.12
3319.62	218.12
3320.04	242.62
3320.45	214.12
3320.87	222.62
3321.29	241.62
3321.7	224.12
3322.12	240.12
3322.54	219.12
3322.96	242.12
3323.37	228.62
3323.79	233.62
3324.21	231.62
3324.62	240.12
3325.04	226.12
3325.46	222.12
3325.87	241.62
3326.29	239.12
3326.71	231.12
3327.12	224.12
3327.54	230.12
3327.96	230.62
3328.37	239.62
3328.79	256.62
3329.21	214.12
3329.62	220.62
3330.04	228.12
3330.45	231.12
3330.87	220.12
3331.29	249.62
3331.7	227.12
3332.12	242.12
3332.54	231.12
3332.95	228.12
3333.37	235.12
3333.78	230.12
3334.2	230.62
3334.61	247.073
3335.03	210.161
3335.45	229.919
3335.86	217.088
3336.28	229.071
3336.69	261.289
3337.11	243.41
3337.53	237.555
3337.94	235.411
3338.36	233.14
3338.77	240.278
3339.19	222.974
3339.6	214.729
3340.02	230.624
3340.43	232.588
3340.85	229.078
3341.27	232.737
3341.68	245.978
3342.1	226.247
3342.51	222.749
3342.93	233.644
3343.34	219.868
3343.75	240.917
3344.17	226.759
3344.59	246.31
3345	229.242
3345.42	239.128
3345.83	243.258
3346.25	237.176
3346.66	238.219
3347.07	232.641
3347.49	217.259
3347.9	220.785
3348.32	232.693
3348.73	227.014
3349.15	227.332
3349.56	217.707
3349.98	233.812
3350.39	235.673
3350.8	233.526
3351.22	226.472
3351.63	233.202
3352.05	247.347
3352.46	226.911
3352.88	223.727
3353.29	240.904
3353.71	230.212
3354.12	210.567
3354.53	228.645
3354.95	234.219
3355.36	241.541
3355.78	226.501
3356.19	228.224
3356.6	235.787
3357.02	231.953
3357.43	234.151
3357.84	246.092
3358.26	231.49
3358.67	239.589
3359.09	249.937
3359.5	225.341
3359.91	239.708
3360.33	236.038
3360.74	228.639
3361.15	228.716
3361.57	235.378
3361.98	236.039
3362.39	225.409
3362.81	237.311
3363.22	224.243
3363.63	233.863
3364.05	248.854
3364.46	232.309
3364.87	234.33
3365.29	231.382
3365.7	240.615
3366.11	243.588
3366.52	242.825
3366.94	231.512
3367.35	228.612
3367.76	236.244
3368.18	235.696
3368.59	231.836
3369	220.853
3369.41	240.986
3369.83	229.002
3370.24	237.555
3370.65	237.66
3371.07	234.765
3371.48	230.462
3371.89	221.68
3372.3	242.129
3372.71	230.755
3373.13	229.68
3373.54	236.991
3373.95	228.921
3374.36	231.925
3374.78	245.247
3375.19	230.16
3375.6	225.635
3376.01	221.817
3376.42	236.251
3376.84	219.893
3377.25	230.553
3377.66	233.024
3378.07	234.092
3378.48	230.094
3378.9	241.068
3379.31	222.463
3379.72	222.221
3380.13	234.186
3380.54	227.406
3380.95	233.3
3381.37	234.025
3381.78	220.004
3382.19	237.448
3382.6	233.17
3383.01	233.491
3383.42	219.07
3383.83	234.755
3384.25	234.046
3384.66	228.51
3385.07	239.821
3385.48	237.142
3385.89	229.199
3386.3	224.883
3386.71	232.869
3387.12	236.602
3387.53	237.373
3387.94	233.786
3388.36	231.645
3388.77	232.282
3389.18	244.655
3389.59	228.841
3390	234.159
3390.41	221.269
3390.82	233.36
3391.23	226.443
3391.64	230.156
3392.05	231.514
3392.46	234.02
3392.87	221.494
3393.28	243.113
3393.69	234.443
3394.1	246.409
3394.51	234.605
3394.93	239.571
3395.34	237.163
3395.75	237.361
3396.16	237.417
3396.57	230.4
3396.98	235.988
3397.39	220.771
3397.8	233.026
3398.21	237.117
3398.62	234.367
3399.03	237.575
3399.44	219.014
3399.85	244.342
3400.26	227.896
3400.67	235.146
3401.07	214.022
3401.49	222.424
3401.9	234.995
3402.3	247.038
3402.71	229.933
3403.12	244.771
3403.53	229.049
3403.94	243.282
3404.35	239.847
3404.76	242.891
3405.17	233.787
3405.58	245.835
3405.99	239.582
3406.4	232.796
3406.81	251.132
3407.22	238.786
3407.63	230.222
3408.04	243.004
3408.44	243.272
3408.85	233.077
3409.26	225.959
3409.67	227.934
3410.08	231.799
3410.49	230.201
3410.9	238.395
3411.31	230.033
3411.72	242.749
3412.12	231.944
3412.53	233.255
3412.94	228.336
3413.35	243.154
3413.76	246.216
3414.17	243.117
3414.58	232.575
3414.98	237.136
3415.39	228.149
3415.8	236.609
3416.21	242.152
3416.62	234.18
3417.03	239.193
3417.43	241.17
3417.84	236.543
3418.25	238.352
3418.66	243.862
3419.07	239.922
3419.47	238.058
3419.88	231.872
3420.29	234.96
3420.7	242.384
3421.11	234.912
3421.51	238.593
3421.92	239.572
3422.33	236.251
3422.74	218.345
3423.14	243.165
3423.55	240.162
3423.96	245.204
3424.37	230.713
3424.77	232.248
3425.18	234.107
3425.59	235.924
3426	235.099
3426.41	231.155
3426.81	232.44
3427.22	246.35
3427.63	223.892
3428.03	213.838
3428.44	242.869
3428.85	229.785
3429.26	229.015
3429.66	233.985
3430.07	241.27
3430.48	223.472
3430.88	244.936
3431.29	225.738
3431.7	254.352
3432.1	250.052
3432.51	245.461
3432.92	238.79
3433.33	234.353
3433.73	224.98
3434.14	242.842
3434.54	232.243
3434.95	235.206
3435.36	239.616
3435.76	236.544
3436.17	237.269
3436.58	245.627
3436.98	247.36
3437.39	238.889
3437.8	248.235
3438.2	251.771
3438.61	231.564
3439.02	230.147
3439.42	231.656
3439.83	230.337
3440.23	232.694
3440.64	246.993
3441.04	242.457
3441.45	231.917
3441.86	229.632
3442.26	244.517
3442.67	244.196
3443.07	247.579
3443.48	237.54
3443.89	232.53
3444.29	234.17
3444.7	240.198
3445.1	237.845
3445.51	232.94
3445.92	232.84
3446.32	233.376
3446.72	232.792
3447.13	245.149
3447.54	250.756
3447.94	248.504
3448.35	226.569
3448.75	245.201
3449.16	239.176
3449.56	254.828
3449.97	240.913
3450.37	241.988
3450.78	251.353
3451.18	227.413
3451.59	244.403
3451.99	250.657
3452.4	232.607
3452.8	250.797
3453.21	252.33
3453.61	209.901
3454.02	248.422
3454.42	250.081
3454.83	258.509
3455.23	251.31
3455.64	249.749
3456.04	239.216
3456.45	246.622
3456.85	238.67
3457.25	248.207
3457.52	247.207
3457.93	246.207
3458.34	235.207
3458.75	236.707
3459.17	241.207
3459.58	245.207
3459.99	253.207
3460.4	243.207
3460.81	237.207
3461.22	258.707
3461.63	242.707
3462.04	241.707
3462.45	247.207
3462.86	245.707
3463.28	249.207
3463.69	258.207
3464.1	249.707
3464.51	238.207
3464.92	237.207
3465.33	242.707
3465.74	240.707
3466.15	221.207
3466.56	255.707
3466.97	240.707
3467.38	247.207
3467.79	261.207
3468.2	239.207
3468.61	255.707
3469.02	239.207
3469.43	243.207
3469.84	248.207
3470.25	248.707
3470.66	243.207
3471.07	257.707
3471.48	243.707
3471.89	248.707
3472.3	254.707
3472.71	248.207
3473.12	247.707
3473.53	252.207
3473.94	254.207
3474.35	238.707
3474.76	241.207
3475.17	233.207
3475.58	246.207
3475.99	239.207
3476.4	251.207
3476.81	235.207
3477.22	251.207
3477.63	260.207
3478.04	246.707
3478.45	236.207
3478.86	234.207
3479.27	225.207
3479.68	240.207
3480.09	251.207
3480.5	260.207
3480.91	257.207
3481.31	254.707
3481.72	241.707
3482.13	235.207
3482.54	246.707
3482.95	251.207
3483.36	238.207
3483.77	246.207
3484.18	270.707
3484.59	238.207
3484.99	250.207
3485.4	255.707
3485.81	238.207
3486.22	246.207
3486.63	245.207
3487.04	230.707
3487.45	262.207
3487.86	251.707
3488.26	246.707
3488.67	249.207
3489.08	264.707
3489.49	254.707
3489.9	247.207
3490.31	228.207
3490.72	235.207
3491.12	245.207
3491.53	253.207
3491.94	238.207
3492.35	243.707
3492.76	257.707
3493.16	244.707
3493.57	265.207
3493.98	253.207
3494.39	243.707
3494.8	250.207
3495.2	228.707
3495.61	236.707
3496.02	266.207
3496.43	232.707
3496.83	251.207
3497.24	250.707
3497.65	249.207
3498.06	232.707
3498.47	243.707
3498.87	257.207
3499.28	248.707
3499.69	235.207
3500.1	240.707
3500.5	245.207
3500.91	244.207
3501.32	244.207
3501.73	231.207
3502.13	245.207
3502.54	256.207
3502.95	244.207
3503.36	244.707
3503.76	259.207
3504.17	243.207
3504.58	248.207
3504.98	233.207
3505.39	242.207
3505.8	246.707
3506.2	201.207
3506.61	247.207
3507.02	235.207
3507.43	239.707
3507.83	241.707
3508.24	260.207
3508.65	238.207
3509.05	239.207
3509.46	220.207
3509.87	252.207
3510.27	236.207
3510.68	252.707
3511.08	251.707
3511.49	251.707
3511.9	240.207
3512.3	256.207
3512.71	252.207
3513.12	262.707
3513.52	251.707
3513.93	243.207
3514.33	235.707
3514.74	245.707
3515.15	245.207
3515.55	250.207
3515.96	245.707
3516.37	246.707
3516.77	241.207
3517.18	244.707
3517.58	273.207
3517.99	241.207
3518.39	261.207
3518.8	255.707
3519.21	251.207
3519.61	256.707
3520.02	238.207
3520.42	258.207
3520.83	257.207
3521.23	236.707
3521.64	229.207
3522.05	256.207
3522.45	259.707
3522.86	253.707
3523.26	263.207
3523.67	244.207
3524.07	253.207
3524.48	244.207
3524.88	265.707
3525.29	201.207
3525.69	209.207
3526.1	263.207
3526.5	254.707
3526.91	249.707
3527.31	261.207
3527.72	249.707
3528.12	246.207
3528.53	251.707
3528.93	235.207
3529.34	243.207
3529.74	261.207
3530.15	250.207
3530.55	240.207
3530.96	233.707
3531.36	243.207
3531.77	248.707
3532.17	229.207
3532.58	258.707
3532.98	222.207
3533.38	255.707
3533.79	246.207
3534.19	249.207
3534.6	241.207
3535	260.207
3535.41	245.707
3535.81	266.707
3536.21	254.207
3536.62	243.207
3537.02	254.707
3537.43	235.207
3537.83	252.207
3538.23	231.207
3538.64	253.207
3539.04	252.207
3539.45	249.207
3539.85	240.207
3540.25	262.707
3540.66	268.707
3541.06	246.207
3541.46	246.707
3541.87	240.207
3542.27	259.707
3542.68	263.207
3543.08	248.207
3543.48	247.207
3543.89	240.207
3544.29	247.207
3544.69	277.707
3545.1	253.207
3545.5	248.707
3545.9	266.707
3546.31	259.707
3546.71	253.207
3547.11	241.207
3547.52	247.707
3547.92	246.207
3548.32	256.207
3548.73	252.707
3549.13	250.207
3549.53	251.707
3549.93	260.207
3550.34	243.207
3550.74	255.207
3551.14	248.207
3551.55	233.207
3551.95	250.707
3552.35	239.207
3552.75	256.207
3553.16	258.707
3553.56	242.707
3553.96	250.207
3554.36	252.207
3554.77	253.207
3555.17	268.707
3555.57	237.207
3555.97	257.707
3556.38	247.207
3556.78	256.207
3557.18	244.207
3557.58	248.207
3557.98	247.207
3558.39	265.207
3558.79	240.207
3559.19	239.207
3559.59	264.707
3559.99	237.207
3560.4	258.707
3560.8	264.207
3561.2	255.207
3561.6	264.207
3562.01	242.707
3562.41	251.207
3562.81	253.207
3563.21	253.207
3563.61	266.207
3564.01	261.207
3564.41	251.707
3564.82	261.207
3565.22	257.707
3565.62	261.207
3566.02	251.207
3566.42	267.207
3566.82	250.207
3567.23	259.207
3567.63	251.207
3568.03	263.707
3568.43	265.207
3568.83	235.707
3569.23	254.207
3569.63	257.707
3570.03	239.207
3570.44	252.207
3570.84	239.207
3571.24	250.207
3571.64	245.207
3572.04	263.207
3572.44	238.207
3572.84	251.207
3573.24	256.207
3573.64	266.207
3574.04	259.707
3574.44	263.207
3574.84	247.207
3575.25	261.207
3575.64	249.207
3576.05	262.707
3576.45	234.207
3576.85	251.207
3577.25	254.207
3577.65	264.707
3578.05	256.207
3578.45	248.207
3578.85	260.707
3579.25	259.207
3579.65	265.207
3580.05	234.707
3580.45	239.707
3580.85	273.207
3581.25	273.207
3581.65	249.207
3582.05	261.207
3582.45	239.207
3582.85	279.707
3583.25	245.207
3583.65	272.207
3584.05	252.207
3584.45	258.207
3584.85	259.707
3585.25	250.707
3585.65	262.207
3586.05	247.207
3586.45	263.707
3586.85	244.707
3587.25	267.207
3587.65	238.207
3588.05	261.707
3588.44	234.707
3588.84	244.707
3589.24	256.707
3589.64	240.707
3590.04	250.207
3590.44	242.207
3590.84	250.707
3591.24	241.207
3591.64	246.707
3592.04	253.207
3592.44	257.207
3592.84	259.707
3593.24	253.207
3593.63	261.207
3594.03	262.207
3594.43	251.207
3594.83	245.707
3595.23	257.707
3595.63	250.207
3596.03	243.207
3596.43	263.207
3596.82	253.707
3597.22	259.207
3597.62	244.207
3598.02	261.207
3598.42	254.207
3598.82	261.207
3599.21	260.207
3599.61	255.207
3600.01	238.207
3600.41	243.207
3600.81	266.707
3601.21	256.707
3601.6	275.207
3602	278.207
3602.4	253.707
3602.8	249.707
3603.2	247.207
3603.6	253.207
3603.99	248.207
3604.39	256.707
3604.79	256.207
3605.19	251.707
3605.58	260.207
3605.98	271.707
3606.38	264.207
3606.78	245.207
3607.18	255.207
3607.57	252.207
3607.97	270.207
3608.37	252.207
3608.77	226.207
3609.16	246.707
3609.56	248.207
3609.96	253.207
3610.36	252.207
3610.75	255.707
3611.15	260.707
3611.55	247.207
3611.95	265.707
3612.34	262.207
3612.74	248.207
3613.14	259.207
3613.53	262.207
3613.93	246.207
3614.33	260.207
3614.72	228.207
3615.12	268.707
3615.52	255.207
3615.92	254.207
3616.31	243.207
3616.71	261.207
3617.11	268.207
3617.5	264.207
3617.9	256.207
3618.3	259.207
3618.69	255.707
3619.09	243.707
3619.49	244.207
3619.88	253.207
3620.28	263.707
3620.68	252.207
3621.07	264.207
3621.47	272.207
3621.86	266.207
3622.26	250.707
3622.66	262.207
3623.05	246.207
3623.45	251.207
3623.84	256.707
3624.24	264.207
3624.64	250.207
3625.03	274.207
3625.43	247.207
3625.83	260.207
3626.22	273.207
3626.62	251.207
3627.01	261.207
3627.41	257.207
3627.81	267.707
3628.2	250.707
3628.6	251.739
3628.99	266.581
3629.39	258.553
3629.78	258.035
3630.18	259.126
3630.57	254.552
3630.97	255.211
3631.37	262.024
3631.76	255.909
3632.16	257.414
3632.55	262.438
3632.95	248.815
3633.34	271.866
3633.74	252.591
3634.13	256.593
3634.53	266.511
3634.92	273.534
3635.32	255.093
3635.71	270.892
3636.11	248.024
3636.5	279.447
3636.9	269.8
3637.29	270.836
3637.69	245.28
3638.08	254.432
3638.48	249.812
3638.87	246.722
3639.27	241.696
3639.66	251.788
3640.06	255.779
3640.45	252.877
3640.85	251.567
3641.24	242.107
3641.63	245.57
3642.03	257.795
3642.42	256.808
3642.82	258.231
3643.21	255.432
3643.61	270.054
3644	261.975
3644.4	267.772
3644.79	264.882
3645.18	250.111
3645.58	266.725
3645.97	252.113
3646.37	262.274
3646.76	254.571
3647.15	265.147
3647.55	261.791
3647.94	243.909
3648.34	259.36
3648.73	272.302
3649.12	269.417
3649.52	248.331
3649.91	263.603
3650.3	245.71
3650.7	248.784
3651.09	252.629
3651.49	267.126
3651.88	254.843
3652.27	256.043
3652.67	258.38
3653.06	255.828
3653.45	258.588
3653.85	258.422
3654.24	258.213
3654.63	258.97
3655.03	254.708
3655.42	269.12
3655.81	250.704
3656.21	265.114
3656.6	257.915
3656.99	274.789
3657.39	257.347
3657.78	242.378
3658.17	253.255
3658.56	263.819
3658.96	272.31
3659.35	246.437
3659.74	263.62
3660.14	249.944
3660.53	258.626
3660.92	254.752
3661.31	246.421
3661.71	248.467
3662.1	260.237
3662.49	265.828
3662.89	259.556
3663.28	246.525
3663.67	256.111
3664.06	256.417
3664.46	259.597
3664.85	267.189
3665.24	252.267
3665.63	264.293
3666.02	266.749
3666.42	246.633
3666.81	255.74
3667.2	255.425
3667.59	267.271
3667.99	265.48
3668.38	247.111
3668.77	255.324
3669.16	259.706
3669.55	245.35
3669.95	253.693
3670.34	245.2
3670.73	251.115
3671.12	259.051
3671.51	253.71
3671.9	264.543
3672.3	258.002
3672.69	263.41
3673.08	264.325
3673.47	254.137
3673.86	251.355
3674.25	269.481
3674.65	261.513
3675.04	259.237
3675.43	250.074
3675.82	256.676
3676.21	256.502
3676.6	257.146
3676.99	253.756
3677.38	261.925
3677.78	268.656
3678.17	259.688
3678.56	252.947
3678.95	257
3679.34	263.672
3679.73	245.775
3680.12	262.392
3680.51	257.051
3680.9	250.995
3681.29	244.784
3681.69	263.294
3682.08	252.016
3682.47	256.271
3682.86	256.22
3683.25	257.017
3683.64	262.686
3684.03	253.107
3684.42	251.017
3684.81	242.713
3685.2	258.97
3685.59	257.727
3685.98	257.203
3686.37	251.085
3686.76	254.285
3687.15	253.303
3687.54	246.015
3687.93	253.24
3688.32	255.94
3688.71	247.893
3689.1	252.917
3689.49	251.509
3689.89	251.614
3690.27	257.834
3690.66	254.986
3691.05	252.108
3691.44	256.018
3691.83	269.316
3692.22	257.741
3692.61	263.236
3693	248.451
3693.39	258.132
3693.78	249.633
3694.17	268.039
3694.56	255.938
3694.95	260.75
3695.34	264.296
3695.73	257.968
3696.12	258.572
3696.51	259.897
3696.9	263.669
3697.29	263.781
3697.68	254.179
3698.07	261.664
3698.46	254.254
3698.85	258.013
3699.24	267.147
3699.62	259.882
3700.01	268.108
3700.4	254.516
3700.79	262.481
3701.18	269.007
3701.57	254.366
3701.96	249.572
3702.35	261.865
3702.74	263.435
3703.12	251.171
3703.51	253.892
3703.9	273.029
3704.29	254.621
3704.68	267.135
3705.07	254.99
3705.46	260.125
3705.85	263.333
3706.23	258.47
3706.62	268.657
3707.01	268.675
3707.4	283.426
3707.79	257.474
3708.18	268.694
3708.57	252.385
3708.95	250.698
3709.34	273.307
3709.73	253.884
3710.12	267.292
3710.51	258.105
3710.89	272.314
3711.28	259.99
3711.67	256.635
3712.06	262.31
3712.45	264.328
3712.83	245.878
3713.22	264.043
3713.61	257.814
3714	254.975
3714.39	251.394
3714.77	258.466
3715.16	265.741
3715.55	261.252
3715.94	257.369
3716.32	263.356
3716.71	261.612
3717.1	245.409
3717.49	259.594
3717.88	274.878
3718.26	253.181
3718.65	254.395
3719.04	257.431
3719.42	252.274
3719.81	245.243
3720.2	249.05
3720.59	267.614
3720.97	264.932
3721.36	271.915
3721.75	266.548
3722.14	271.82
3722.52	264.553
3722.91	261.959
3723.3	266.647
3723.68	259.09
3724.07	263.328
3724.46	262.13
3724.84	256.067
3725.23	251.508
3725.62	271.296
3726	261.006
3726.39	261.377
3726.78	255.718
3727.16	259.016
3727.55	258.889
3727.94	249.409
3728.32	248.203
3728.71	270.632
3729.1	273.728
3729.48	279.356
3729.87	263.619
3730.25	266.183
3730.64	273.214
3731.03	265.302
3731.41	259.437
3731.8	262.068
3732.19	261.472
3732.57	248.734
3732.96	256.556
3733.34	259.695
3733.73	257.35
3734.12	259.645
3734.5	273.564
3734.89	260.743
3735.27	263.184
3735.66	241.895
3736.05	251.409
3736.43	266.935
3736.82	254.837
3737.2	250.834
3737.59	252.42
3737.97	248.138
3738.36	261.582
3738.75	251.121
3739.13	268.916
3739.51	240.681
3739.9	264.817
3740.29	272.438
3740.67	266.093
3741.06	269.661
3741.44	241.578
3741.83	250.393
3742.21	263.78
3742.6	256.341
3742.98	256.723
3743.37	271.325
3743.75	267.178
3744.14	281.769
3744.52	267.676
3744.91	270.683
3745.29	266.773
3745.68	272.899
3745.73	276.899
3746.12	263.399
3746.52	267.399
3746.91	267.399
3747.3	252.399
3747.69	244.399
3748.08	277.399
3748.47	270.399
3748.86	272.899
3749.26	266.399
3749.65	282.399
3750.04	291.899
3750.43	251.399
3750.82	253.399
3751.21	262.399
3751.6	258.899
3751.99	263.899
3752.39	280.899
3752.78	268.899
3753.17	257.399
3753.56	276.399
3753.95	274.399
3754.34	258.399
3754.73	265.899
3755.12	280.899
3755.51	255.399
3755.9	264.399
3756.29	270.399
3756.68	268.899
3757.07	257.899
3757.47	262.399
3757.86	265.399
3758.25	266.399
3758.64	260.899
3759.03	255.899
3759.42	242.399
3759.81	260.399
3760.2	269.399
3760.59	259.399
3760.98	259.399
3761.37	264.399
3761.76	264.899
3762.15	265.399
3762.54	265.899
3762.93	277.899
3763.32	267.399
3763.71	266.899
3764.1	276.399
3764.49	287.399
3764.88	284.899
3765.27	255.899
3765.66	261.399
3766.05	252.899
3766.44	281.399
3766.83	262.399
3767.22	250.899
3767.61	273.899
3768	265.899
3768.39	269.399
3768.77	269.399
3769.16	278.899
3769.55	276.399
3769.94	281.899
3770.33	260.399
3770.72	245.399
3771.11	278.899
3771.5	266.399
3771.89	261.399
3772.28	259.399
3772.67	275.399
3773.06	268.899
3773.45	278.899
3773.84	265.399
3774.23	273.899
3774.61	273.399
3775	259.399
3775.39	275.899
3775.78	283.399
3776.17	272.399
3776.56	262.399
3776.95	274.399
3777.34	264.399
3777.72	272.399
3778.11	265.899
3778.5	267.899
3778.89	280.899
3779.28	269.399
3779.67	260.399
3780.06	271.399
3780.44	269.899
3780.83	276.399
3781.22	254.399
3781.61	281.399
3782	265.399
3782.39	267.399
3782.77	268.899
3783.16	259.399
3783.55	282.399
3783.94	271.399
3784.33	264.899
3784.72	260.399
3785.1	248.399
3785.49	271.899
3785.88	268.899
3786.27	276.399
3786.66	279.899
3787.04	272.399
3787.43	257.899
3787.82	260.899
3788.21	278.399
3788.59	285.399
3788.98	278.399
3789.37	279.899
3789.76	270.899
3790.14	277.899
3790.53	282.399
3790.92	280.399
3791.31	260.399
3791.7	277.399
3792.08	248.399
3792.47	265.899
3792.86	282.399
3793.24	257.399
3793.63	257.399
3794.02	274.899
3794.41	266.399
3794.79	259.899
3795.18	269.899
3795.57	249.399
3795.95	237.399
3796.34	253.399
3796.73	278.399
3797.12	277.899
3797.5	270.399
3797.89	275.399
3798.28	257.399
3798.66	267.399
3799.05	278.899
3799.44	274.399
3799.82	263.399
3800.21	280.899
3800.6	287.399
3800.98	278.399
3801.37	277.899
3801.76	260.399
3802.14	284.399
3802.53	275.399
3802.91	265.399
3803.3	272.399
3803.69	269.899
3804.08	259.399
3804.46	259.399
3804.85	274.899
3805.23	284.899
3805.62	289.399
3806.01	287.399
3806.39	293.399
3806.78	273.899
3807.16	270.399
3807.55	253.399
3807.94	278.899
3808.32	261.899
3808.71	271.399
3809.09	273.399
3809.48	291.899
3809.87	276.399
3810.25	268.899
3810.64	280.399
3811.02	277.399
3811.41	289.399
3811.79	279.399
3812.18	291.399
3812.56	266.399
3812.95	242.399
3813.34	282.399
3813.72	266.399
3814.11	279.399
3814.49	284.399
3814.88	264.399
3815.26	264.399
3815.65	299.399
3816.03	252.399
3816.42	277.399
3816.8	272.899
3817.19	287.399
3817.57	284.399
3817.96	275.399
3818.34	273.899
3818.73	270.899
3819.11	268.399
3819.5	278.399
3819.88	283.899
3820.27	283.399
3820.65	290.899
3821.04	267.399
3821.42	270.399
3821.81	283.899
3822.19	276.399
3822.58	272.899
3822.96	266.399
3823.35	254.399
3823.73	277.899
3824.12	283.399
3824.5	277.399
3824.89	275.899
3825.27	261.399
3825.65	298.399
3826.04	281.399
3826.42	267.399
3826.81	280.399
3827.19	267.399
3827.57	257.399
3827.96	262.399
3828.34	288.899
3828.73	269.899
3829.11	282.399
3829.49	276.899
3829.88	276.399
3830.26	289.899
3830.65	276.899
3831.03	260.399
3831.41	272.899
3831.8	270.399
3832.18	265.899
3832.57	277.899
3832.95	272.399
3833.33	276.899
3833.72	285.399
3834.1	281.399
3834.48	282.399
3834.87	287.899
3835.25	274.399
3835.63	281.399
3836.02	272.899
3836.4	294.399
3836.78	275.899
3837.17	268.399
3837.55	264.399
3837.93	281.399
3838.32	279.399
3838.7	287.899
3839.08	272.899
3839.47	280.899
3839.85	265.399
3840.23	264.399
3840.62	245.399
3841	280.899
3841.38	267.899
3841.77	286.399
3842.15	282.899
3842.53	267.399
3842.91	284.399
3843.3	273.899
3843.68	290.899
3844.06	274.899
3844.44	273.399
3844.83	276.899
3845.21	273.399
3845.59	269.399
3845.97	300.399
3846.36	263.399
3846.74	302.899
3847.12	282.399
3847.5	266.399
3847.89	294.399
3848.27	287.399
3848.65	286.899
3849.03	278.399
3849.42	302.399
3849.8	286.899
3850.18	283.899
3850.56	277.399
3850.95	279.399
3851.33	269.899
3851.71	280.899
3852.09	265.399
3852.47	283.899
3852.85	281.899
3853.24	285.399
3853.62	277.899
3854	283.899
3854.38	254.399
3854.76	280.399
3855.15	271.899
3855.53	274.399
3855.91	275.399
3856.29	262.399
3856.67	274.399
3857.05	282.399
3857.43	285.399
3857.82	282.899
3858.2	290.399
3858.58	278.399
3858.96	283.399
3859.34	282.399
3859.72	294.899
3860.1	282.899
3860.49	290.399
3860.87	277.399
3861.25	289.399
3861.63	274.399
3862.01	262.399
3862.39	288.399
3862.77	277.399
3863.15	284.399
3863.53	283.899
3863.91	276.399
3864.3	290.399
3864.68	270.399
3865.06	314.899
3865.44	288.899
3865.82	279.899
3866.2	282.399
3866.58	281.899
3866.96	285.899
3867.34	278.399
3867.72	299.399
3868.1	297.399
3868.48	279.399
3868.86	297.899
3869.24	278.899
3869.62	276.899
3870	274.399
3870.38	286.899
3870.76	292.399
3871.14	266.899
3871.52	284.899
3871.91	268.899
3872.29	274.399
3872.67	258.399
3873.05	275.899
3873.43	268.899
3873.8	282.399
3874.18	295.399
3874.56	282.899
3874.94	291.899
3875.32	291.899
3875.7	277.399
3876.08	284.399
3876.46	304.399
3876.84	260.399
3877.22	276.399
3877.6	282.399
3877.98	267.399
3878.36	286.899
3878.74	270.399
3879.12	286.399
3879.5	285.399
3879.88	269.899
3880.26	295.399
3880.64	273.399
3881.02	285.899
3881.4	284.899
3881.78	294.899
3882.16	289.399
3882.53	290.399
3882.91	288.899
3883.29	295.899
3883.67	280.399
3884.05	261.399
3884.43	297.899
3884.81	289.399
3885.19	287.399
3885.57	299.399
3885.95	291.399
3886.33	287.399
3886.7	301.399
3887.08	286.399
3887.46	284.899
3887.84	269.399
3888.22	278.899
3888.6	287.399
3888.98	283.399
3889.35	274.399
3889.73	274.399
3890.11	283.399
3890.49	288.399
3890.87	286.899
3891.25	277.399
3891.63	286.399
3892	284.399
3892.38	289.899
3892.76	288.399
3893.14	280.399
3893.52	283.399
3893.89	276.899
3894.27	296.399
3894.65	296.899
3895.03	284.399
3895.41	296.399
3895.79	292.899
3896.16	270.399
3896.54	285.399
3896.92	286.399
3897.3	295.899
3897.67	290.399
3898.05	286.399
3898.43	298.399
3898.81	286.399
3899.18	276.899
3899.56	284.399
3899.94	290.399