20.0459	5877
20.7223	5984
21.3986	6143
22.0749	6207
22.7512	6191
23.4274	6335
24.1035	6570
24.7796	6861
25.4556	6916
26.1317	7270
26.8076	7368
27.4835	7445
28.1594	7369
28.8352	7438
29.511	7457
30.1867	7499
30.8624	7470
31.538	7680
32.2136	7643
32.8891	8021
33.5646	7911
34.24	8002
34.9154	8053
35.5908	8526
36.2661	8395
36.9413	8216
37.6165	7958
38.2917	8377
38.9668	8061
39.6395	8311
40.3146	8068
40.9895	8385
41.6645	8589
42.3393	8626
43.0142	8555
43.6866	8605
44.3614	8487
45.0361	8509
45.7107	8656
46.3853	8624
47.0576	8687
47.7321	8697
48.4065	8711
49.0809	8873
49.753	8633
50.4273	8742
51.1016	8719
51.7758	8414
52.4477	8481
53.1218	8349
53.7959	8240
54.4676	8183
55.1416	8168
55.8155	8348
56.4871	8588
57.161	8423
57.8348	8431
58.5062	8464
59.1799	8536
59.8536	8435
60.5249	8625
61.1985	8280
61.8697	8304
62.5432	8167
63.2143	7949
63.8877	8294
64.561	8111
65.232	8216
65.9052	7925
66.5761	7851
67.2493	7953
67.9201	8016
68.5931	8002
69.2638	7829
69.9368	7815
70.6074	7851
71.2803	7839
71.9508	7787
72.6236	7799
73.294	7836
73.9644	7535
74.637	7835
75.3073	7986
75.9799	7992
76.65	7522
77.3202	7553
77.9926	7506
78.6627	7510
79.335	7355
80.0049	7093
80.6749	7403
81.347	7175
82.0169	7311
82.6866	7342
83.3587	7411
84.0284	7505
84.698	7307
85.3676	7186
86.0394	6841
86.7089	7632
87.3784	6843
88.0478	6952
88.7195	7226
89.3888	6872
90.0581	6990
90.7273	7071
91.3987	6899
92.0679	7041
92.737	6891
93.406	6919
94.075	7039
94.744	6957
95.4151	6948
96.084	6854
96.7528	6790
97.4216	6772
98.0903	6567
98.759	6700
99.4276	6647
100.096	6679
100.765	6608
101.435	6525
102.104	6655
102.772	6447
103.441	6570
104.109	6519
104.777	6510
105.445	6572
106.114	6637
106.782	6665
107.45	6546
108.118	6361
108.786	6089
109.454	6165
110.122	6008
110.789	6282
111.457	6095
112.123	6151
112.79	6112
113.458	5930
114.126	6109
114.793	6099
115.461	6217
116.128	6258
116.796	6063
117.463	6005
118.128	6041
118.795	5740
119.463	5709
120.13	5542
120.797	5662
121.464	5783
122.129	5509
122.796	5510
123.463	5682
124.13	5472
124.794	5681
125.461	5774
126.128	5677
126.795	5612
127.459	5827
128.126	5590
128.792	5487
129.459	5457
130.123	5535
130.79	5537
131.456	5546
132.12	5504
132.786	5432
133.453	5510
134.117	5529
134.783	5346
135.447	5321
136.113	5333
136.779	5368
137.443	5378
138.108	5395
138.772	5392
139.438	5344
140.104	5384
140.767	5190
141.433	5113
142.096	5226
142.762	5177
143.425	5199
144.091	5069
144.754	5150
145.42	5174
146.083	5084
146.748	4964
147.411	5085
148.076	5138
148.739	4915
149.404	4981
150.067	4976
150.73	4943
151.395	5152
152.058	5129
152.723	5076
153.385	5138
154.048	4945
154.713	4782
155.375	4890
156.038	5013
156.702	4966
157.365	4827
158.027	4999
158.692	4789
159.354	4975
160.016	4877
160.68	4836
161.343	4761
162.005	4833
162.667	4949
163.331	4725
163.993	4738
164.655	4726
165.316	4780
165.978	4664
166.642	4721
167.304	4672
167.965	4716
168.627	4684
169.289	4639
169.952	4649
170.614	4542
171.275	4731
171.936	4706
172.598	4688
173.259	4702
173.92	4569
174.581	4540
175.245	4515
175.906	4697.79
176.567	4896
177.228	4507
177.889	4595
178.55	4683
179.211	4633
179.871	4657
180.532	4693
181.193	4802
181.854	4589
182.514	4653
183.175	4637.34
183.835	4543
184.496	4551
185.156	4620
185.817	4585
186.477	4588
187.137	4600
187.798	4504
188.456	4545
189.116	4497
189.776	4456
190.436	4510
191.096	4656
191.756	4617
192.416	4462
193.076	4558
193.733	4544
194.393	4518
195.053	4494
195.713	4765
196.372	4481
197.03	4637
197.689	4667
198.349	4558
199.008	4578
199.666	4632
200.325	4578
200.984	4511
201.644	4557
202.301	4786
202.96	4582.94
203.619	4581.09
204.278	4490
204.935	4585.49
205.594	4567
206.253	4569
206.91	4417
207.569	4579
208.225	4621
208.884	4683
209.543	4458
210.199	4742
210.858	4590
211.517	4479
212.173	4688
212.832	4660
213.488	4619
214.146	4512
214.803	4697
215.461	4641
216.117	4598.31
216.775	4423
217.431	4545
218.089	4522
218.745	4536
219.403	4576
220.059	4651
220.717	4687
221.373	4607
222.031	4566
222.687	4635
223.344	4702
224	4565
224.658	4620
225.313	4549
225.968	4630
226.626	4527
227.281	4607
227.937	4490
228.594	4563
229.249	4633
229.907	4737.83
230.562	4686.66
231.217	4661
231.872	4679
232.529	4499
233.184	4480
233.839	4623
234.496	4667
235.151	4827
235.805	4768
236.46	4716
237.117	4793
237.771	4820
238.426	4727
239.081	4773
239.737	4896
240.392	4696
241.046	4741
241.7	4724
242.355	4857
243.009	4767
243.665	4693
244.319	4842
244.974	4662
245.628	4811
246.282	4784
246.936	5004
247.59	4777
248.243	4868
248.897	4820
249.551	4774
250.207	4807
250.861	4794
251.514	4879
252.168	4858
252.822	4959
253.475	4816
254.129	4905
254.782	4818
255.435	4805
256.089	4814
256.742	4801
257.395	4902
258.048	4880
258.699	4856
259.353	4649
260.006	4752
260.659	4929
261.312	4895
261.965	4875
262.617	4657
263.27	4846
263.923	4925
264.576	4982
265.226	5004
265.879	4968
266.532	5121
267.184	5021
267.837	4966
268.487	4953
269.14	5097
269.792	5123
270.444	4950
271.097	4958
271.747	4954
272.399	4958
273.051	4954
273.703	5119
274.353	5156
275.005	5127
275.657	5059
276.307	5102
276.959	4950
277.611	5179
278.26	5057
278.912	5049
279.564	4992
280.213	5088
280.865	5179
281.517	5119
282.166	5177
282.817	5046
283.467	5257
284.118	5183
284.769	5249
285.419	5057
286.07	5133
286.719	5119
287.37	5183
288.019	5127
288.67	5206
289.319	5258
289.97	5226
290.619	5108
291.27	5306
291.918	5160
292.569	5018
293.218	5083
293.869	5219
294.517	5123
295.168	5290
295.816	5041
296.465	5239
297.115	5021
297.763	5206
298.414	5181
299.062	5005
299.71	5315
300.361	5408
301.009	5282
301.657	5249
302.307	5252
302.955	5350
303.603	5491
304.253	5287
304.9	5405
305.548	5297
306.196	5075
306.846	5327
307.493	5239
308.141	5268
308.788	5470
309.438	5489
310.086	5462
310.733	5483
311.38	5508
312.028	5585
312.677	5465
313.324	5477
313.972	5508
314.619	5449
315.266	5530
315.913	5578
316.56	5462
317.209	5650
317.856	5397
318.503	5483
319.15	5833
319.796	5607
320.443	5599
321.09	5545
321.736	5569
322.383	5787
323.03	5683
323.676	5418
324.323	5679
324.969	5589
325.615	5714
326.262	5658.82
326.908	5664
327.554	5832.7
328.201	5767.74
328.847	5493.5
329.493	5745.05
330.139	5856.78
330.785	5857.68
331.431	5768.74
332.077	5689.63
332.721	5806.39
333.366	5793.45
334.012	5759.12
334.658	5766
335.304	5883.75
335.949	5898.58
336.595	5934.79
337.238	5980.21
337.884	6029.24
338.53	6083.32
339.175	6005.04
339.82	5969.03
340.464	6127.42
341.109	6033.71
341.754	6030.54
342.4	6053.26
343.042	6173.54
343.688	6112.46
344.333	6262.62
344.978	6129.68
345.621	6172.92
346.266	6314.49
346.911	6237.65
347.553	5987.58
348.198	6319.7
348.843	6411.04
349.486	6349.18
350.13	6553.75
350.775	6394.83
351.417	6249.93
352.062	6459.5
352.704	6467.38
353.349	6459.84
353.993	6359.25
354.635	6387.79
355.28	6671.67
355.922	6600.48
356.566	6680.06
357.208	6386.51
357.852	6455.06
358.494	6602.67
359.139	6567.05
359.78	6646.6
360.424	6631.71
361.066	6723.3
361.71	6540.69
362.352	6852.09
362.996	6707.15
363.637	6806.77
364.281	6867.38
364.923	6993.48
365.564	7102.31
366.208	7077.67
366.849	6884.54
367.493	6877.37
368.134	6964.08
368.775	6955.99
369.419	6878.1
370.06	6985.87
370.701	6907.59
371.344	6929.73
371.985	7041.78
372.626	7069.6
373.269	7105.45
373.91	7119.12
374.551	7133.96
375.194	7135.46
375.835	7185.05
376.476	7239.02
377.116	7388.07
377.759	7408.62
378.4	7330.45
379.04	7150.85
379.681	7239.37
380.321	7382.65
380.964	7258.32
381.604	7147.79
382.245	7328.09
382.885	7360.42
383.525	7393.07
384.166	7447.4
384.808	7331.69
385.448	7564.2
386.088	7568.64
386.728	7846.79
387.368	7471.09
388.008	7253.31
388.648	7610.47
389.288	7562.21
389.928	7683.38
390.568	7719.19
391.207	7882.3
391.847	7920.6
392.487	7836.18
393.126	7635.42
393.766	7793.68
394.405	7866.86
395.045	7732.78
395.684	7932.32
396.324	7934.62
396.963	7772.68
397.602	7854.46
398.242	8118.58
398.881	8063.99
399.52	8011.73
400.159	8161.11
400.798	8080.64
401.437	8284.98
402.076	8065.32
402.713	8114.03
403.352	8160.26
403.991	8237.21
404.63	8120.9
405.269	8114.54
405.907	8127.83
406.544	8351.75
407.183	8292.13
407.821	8443.03
408.46	8351.38
409.098	8359.85
409.735	8454.26
410.373	8391.89
411.011	8509.6
411.65	8616.82
412.286	8594.98
412.924	8445.75
413.562	8557.1
414.198	8732.13
414.837	8759.94
415.475	8512.21
416.111	8637.88
416.749	8955.71
417.387	8777.27
418.022	8669.25
418.66	8574.95
419.298	8896.48
419.934	8842.95
420.571	8941.21
421.207	8839.59
421.845	8998.9
422.482	8920.32
423.118	8970.92
423.755	8897.92
424.391	9045.16
425.028	9171.31
425.663	9065.23
426.301	9184.42
426.936	9074.3
427.573	8985.22
428.208	9044.12
428.845	9202.33
429.48	9342.04
430.117	9507.67
430.752	9521.5
431.389	9494.72
432.024	9573.69
432.661	9480.77
433.296	9674.75
433.931	10015.3
434.567	9723.05
435.202	9674.01
435.837	9662.54
436.473	9851.87
437.108	9817.22
437.744	9704.33
438.379	9957.38
439.013	10075
439.65	9922.43
440.284	10063.4
440.918	9805.66
441.552	10007.5
442.188	10005.7
442.823	10176.6
443.457	10413.9
444.091	10323.9
444.727	10387
445.361	10234.1
445.994	10322
446.628	10490.3
447.264	10423.3
447.898	10231.2
448.532	10587.4
449.165	10318.2
449.799	10565.4
450.433	10600.5
451.068	10551.5
451.702	10555.8
452.335	10684.2
452.969	10812.5
453.602	10760.6
454.235	10862.5
454.869	10548.4
455.502	10752.4
456.135	10586
456.768	10977.3
457.403	10657.3
458.036	10810.8
458.67	10939.7
459.302	10909.6
459.935	10709.3
460.568	10975.2
461.201	10962.3
461.834	11020.2
462.467	11024.1
463.099	11097.5
463.732	11016.5
464.363	10999.8
464.995	11146.1
465.628	11038.1
466.26	10925.3
466.893	11202.2
467.525	11081.1
468.158	11037.8
468.79	11223.4
469.422	11022.8
470.054	11076.6
470.685	11163
471.317	10794.8
471.949	11101.3
472.581	10863.3
473.213	10996.7
473.843	11287.3
474.475	11171.3
475.107	11320.8
475.739	11195.2
476.37	11413.4
477	11454.1
477.632	11377.6
478.263	11490.8
478.895	11433.7
479.525	11326.2
480.156	11208.7
480.788	11443.3
481.417	11166
482.048	11357.7
482.68	11236.1
483.309	11131.3
483.94	11311.7
484.572	11156.6
485.201	11182.1
485.832	11216
486.461	11094.3
487.092	11063.6
487.723	10918.2
488.352	10815.4
488.983	10827
489.612	10891.8
490.243	10693
490.871	10739.1
491.502	10349.5
492.133	10193.2
492.762	10352.3
493.392	10100.1
494.021	10045.6
494.651	9867.73
495.28	9729.69
495.908	9608.58
496.539	9420.11
497.167	9418.7
497.797	9422.08
498.425	9225.67
499.056	9204.99
499.684	9124.96
500.312	8830.72
500.942	8621.28
501.57	8409.39
502.2	8158.29
502.828	8109.72
503.456	8106.18
504.086	7867
504.714	7564.33
505.341	7375.82
505.971	7350.35
506.599	7221.26
507.227	7139.2
507.854	6799.94
508.484	6782.7
509.111	6650.06
509.739	6735.78
510.366	6386.35
510.996	6310.34
511.623	6248.42
512.25	6020.27
512.877	5971.66
513.507	5806.79
514.134	5785.68
514.761	5653.88
515.388	5388.38
516.015	5302.33
516.642	5324.2
517.269	5033.25
517.898	4962.83
518.525	4863.06
519.152	4862.18
519.779	4721.97
520.405	4692.73
521.032	4591.37
521.659	4569.92
522.285	4443.96
522.912	4365.16
523.538	4313.32
524.165	4304.36
524.791	4264.19
525.418	4159.72
526.044	4090.59
526.67	4004.89
527.297	3888.49
527.923	3927.03
528.549	3906.5
529.175	3731.13
529.801	3734.92
530.427	3768.21
531.053	3733.22
531.679	3622.6
532.305	3673.41
532.931	3526.07
533.557	3579.14
534.181	3634.26
534.806	3423.44
535.432	3362.51
536.058	3449.79
536.683	3416.13
537.309	3421.95
537.932	3396.29
538.558	3340.53
539.183	3255.12
539.809	3280.46
540.434	3274.68
541.057	3203.73
541.683	3282.71
542.308	3136.61
542.933	3119.48
543.556	3118.26
544.181	3107.77
544.806	3193.8
545.429	3075.61
546.054	3056.04
546.679	3058.85
547.302	3051.07
547.927	3021.57
548.552	2939.52
549.174	2937.55
549.799	2951.82
550.424	2935.13
551.047	2937.82
551.671	2968.39
552.294	2940.09
552.918	2887.43
553.543	2772.08
554.165	2821
554.789	2883.23
555.412	2846.68
556.036	2802.74
556.658	2860.62
557.283	2806.47
557.905	2816.64
558.529	2827.83
559.151	2790.32
559.775	2853.5
560.397	2813.74
561.021	2733.88
561.643	2847.72
562.267	2786.76
562.888	2849.4
563.51	2712.27
564.134	2732.36
564.755	2726.46
565.379	2742.76
566.001	2748.15
566.622	2775.57
567.246	2708.66
567.867	2706.3
568.489	2700.43
569.112	2698.26
569.733	2687.24
570.355	2698.04
570.978	2701.6
571.599	2655.46
572.22	2647.13
572.841	2645.18
573.465	2641.37
574.086	2646.76
574.707	2699.46
575.328	2621.79
575.951	2608.98
576.571	2603.7
577.192	2550.38
577.813	2555.4
578.434	2405.51
579.054	2533.23
579.677	2572.7
580.298	2536.6
580.918	2523.88
581.539	2482.55
582.159	2539.63
582.78	2435.53
583.4	2475.15
584.02	2369.14
584.643	2462.67
585.263	2471.86
585.883	2412.7
586.504	2437.38
587.124	2405.74
587.744	2334.11
588.364	2409.46
588.984	2455.26
589.604	2363.28
590.224	2350.77
590.844	2352.27
591.464	2410.64
592.083	2376.69
592.703	2303.56
593.323	2320.29
593.943	2328.13
594.56	2308.29
595.18	2274.84
595.799	2178.97
596.419	2288.1
597.038	2251.38
597.658	2245.9
598.277	2239.66
598.897	2239.48
599.514	2286.61
600.133	2162.6
600.752	2272.48
601.371	2154.31
601.991	2104.41
602.61	2199.14
603.227	2109.58
603.846	2085.57
604.465	2147.11
605.084	2041.7
605.7	2029.62
606.319	2063.19
606.938	1991.36
607.555	2026.82
608.174	2003.23
608.792	1999.86
609.411	1923.79
610.027	1901.39
610.646	1912.76
611.265	1921.53
611.881	1893.36
612.499	1931.76
613.116	1864.83
613.734	1866.65
614.352	1846.7
614.969	1848.39
615.587	1837.14
616.203	1929.63
616.821	1862.72
617.439	1794.18
618.055	1795.43
618.673	1749.75
619.289	1804
619.907	1755.58
620.523	1729.84
621.141	1719.4
621.756	1694.67
622.374	1693.05
622.99	1700.28
623.608	1695.56
624.223	1630.39
624.839	1646.62
625.456	1614.14
626.072	1581.41
626.689	1605.8
627.305	1585.93
627.92	1589.15
628.537	1563.76
629.153	1580.75
629.77	1575.35
630.385	1515.86
631	1552.04
631.617	1552.66
632.232	1516.35
632.847	1534.62
633.462	1532.4
634.079	1505.37
634.694	1480.82
635.309	1447.86
635.926	1459.11
636.541	1461.08
637.155	1444.47
637.77	1435.84
638.385	1396.1
639.001	1490.35
639.616	1407.44
640.23	1432.4
640.845	1405.23
641.459	1373.08
642.076	1369.45
642.69	1394.83
643.305	1350.98
643.919	1362.27
644.533	1345.45
645.147	1385.11
645.761	1377.27
646.375	1364.4
646.989	1356.57
647.603	1328.48
648.22	1316.3
648.834	1310.54
649.447	1343.17
650.061	1326.72
650.675	1327.27
651.289	1288.21
651.903	1284.76
652.516	1290.84
653.13	1289.57
653.744	1295.3
654.357	1280.57
654.969	1278.23
655.582	1299.2
656.195	1239.87
656.809	1224.87
657.422	1219.17
658.036	1238.02
658.649	1254.95
659.262	1222.94
659.875	1165.64
660.489	1276.23
661.099	1203.47
661.713	1212.3
662.326	1181.03
662.939	1179.37
663.552	1178.29
664.162	1187.58
664.775	1137.35
665.388	1212.23
666.001	1125.36
666.614	1127.28
667.224	1148.81
667.837	1145.12
668.45	1096.01
669.06	1145.55
669.673	1156.47
670.285	1168.03
670.898	1108.98
671.508	1110.68
672.12	1100.91
672.733	1137.33
673.343	1124.55
673.783	1110.07
674.406	1105.08
675.027	1082.06
675.65	1090.32
676.271	1088.5
676.894	1066.54
677.514	1075.57
678.137	1095.29
678.758	1108.98
679.38	1100.74
680.001	1051.92
680.621	1055.91
681.244	1060.09
681.864	1089.17
682.487	1065.62
683.107	1069.24
683.727	1060.51
684.35	1036.53
684.97	1061.84
685.592	1022
686.212	1051.84
686.832	1051.35
687.454	1036.23
688.074	1067.76
688.694	1000.05
689.316	1062.19
689.936	1042.91
690.556	1051.47
691.176	1050.16
691.797	1023.86
692.417	1050.18
693.037	1023.53
693.656	1004.32
694.278	1019.03
694.897	1005.77
695.517	983.55
696.136	1020.75
696.756	988.353
697.377	1077.09
697.996	922.669
698.616	985.697
699.235	1026.58
699.854	994.145
700.473	1026.73
701.094	986.395
701.714	981.533
702.333	1007.14
702.951	1037.46
703.57	966.914
704.189	986.508
704.808	982.527
705.427	973.1
706.046	970.951
706.664	996.016
707.283	958.336
707.902	970.539
708.52	983.951
709.139	960.648
709.757	990.616
710.376	975.46
710.994	968.776
711.613	989.437
712.231	943.261
712.849	981.367
713.468	947.973
714.086	933.43
714.704	978.878
715.322	973.01
715.94	958.553
716.558	944.092
717.177	985.609
717.794	973.429
718.412	956.777
719.028	953.959
719.646	968.259
720.264	961.25
720.882	951.793
721.499	975.323
722.117	978.478
722.733	961.87
723.35	989.637
723.968	958.244
724.585	1021.09
725.203	958.277
725.818	974.685
726.436	995.401
727.053	988.908
727.67	991.368
728.286	970.713
728.903	963.096
729.52	988.575
730.137	1000.37
730.752	984.538
731.369	971.211
731.986	1007.73
732.601	998.298
733.218	951.899
733.835	965.798
734.45	984.156
735.067	998.214
735.684	998.012
736.298	966.933
736.915	985.053
737.529	987.903
738.146	961.63
738.761	979.463
739.377	1017.32
739.994	1010.87
740.608	1001.11
741.224	974.896
741.839	1013.25
742.455	980.671
743.069	959.337
743.686	989.819
744.3	976.273
744.916	1003.12
745.53	979.808
746.146	998.552
746.76	973.218
747.376	980.096
747.99	1018.46
748.606	995.851
749.22	986.325
749.833	996.476
750.449	1023.04
751.063	966.357
751.679	1016.98
752.292	1006.63
752.906	1012.68
753.521	1013.19
754.135	1021.41
754.748	994.594
755.364	1006.99
755.977	992.232
756.59	1012.83
757.206	1028.58
757.819	1026.29
758.432	1026.58
759.047	1012.17
759.661	1032.65
760.274	1016.71
760.887	1036.31
761.502	998.198
762.115	1098.54
762.728	1063.14
763.34	1047.32
763.953	1067.08
764.568	1022.63
765.181	1042.31
765.794	1072.24
766.406	1059.26
767.019	1107.41
767.631	1112.62
768.246	1127.78
768.859	1106.11
769.471	1112.61
770.083	1088.97
770.696	1103.37
771.308	1120.69
771.92	1107.89
772.533	1137.72
773.145	1162.11
773.757	1112.64
774.371	1123.59
774.983	1143.08
775.595	1111
776.207	1134.37
776.819	1164.85
777.431	1146.44
778.043	1186.32
778.655	1203.02
779.267	1175.56
779.879	1162.18
780.49	1150.29
781.1	1155.5
781.712	1183.86
782.323	1183.28
782.935	1143.22
783.546	1162.41
784.158	1170.35
784.769	1185.2
785.381	1177.45
785.992	1181.34
786.603	1188.88
787.213	1154.9
787.824	1186.15
788.435	1182.58
789.046	1182.98
789.657	1189.77
790.268	1181.98
790.877	1203.55
791.488	1129.01
792.099	1149.57
792.71	1194.51
793.321	1195.87
793.93	1146.81
794.541	1229.57
795.151	1169.28
795.762	1181.98
796.371	1184.07
796.981	1187.75
797.592	1126.61
798.201	1175.01
798.811	1169.61
799.422	1184.54
800.03	1212.38
800.64	1179.1
801.251	1143.18
801.859	1163.76
802.469	1131.24
803.079	1146.06
803.687	1096.34
804.298	1121.92
804.906	1095.11
805.516	1114.85
806.124	1140.92
806.734	1114.49
807.344	1116.6
807.951	1100.99
808.561	1091.17
809.169	1080.6
809.779	1086.95
810.387	1062.94
810.996	1041
811.604	1007.49
812.214	1055.45
812.821	1065.24
813.431	1019
814.038	1054.48
814.648	1021.15
815.255	1004.18
815.862	999.567
816.471	995.939
817.079	977.612
817.688	980.162
818.295	961.143
818.902	947.562
819.511	955.149
820.118	933.119
820.725	900.845
821.334	922.537
821.941	933.383
822.548	870.758
823.157	902.84
823.764	891.502
824.371	897.33
824.98	870.741
825.586	861.416
826.193	829.449
826.799	819.286
827.408	842.229
828.015	826.144
828.621	808.392
829.227	798.802
829.836	785.468
830.442	773.936
831.049	763.791
831.655	744.119
832.261	733.543
832.867	728.438
833.476	726.707
834.082	707.621
834.688	699.261
835.294	724.242
835.9	696.003
836.506	707.397
837.112	693.769
837.718	703.878
838.325	685.256
838.931	672.275
839.537	652.491
840.143	649.282
840.748	639.085
841.354	649.725
841.96	684.736
842.565	662.38
843.171	665.456
843.776	648.907
844.382	675.221
844.987	653.293
845.592	653.857
846.198	672.799
846.803	639.982
847.408	630.436
848.013	659.755
848.616	660.124
849.222	641.523
849.827	670.692
850.432	677.399
851.037	638.425
851.642	678.293
852.247	682.444
852.852	676.115
853.456	657.194
854.059	656.038
854.664	690.322
855.269	705.075
855.873	657.989
856.478	694.369
857.08	714.09
857.685	703.727
858.289	697.841
858.894	715.418
859.496	729.863
860.101	737.805
860.705	736.25
861.309	738.143
861.912	749.17
862.516	750.341
863.12	746.107
863.722	747.397
864.326	752.905
864.93	775.11
865.532	790.069
866.136	772.177
866.74	765.005
867.342	796.165
867.946	767.308
868.55	774.523
869.152	829.602
869.756	812.049
870.357	800.775
870.961	809.148
871.565	847.055
872.166	947.655
872.77	851.086
873.371	851.184
873.975	852.965
874.576	853.646
875.179	816.489
875.781	898.56
876.384	879.786
876.985	855.02
877.589	869.221
878.19	878.105
878.793	892.607
879.394	877.692
879.995	877.152
880.598	888.18
881.199	891.826
881.802	901.334
882.403	882.079
883.006	923.333
883.607	960.082
884.207	953.14
884.81	918.694
885.411	945.126
886.011	992.37
886.614	971.44
887.215	940.512
887.815	976.725
888.418	977.436
889.018	978.503
889.619	984.261
890.219	1014.22
890.821	980.057
891.422	1012.07
892.022	999.725
892.622	1001.82
893.224	1045.05
893.825	1037.41
894.425	999.952
895.025	1002.95
895.625	1002.46
896.227	1018.16
896.827	1020.7
897.427	1026.34
898.026	1015.89
898.626	1030.57
899.226	1050
899.828	1057.59
900.427	1019
901.027	1047.6
901.627	1056.38
902.226	1092.03
902.826	1056.98
903.425	1049.22
904.025	1046.92
904.624	1091.08
905.224	1059.76
905.823	1044.42
906.422	1034.67
907.022	1088.61
907.621	1040.61
908.22	1067.58
908.819	1086.74
909.418	1103.76
910.017	1065.84
910.616	1074.36
911.215	1045.96
911.814	1060.32
912.413	1109.08
913.012	1127.9
913.611	1051.13
914.21	1073.78
914.807	1058.75
915.405	1110.39
916.004	1092.31
916.603	1105.06
917.201	1107.49
917.8	1127.46
918.398	1086.56
918.995	1044.72
919.593	1078.97
920.192	1096.7
920.79	1136.25
921.388	1170.08
921.984	1051.76
922.583	1078.83
923.181	1098.69
923.779	1105.7
924.375	1125.98
924.973	1048.57
925.571	1085.69
926.167	1075.25
926.765	1103.36
927.363	1057.21
927.961	1024.55
928.557	1097.2
929.155	1026.09
929.753	1058.98
930.348	1018.56
930.946	1031.67
931.542	1052.61
932.139	1050.04
932.737	1056.14
933.332	1065.82
933.93	1039.6
934.525	1036.11
935.123	1017.62
935.718	1020.46
936.315	1048.1
936.913	1085.08
937.508	1042.92
938.105	1058.37
938.7	1062.95
939.298	991.245
939.893	999.195
940.49	1015.3
941.085	1007.82
941.68	1027.02
942.277	1004.69
942.872	979.753
943.468	991.517
944.063	974.211
944.66	960.886
945.255	971.8
945.849	962.627
946.446	969.513
947.041	935.902
947.635	960.382
948.232	951.37
948.826	966.383
949.423	913.027
950.017	930.343
950.612	973.164
951.206	975.041
951.802	910.071
952.397	908.509
952.991	963.754
953.587	964.617
954.181	919.886
954.775	913.166
955.37	931.687
955.966	931.692
956.56	889.942
957.154	918.669
957.747	894.45
958.341	896.784
958.937	898.898
959.531	882.342
960.125	905.658
960.719	878.16
961.312	889.214
961.906	877.166
962.499	864.435
963.093	876.217
963.689	862.147
964.282	806.166
964.876	880.029
965.469	880.038
966.062	889.447
966.656	876.91
967.249	866.373
967.842	864.516
968.435	868.299
969.029	868.489
969.622	879.347
970.215	873.61
970.808	848.5
971.401	840.994
971.994	862.215
972.587	850.097
973.18	862.02
973.773	868.841
974.366	884.401
974.958	859.86
975.551	896.074
976.142	874.759
976.734	864.599
977.327	860.437
977.92	860.523
978.512	892.061
979.105	885.778
979.697	872.093
980.29	879.677
980.88	872.207
981.473	879.446
982.065	904.128
982.657	878.043
983.249	906.576
983.84	881.157
984.432	875.732
985.024	910.35
985.616	878.787
986.206	948.329
986.798	882.863
987.39	910.975
987.98	905.679
988.572	880.006
989.164	928.489
989.754	900.673
990.345	883.856
990.937	891.238
991.527	960.183
992.119	933.159
992.71	916.749
993.3	917.743
993.891	932.893
994.483	960.759
995.072	933.958
995.664	905.948
996.253	938.999
996.845	909.757
997.434	942.07
998.025	941.74
998.614	930.258
999.206	930.825
999.797	944.314
1000.39	947.338
1000.98	978.695
1001.57	928.594
1002.16	940.213
1002.75	972
1003.34	978.139
1003.93	959.351
1004.51	1003.3
1005.11	973.132
1005.69	986.859
1006.29	991.351
1006.87	1003.17
1007.46	985.583
1008.05	1018.18
1008.64	1002.72
1009.23	986.522
1009.82	998.622
1010.41	1020.63
1011	1058.09
1011.59	971.899
1012.18	999.007
1012.76	989.031
1013.36	1009.63
1013.94	1008.35
1014.53	999.5
1015.12	1028.61
1015.71	1004.67
1016.3	1032.32
1016.89	1023.24
1017.47	1027.56
1018.06	1033.31
1018.65	1016.24
1019.24	1002.2
1019.83	1023.28
1020.42	1029.61
1021	1049.5
1021.59	1043.48
1022.18	1048.6
1022.77	1062.77
1023.36	1043.61
1023.94	1042.36
1024.53	1097.2
1025.12	1030.9
1025.71	1038.12
1026.3	978.815
1026.88	1066.98
1027.47	1025.72
1028.06	1020.83
1028.65	1012.06
1029.23	1062.59
1029.82	1076.6
1030.41	1037.8
1030.99	1034.64
1031.58	1048.99
1032.17	1049.17
1032.76	1059.93
1033.34	1075.29
1033.93	1063.16
1034.52	1054.45
1035.1	1064.36
1035.69	1068.11
1036.27	1071.72
1036.86	1080
1037.45	1019.8
1038.03	1066.57
1038.62	1035.84
1039.21	1083.78
1039.79	1043.32
1040.38	1047.17
1040.97	1048.55
1041.55	1030.91
1042.14	1065.83
1042.72	1049.57
1043.31	1045.71
1043.9	1040.62
1044.48	1046.56
1045.07	1044.25
1045.65	1036.01
1046.24	1045.81
1046.82	1024.04
1047.41	1044.03
1047.99	1051.94
1048.58	1052.59
1049.17	1036.38
1049.75	1060.57
1050.34	1045.73
1050.92	1061.89
1051.51	1056.47
1052.09	1017.48
1052.68	1017.94
1053.26	998.682
1053.85	1053.64
1054.43	1032.32
1055.02	1053.98
1055.6	1057.26
1056.19	1039.02
1056.77	1040.02
1057.35	1049.96
1057.94	1058.51
1058.52	1039.48
1059.11	1054.34
1059.69	1064.68
1060.28	1042.4
1060.86	1131.56
1061.45	1063.61
1062.03	1054.39
1062.61	1027.01
1063.2	1021.57
1063.78	1113.92
1064.36	1068.02
1064.95	1016.77
1065.53	1025.17
1066.12	1044.66
1066.7	1065.1
1067.28	1073.89
1067.87	1034.02
1068.45	1004.67
1069.03	1047.79
1069.62	1066.87
1070.2	1064.26
1070.78	1066.02
1071.37	1054.15
1071.95	1038.91
1072.53	1043.99
1073.12	1021.99
1073.7	1057.45
1074.28	1058.36
1074.86	1056.16
1075.45	1037.16
1076.03	1044.88
1076.61	1086.18
1077.19	1077.23
1077.78	1103.9
1078.36	1061.26
1078.94	1079.41
1079.52	1056.45
1080.11	1109.91
1080.69	1082.02
1081.27	1120.86
1081.85	1122.22
1082.44	1116.73
1083.02	1077.51
1083.6	1146.33
1084.18	1134.39
1084.76	1119.06
1085.34	1123
1085.93	1126.32
1086.51	1130.31
1087.09	1211.34
1087.67	1115.75
1088.25	1183.92
1088.84	1162.35
1089.42	1197.05
1090	1190.78
1090.58	1195.94
1091.16	1248.17
1091.74	1208.21
1092.32	1248.75
1092.9	1214.19
1093.49	1247.15
1094.06	1235.38
1094.65	1226.36
1095.23	1287.36
1095.81	1269.65
1096.39	1236.12
1096.97	1234.35
1097.55	1286.15
1098.13	1259.51
1098.71	1321.77
1099.29	1322.76
1099.87	1347.31
1100.45	1400.04
1101.03	1367.71
1101.61	1370.75
1102.19	1368.02
1102.77	1328.43
1103.35	1397.39
1103.93	1418.96
1104.51	1394
1105.09	1422.54
1105.67	1438.07
1106.25	1439.65
1106.83	1471.59
1107.41	1450.65
1107.99	1469.95
1108.57	1457.32
1109.15	1532.01
1109.73	1493.26
1110.31	1525.54
1110.89	1519.75
1111.47	1450.27
1112.05	1540.97
1112.63	1504.97
1113.2	1517.06
1113.78	1518.4
1114.36	1518.52
1114.94	1589.07
1115.52	1534.01
1116.1	1567.06
1116.68	1563.64
1117.26	1533.49
1117.83	1548.48
1118.41	1537.21
1118.99	1564.17
1119.57	1644.52
1120.15	1596.84
1120.73	1615.78
1121.3	1574.55
1121.88	1593.76
1122.46	1600.91
1123.04	1600.08
1123.62	1650.62
1124.19	1609.17
1124.77	1645.66
1125.35	1638.41
1125.93	1639.71
1126.51	1603.43
1127.08	1648.12
1127.66	1658.09
1128.24	1679.7
1128.82	1640.02
1129.4	1678.14
1129.97	1619.7
1130.55	1621.8
1131.13	1608.49
1131.7	1656.29
1132.28	1646.57
1132.86	1657.77
1133.44	1670.94
1134.01	1657.32
1134.59	1694.78
1135.17	1645.76
1135.74	1622.4
1136.32	1647.55
1136.9	1685.27
1137.47	1661.04
1138.05	1658.52
1138.63	1637.22
1139.2	1635.62
1139.78	1694.44
1140.36	1628.83
1140.93	1643.21
1141.51	1694.2
1142.08	1700.37
1142.66	1652.57
1143.24	1645.37
1143.81	1634.26
1144.39	1632.27
1144.96	1596.23
1145.54	1633.99
1146.12	1668.96
1146.69	1599.2
1147.27	1635.99
1147.84	1695.93
1148.42	1613.23
1148.99	1606.06
1149.57	1615.27
1150.15	1643.06
1150.72	1626.77
1151.29	1620.01
1151.87	1608.62
1152.45	1572.57
1153.02	1596.55
1153.6	1669.4
1154.17	1549.63
1154.75	1573.06
1155.32	1600.24
1155.9	1600.36
1156.47	1506.43
1157.04	1571.16
1157.62	1529.99
1158.19	1492.53
1158.77	1517.07
1159.34	1530.56
1159.92	1586.06
1160.49	1536.3
1161.07	1539.78
1161.64	1577.22
1162.21	1528.42
1162.79	1558.7
1163.36	1496.42
1163.94	1517.35
1164.51	1525.72
1165.09	1707.45
1165.66	1541.68
1166.23	1492.66
1166.81	1497.12
1167.38	1457.27
1167.95	1424.89
1168.53	1464.82
1169.1	1448.58
1169.67	1456.64
1170.25	1435.62
1170.82	1435.59
1171.4	1433.13
1171.97	1365.77
1172.54	1368.5
1173.12	1332.4
1173.69	1398.77
1174.26	1393.13
1174.83	1317.92
1175.41	1348.94
1175.98	1336.83
1176.55	1346.32
1177.12	1321.96
1177.7	1351.21
1178.27	1271.15
1178.84	1286.48
1179.42	1257.3
1179.99	1296.64
1180.56	1298.59
1181.13	1231.83
1181.71	1231.32
1182.28	1234.65
1182.85	1249.59
1183.42	1233.27
1183.99	1184.51
1184.57	1161.46
1185.14	1221.1
1185.71	1172.8
1186.28	1133.66
1186.85	1154.89
1187.42	1184.97
1188	1100.55
1188.57	1146.37
1189.14	1105.47
1189.71	1160.3
1190.28	1050.4
1190.85	1072.41
1191.42	1065.56
1192	1031.83
1192.57	1050.95
1193.14	1038.91
1193.71	1025.02
1194.28	1021.46
1194.85	988.373
1195.42	983.731
1195.99	981.974
1196.56	953.167
1197.14	924.316
1197.71	949.416
1198.28	974.644
1198.85	921.977
1199.42	932.546
1199.99	906.125
1200.56	932.629
1201.13	901.415
1201.7	910.104
1202.27	876.858
1202.84	849.615
1203.41	858.061
1203.98	807.694
1204.55	821.992
1205.12	793.719
1205.69	829.177
1206.26	814.395
1206.83	774.066
1207.4	793.126
1207.97	764.578
1208.54	782.136
1209.11	754.89
1209.68	763.44
1210.25	695.945
1210.82	683.533
1211.39	719.694
1211.96	700.451
1212.53	712.297
1213.09	666.527
1213.66	666.223
1214.23	663.088
1214.8	664.137
1215.37	655.114
1215.94	650.844
1216.51	664.616
1217.08	641.257
1217.65	620.374
1218.21	593.131
1218.78	583.817
1219.35	586.935
1219.92	591.35
1220.49	546.102
1221.06	576.052
1221.63	545.207
1222.19	563.411
1222.76	552.05
1223.33	527.102
1223.9	506.168
1224.47	507.851
1225.03	538.218
1225.6	508.512
1226.17	498.687
1226.74	506.79
1227.31	454.954
1227.87	464.929
1228.44	471.966
1229.01	453
1229.16	466
1229.73	444
1230.31	453
1230.88	483
1231.45	450
1232.03	449
1232.6	439
1233.17	410
1233.74	429
1234.32	415
1234.89	397
1235.46	373
1236.03	413
1236.61	409
1237.18	397
1237.75	381
1238.32	391
1238.89	377
1239.47	399
1240.04	369
1240.61	380
1241.18	362
1241.75	357
1242.32	370
1242.9	349
1243.47	359
1244.04	367
1244.61	351
1245.18	332
1245.75	363
1246.33	346
1246.9	335
1247.47	334
1248.04	334
1248.61	318
1249.18	328
1249.75	353
1250.32	336
1250.89	336
1251.47	323
1252.03	353
1252.61	335
1253.18	341
1253.75	342
1254.32	307
1254.89	345
1255.46	313
1256.03	312
1256.6	322
1257.17	303
1257.74	337
1258.31	344
1258.88	332
1259.45	333
1260.02	327
1260.59	408
1261.16	368
1261.73	369
1262.3	393
1262.87	336
1263.44	311
1264.01	318
1264.58	329
1265.15	312
1265.72	363
1266.29	349
1266.85	326
1267.42	352
1267.99	344
1268.56	363
1269.13	338
1269.7	348
1270.27	350
1270.84	360
1271.41	336
1271.98	335
1272.55	311
1273.11	317
1273.68	306
1274.25	294
1274.82	324
1275.39	324
1275.96	310
1276.53	307
1277.09	321
1277.66	309
1278.23	303
1278.8	315
1279.37	313
1279.93	303
1280.5	287
1281.07	300
1281.64	276
1282.21	294
1282.77	307
1283.34	288
1283.91	285
1284.48	287
1285.04	277
1285.61	252
1286.18	289
1286.75	290
1287.31	275
1287.88	293
1288.45	303
1289.02	288
1289.58	287
1290.15	297
1290.72	291
1291.28	312
1291.85	296
1292.42	267
1292.98	282
1293.55	277
1294.12	278
1294.68	271
1295.25	263
1295.82	281
1296.38	298
1296.95	314
1297.52	293
1298.08	272
1298.65	296
1299.21	287
1299.78	267
1300.35	274
1300.91	277
1301.48	277
1302.05	281
1302.61	274
1303.18	270
1303.74	285
1304.31	277
1304.87	287
1305.44	287
1306	279
1306.57	282
1307.14	298
1307.7	277
1308.27	267
1308.83	283
1309.4	273
1309.96	315
1310.53	300
1311.09	296
1311.66	290
1312.22	289
1312.79	271
1313.35	278
1313.92	304
1314.48	275
1315.04	301
1315.61	278
1316.17	278
1316.74	287
1317.3	272
1317.87	286
1318.43	287
1319	288
1319.56	261
1320.12	270
1320.69	282
1321.25	269
1321.82	288
1322.38	301
1322.94	292
1323.51	265
1324.07	282
1324.63	295
1325.2	247
1325.76	287
1326.33	278
1326.89	264
1327.45	282
1328.02	279
1328.58	240
1329.14	254
1329.71	253
1330.27	277
1330.83	245
1331.39	275
1331.96	263
1332.52	268
1333.08	249
1333.65	269
1334.21	264
1334.77	260
1335.33	287
1335.9	282
1336.46	254
1337.02	274
1337.58	283
1338.15	269
1338.71	265
1339.27	293
1339.83	240
1340.4	282
1340.96	280
1341.52	244
1342.08	262
1342.64	255
1343.21	285
1343.77	276
1344.33	291
1344.89	276
1345.45	274
1346.01	270
1346.57	265
1347.14	277
1347.7	271
1348.26	266
1348.82	261
1349.38	273
1349.94	269
1350.5	295
1351.06	301
1351.63	268
1352.19	254
1352.75	257
1353.31	287
1353.87	285
1354.43	289
1354.99	273
1355.55	297
1356.11	285
1356.67	264
1357.23	272
1357.8	283
1358.36	278
1358.92	290
1359.48	231
1360.03	289
1360.6	269
1361.16	293
1361.72	294
1362.28	289
1362.84	273
1363.4	298
1363.96	271
1364.52	290
1365.07	284
1365.63	298
1366.19	320
1366.75	300
1367.31	313
1367.87	313
1368.43	304
1368.99	313
1369.55	284
1370.11	294
1370.67	326
1371.23	337
1371.79	333
1372.35	346
1372.91	361
1373.46	364
1374.02	359
1374.58	395
1375.14	424
1375.7	449
1376.26	444
1376.82	474
1377.38	509
1377.93	527
1378.49	537
1379.05	537
1379.61	545
1380.17	557
1380.73	497
1381.28	472
1381.84	463
1382.4	444
1382.96	393
1383.52	392
1384.07	345
1384.63	359
1385.19	435
1385.75	332.289
1386.3	354.63
1386.86	584
1387.42	313
1387.98	286
1388.54	289
1389.09	272
1389.65	285
1390.21	299
1390.77	301
1391.32	304
1391.88	261
1392.44	283
1392.99	277
1393.55	279
1394.11	310
1394.66	291
1395.22	275
1395.78	303
1396.33	279
1396.89	295
1397.45	303
1398	266
1398.56	285
1399.12	269
1399.67	279
1400.23	265
1400.79	262
1401.34	290
1401.9	273
1402.45	293
1403.01	309
1403.57	290
1404.12	271
1404.68	287
1405.23	259
1405.79	269
1406.34	261
1406.9	281
1407.45	277
1408.01	254
1408.57	278
1409.12	293
1409.68	269
1410.23	298
1410.79	261
1411.34	275
1411.9	275
1412.45	273
1413.01	290
1413.56	277
1414.12	263
1414.67	283
1415.23	257
1415.78	267
1416.34	269
1416.89	271
1417.45	258
1418	288
1418.56	281
1419.11	278
1419.67	266
1420.22	276
1420.77	297
1421.33	253
1421.88	281
1422.44	285
1422.99	263
1423.54	305
1424.1	279
1424.65	266
1425.21	292
1425.76	268
1426.31	301
1426.87	273
1427.42	252
1427.97	287
1428.53	273
1429.08	275
1429.63	257
1430.19	264
1430.74	272
1431.29	266
1431.85	284
1432.4	306
1432.95	273
1433.51	272
1434.06	268
1434.61	284
1435.17	263
1435.72	286
1436.27	292
1436.82	274
1437.38	278
1437.93	275
1438.48	301
1439.03	261
1439.59	271
1440.14	280
1440.69	267
1441.24	289
1441.8	255
1442.35	282
1442.9	259
1443.45	279
1444	279
1444.56	288
1445.11	262
1445.66	277
1446.21	262
1446.76	263
1447.31	281
1447.87	275
1448.42	261
1448.97	268
1449.52	267
1450.07	278
1450.62	263
1451.18	287
1451.73	282
1452.28	277
1452.83	250
1453.38	269
1453.93	273
1454.48	281
1455.03	283
1455.58	268
1456.14	270
1456.69	293
1457.24	276
1457.79	273
1458.34	258
1458.89	273
1459.44	268
1459.99	252
1460.54	285
1461.09	256
1461.64	263
1462.19	278
1462.74	267
1463.29	289
1463.84	254
1464.39	284
1464.94	282
1465.49	259
1466.04	269
1466.59	263
1467.14	272
1467.69	260
1468.24	259
1468.79	279
1469.34	272
1469.89	269
1470.44	267
1470.99	281
1471.54	259
1472.09	258
1472.63	276
1473.18	297
1473.73	278
1474.28	274
1474.83	268
1475.38	286
1475.93	259
1476.48	260
1477.03	279
1477.58	277
1478.13	263
1478.67	251
1479.22	275
1479.77	274
2699.9	311
2700.37	322
2700.84	313
2701.3	312
2701.77	330
2702.24	340
2702.71	396
2703.17	341
2703.64	367
2704.11	363
2704.57	353
2705.04	368
2705.51	361
2705.98	370
2706.44	367
2706.91	364
2707.38	382
2707.84	375
2708.31	375
2708.78	373
2709.24	360
2709.71	371
2710.18	340
2710.64	382
2711.11	356
2711.57	397
2712.04	377
2712.51	365
2712.97	371
2713.44	386
2713.91	370
2714.37	359
2714.84	356
2715.3	376
2715.77	360
2716.24	370
2716.7	355
2717.17	365
2717.64	352
2718.1	342
2718.57	350
2719.03	356
2719.5	351
2719.96	382
2720.43	353
2720.89	375
2721.36	355
2721.83	362
2722.29	390
2722.76	388
2723.22	343
2723.69	380
2724.15	351
2724.62	388
2725.08	385
2725.55	379
2726.01	357
2726.48	379
2726.94	351
2727.41	341
2727.87	342
2728.34	372
2728.8	361
2729.27	359
2729.73	375
2730.2	354
2730.66	375
2731.13	355
2731.59	369
2732.06	372
2732.52	363
2732.99	351
2733.45	369
2733.91	359
2734.38	356
2734.84	370
2735.31	352
2735.77	362
2736.23	368
2736.7	361
2737.16	348
2737.63	369
2738.09	366
2738.56	351
2739.02	332
2739.48	357
2739.95	360
2740.41	327
2740.88	357
2741.34	382
2741.8	391
2742.27	352
2742.73	348
2743.19	325
2743.66	338
2744.12	367
2744.58	360
2745.05	351
2745.51	325
2745.97	352
2746.44	369
2746.9	373
2747.36	350
2747.83	362
2748.29	363
2748.75	376
2749.22	363
2749.68	360
2750.14	354
2750.6	411
2751.07	427
2751.53	372
2751.99	366
2752.46	359
2752.92	351
2753.38	373
2753.84	334
2754.31	351
2754.77	367
2755.23	349
2755.69	342
2756.16	361
2756.62	346
2757.08	365
2757.54	358
2758.01	348
2758.47	359
2758.93	359
2759.39	368
2759.85	373
2760.32	377
2760.78	363
2761.24	358
2761.7	346
2762.16	348
2762.62	357
2763.09	350
2763.55	337
2764.01	371
2764.47	342
2764.93	333
2765.4	356
2765.86	359
2766.32	335
2766.78	385
2767.24	343
2767.7	355
2768.16	363
2768.62	364
2769.08	357
2769.55	363
2770.01	359
2770.47	391
2770.93	371
2771.39	357
2771.85	364
2772.31	359
2772.77	347
2773.23	357
2773.69	360
2774.16	376
2774.62	388
2775.08	363
2775.54	370
2776	373
2776.46	376
2776.92	364
2777.38	386
2777.84	368
2778.3	397
2778.76	352
2779.22	377
2779.68	364
2780.14	373
2780.6	376
2781.06	369
2781.52	354
2781.98	360
2782.44	401
2782.9	358
2783.36	355
2783.82	381
2784.28	370
2784.74	359
2785.2	360
2785.66	371
2786.12	378
2786.58	335
2787.04	346
2787.5	356
2787.96	346
2788.42	348
2788.88	352
2789.34	373
2789.8	382
2790.25	333
2790.71	351
2791.17	353
2791.63	373
2792.09	358
2792.55	356
2793.01	366
2793.47	365
2793.93	397
2794.39	347
2794.85	378
2795.3	361
2795.76	372
2796.22	340
2796.68	367
2797.14	380
2797.6	380
2798.06	372
2798.51	385
2798.97	340
2799.43	369
2799.89	369
2800.35	375
2800.81	381
2801.26	339
2801.72	369
2802.18	355
2802.64	327
2803.1	357
2803.56	346
2804.01	372
2804.47	355
2804.93	359
2805.39	384
2805.84	370
2806.3	383
2806.76	346
2807.22	382
2807.68	355
2808.13	413
2808.59	389
2809.05	378
2809.51	372
2809.96	341
2810.42	362
2810.88	343
2811.33	415
2811.79	375
2812.25	377
2812.71	367
2813.16	362
2813.62	380
2814.08	359
2814.54	387
2814.99	394
2815.45	399
2815.91	415
2816.36	388
2816.82	376
2817.28	382
2817.73	369
2818.19	369
2818.65	378
2819.1	373
2819.56	395
2820.02	369
2820.47	396
2820.93	385
2821.39	399
2821.84	421
2822.3	380
2822.75	385
2823.21	361
2823.67	392
2824.12	376
2824.58	384
2825.03	365
2825.49	404
2825.95	397
2826.4	382
2826.86	391
2827.31	379
2827.77	367
2828.23	358
2828.68	381
2829.14	363
2829.59	369
2830.05	380
2830.51	376
2830.96	388
2831.42	397
2831.87	361
2832.33	410
2832.78	404
2833.24	398
2833.69	377
2834.15	392
2834.6	388
2835.06	361
2835.51	404
2835.97	419
2836.42	393
2836.88	404
2837.33	402
2837.79	385
2838.24	393
2838.7	400
2839.15	400
2839.61	416
2840.06	386
2840.52	403
2840.97	401
2841.42	395
2841.88	409
2842.33	403
2842.79	421
2843.24	328
2843.7	362
2844.15	408
2844.61	374
2845.06	380
2845.51	397
2845.97	403
2846.42	425
2846.88	420
2847.33	407
2847.79	395
2848.24	385
2848.69	418
2849.15	400
2849.6	415
2850.05	421
2850.51	421
2850.96	443
2851.42	413
2851.87	418
2852.32	408
2852.78	415
2853.23	398
2853.68	406
2854.14	381
2854.59	411
2855.04	443
2855.5	417
2855.95	420
2856.4	421
2856.86	402
2857.31	391
2857.76	417
2858.22	422
2858.67	429
2859.12	445
2859.57	394
2860.03	400
2860.48	461
2860.93	382
2861.39	402
2861.84	403
2862.29	403
2862.74	419
2863.2	419
2863.65	408
2864.1	404
2864.55	408
2865.01	407
2865.46	389
2865.91	413
2866.36	411
2866.81	431
2867.27	401
2867.72	407
2868.17	418
2868.62	407
2869.08	422
2869.53	435
2869.98	382
2870.43	349
2870.88	445
2871.33	425
2871.79	431
2872.24	399
2872.69	415
2873.14	391
2873.59	440
2874.04	433
2874.5	431
2874.95	446
2875.4	427
2875.85	414
2876.3	416
2876.75	433
2877.2	441
2877.66	431
2878.11	440
2878.56	446
2879.01	453
2879.46	426
2879.91	422
2880.36	431
2880.81	433
2881.26	433
2881.71	431
2882.17	461
2882.61	412
2883.07	463
2883.52	431
2883.97	445
2884.42	427
2884.87	450
2885.32	425
2885.77	415
2886.22	446
2886.67	455
2887.12	436
2887.57	430
2888.02	446
2888.47	456
2888.92	437
2889.37	436
2889.82	418
2890.27	405
2890.72	427
2891.17	434
2891.62	425
2892.07	410
2892.52	427
2892.97	433
2893.42	413
2893.87	405
2894.32	426
2894.77	429
2895.22	450
2895.67	438
2896.12	453
2896.57	443
2897.02	457
2897.47	473
2897.92	445
2898.37	430
2898.82	450
2899.26	427
2899.71	454
2900.16	429
2900.61	445
2901.06	429
2901.51	442
2901.96	479
2902.41	457
2902.86	412
2903.31	421
2903.75	439
2904.2	432
2904.65	442
2905.1	446
2905.55	461
2906	464
2906.45	468
2906.89	463
2907.34	423
2907.79	448
2908.24	455
2908.69	461
2909.14	434
2909.58	441
2910.03	478
2910.48	467
2910.93	441
2911.38	450
2911.83	475
2912.27	459.029
2912.72	451.997
2913.17	476.848
2913.62	440.182
2914.07	459.941
2914.51	449.172
2914.96	430.591
2915.41	467.932
2915.86	428.155
2916.3	445.321
2916.75	491.61
2917.2	456.959
2917.65	493.934
2918.09	461.544
2918.54	447.949
2918.99	470.216
2919.44	463.804
2919.88	450.669
2920.33	445.958
2920.78	463.473
2921.23	463.709
2921.67	487.105
2922.12	459.961
2922.57	475
2923.01	477.409
2923.46	468.088
2923.91	492.453
2924.35	507.007
2924.8	460.47
2925.25	482.486
2925.7	475.845
2926.14	485.415
2926.59	486.177
2927.03	465.188
2927.48	456.049
2927.93	456.739
2928.38	484.287
2928.82	473.66
2929.27	480.845
2929.71	481.267
2930.16	503.726
2930.61	493.332
2931.05	490.225
2931.5	464.351
2931.95	459.082
2932.39	446.765
2932.84	474.665
2933.28	473.123
2933.73	478.311
2934.18	470.763
2934.62	494.697
2935.07	478.218
2935.51	449.725
2935.96	476.627
2936.41	477.975
2936.85	467.125
2937.3	465.954
2937.74	451.702
2938.19	455.692
2938.63	477.106
2939.08	466.905
2939.53	513.649
2939.97	479.795
2940.42	508.177
2940.86	500.397
2941.31	479.902
2941.75	458.302
2942.2	477.798
2942.64	438.438
2943.09	475.461
2943.53	474.835
2943.98	459.416
2944.42	482.755
2944.87	477.986
2945.31	491.728
2945.76	484.356
2946.2	476.646
2946.65	495.036
2947.09	450.724
2947.54	503.628
2947.98	451.983
2948.43	463.753
2948.87	476.582
2949.31	463.859
2949.76	468.569
2950.2	480.7
2950.65	484.123
2951.09	482.67
2951.54	447.933
2951.98	463.058
2952.43	479.459
2952.87	436.274
2953.31	459
2953.76	435.687
2954.2	457.671
2954.65	449.905
2955.09	467.009
2955.53	480.647
2955.98	442.149
2956.42	468.504
2956.87	468.546
2957.31	467.2
2957.76	480.693
2958.2	474.196
2958.64	452.062
2959.09	472.069
2959.53	485.921
2959.97	497.737
2960.42	430.546
2960.86	471.63
2961.3	461.507
2961.75	468.13
2962.19	435.212
2962.63	472.218
2963.08	494.128
2963.52	463.755
2963.96	479.936
2964.41	476.802
2964.85	478.802
2965.29	459.872
2965.74	477.796
2966.18	470.799
2966.62	483.966
2967.06	469.719
2967.51	473.365
2967.95	480.76
2968.39	469.539
2968.84	484.508
2969.28	609.96
2969.72	426.312
2970.16	486.78
2970.61	466.218
2971.05	471.043
2971.49	470.068
2971.94	480.187
2972.38	486.368
2972.82	479.662
2973.26	466.314
2973.7	504.307
2974.15	457.809
2974.59	468.838
2975.03	483.667
2975.47	467.922
2975.92	479.068
2976.36	491.811
2976.8	486.245
2977.24	489.574
2977.68	498.517
2978.13	476.25
2978.57	470.027
2979.01	496.693
2979.45	465.571
2979.89	455.405
2980.33	478.292
2980.78	488.074
2981.22	475.716
2981.66	471.635
2982.1	475.022
2982.54	473.331
2982.98	465.715
2983.43	451.919
2983.87	471.527
2984.31	450.209
2984.75	465.709
2985.19	494.757
2985.63	492.245
2986.07	518.757
2986.51	469.41
2986.96	465.338
2987.4	466.285
2987.84	473.446
2988.28	490.466
2988.72	465.615
2989.16	485.182
2989.6	472.402
2990.04	452.51
2990.48	465.622
2990.92	463.64
2991.36	478.098
2991.81	490.025
2992.25	480.595
2992.69	467.503
2993.13	491.466
2993.57	478.182
2994.01	467.838
2994.45	492.687
2994.89	470.226
2995.33	491.525
2995.77	492.865
2996.21	484.361
2996.65	494.149
2997.09	462.066
2997.53	466.189
2997.97	485.696
2998.41	477.243
2998.85	474.095
2999.29	481.905
2999.73	461.649
3000.17	501.676
3000.61	475.186
3001.05	470.351
3001.49	489.186
3001.93	478.578
3002.37	496.399
3002.81	495.304
3003.25	475.88
3003.69	488.314
3004.13	478.595
3004.57	467.757
3005.01	483.943
3005.45	487.385
3005.88	486.187
3006.32	469.372
3006.76	487.63
3007.2	490.314
3007.64	483.611
3008.08	494.149
3008.52	516.965
3008.96	494.253
3009.4	471.618
3009.84	506.176
3010.28	495.747
3010.71	475
3011.15	476.829
3011.59	487.757
3012.03	480.38
3012.47	472.818
3012.91	475.497
3013.35	455.331
3013.79	496.321
3014.22	471.28
3014.66	495.61
3015.1	489.054
3015.54	484.51
3015.98	478.74
3016.42	473.412
3016.85	487.161
3017.29	484.181
3017.73	503.617
3018.17	482.446
3018.61	494.45
3019.05	494.688
3019.48	504.816
3019.92	491.204
3020.36	504.049
3020.8	504.738
3021.24	493.247
3021.67	495.082
3022.11	495.689
3022.55	490.186
3022.99	495.464
3023.43	489
3023.86	482.771
3024.3	506.9
3024.74	501.564
3025.17	498.411
3025.61	507.41
3026.05	516.437
3026.49	513.825
3026.92	497.253
3027.36	498.973
3027.8	506.041
3028.24	503.534
3028.67	516.312
3029.11	488.365
3029.55	528.171
3029.99	503.351
3030.42	503.498
3030.86	505.607
3031.3	510.721
3031.73	524.552
3032.17	511.225
3032.61	546.765
3033.04	497.587
3033.48	518.006
3033.92	524.374
3034.35	516.654
3034.79	498.221
3035.23	528.75
3035.66	516.409
3036.1	505.58
3036.54	515.212
3036.97	508.53
3037.41	507.519
3037.85	509.198
3038.28	533.155
3038.72	518.702
3039.15	516.644
3039.59	518.943
3040.03	544.563
3040.46	530.269
3040.9	525.796
3041.33	527.462
3041.77	531.905
3042.21	539.538
3042.64	546.553
3043.08	548.975
3043.51	547.061
3043.95	534.553
3044.39	533.983
3044.82	513.035
3045.26	537.128
3045.69	516.435
3046.13	520.818
3046.56	551.589
3047	545
3047.44	553.096
3047.87	540.376
3048.31	527.534
3048.74	553.112
3049.18	533.547
3049.61	519.196
3050.05	528.003
3050.48	522.829
3050.92	541
3051.35	527.031
3051.79	525.275
3052.22	550.446
3052.66	531.737
3053.09	538.398
3053.53	529.016
3053.96	575.273
3054.4	541.12
3054.83	553.828
3055.27	535.617
3055.7	545.185
3056.14	528.498
3056.57	535.036
3057	531.234
3057.44	560.994
3057.87	546.349
3058.31	537.491
3058.74	542.44
3059.18	544.11
3059.61	543.55
3060.05	515.597
3060.48	528.225
3060.91	554.243
3061.35	528.154
3061.78	551.99
3062.22	543.059
3062.65	555.716
3063.08	567.625
3063.52	560.666
3063.95	545.738
3064.39	559.135
3064.82	561.073
3065.26	574.963
3065.69	549.307
3066.12	546.527
3066.56	551.424
3066.99	560.014
3067.42	567.079
3067.86	545.919
3068.29	564.429
3068.72	564.487
3069.16	553.606
3069.59	550.358
3070.02	550.412
3070.46	580.983
3070.89	560.096
3071.32	544.5
3071.76	572.733
3072.19	569.071
3072.62	583.198
3073.06	581.878
3073.49	562.211
3073.92	566.855
3074.36	569.819
3074.79	567.351
3075.22	565.596
3075.65	579
3076.09	598.934
3076.52	585.797
3076.95	569.41
3077.38	547.797
3077.82	599.007
3078.25	542.946
3078.68	598.11
3079.11	606.034
3079.55	577.772
3079.98	604.912
3080.41	578.495
3080.84	560.453
3081.28	599.88
3081.71	594.243
3082.14	588.314
3082.57	569.905
3083	582.149
3083.44	585.284
3083.87	589.4
3084.3	578.493
3084.73	591.66
3085.17	569.014
3085.6	621.755
3086.03	591.348
3086.46	594.049
3086.89	636.405
3087.33	576.671
3087.76	571.976
3088.19	588.154
3088.62	579.135
3089.05	598.515
3089.48	601.706
3089.91	584.916
3090.35	592.189
3090.78	597.681
3091.21	610.348
3091.64	623.187
3092.07	581.324
3092.5	593.981
3092.93	610.23
3093.36	601.414
3093.8	611.878
3094.23	601.858
3094.66	566.301
3095.09	601.814
3095.52	631.162
3095.95	572.321
3096.38	578.943
3096.81	615.571
3097.24	600.027
3097.68	579.267
3098.11	563.071
3098.54	573.997
3098.97	581.595
3099.4	579.718
3099.83	618.608
3100.26	570.542
3100.69	643.628
3101.12	605.421
3101.55	614.591
3101.98	595.638
3102.41	591.578
3102.84	614.84
3103.27	621.794
3103.7	604.138
3104.13	617.909
3104.56	623.765
3104.99	604.868
3105.42	611.704
3105.85	625.286
3106.28	607.389
3106.71	634.035
3107.14	599.737
3107.57	618.485
3108	635.29
3108.43	641.935
3108.86	642.711
3109.29	634.843
3109.72	604.879
3110.15	627.964
3110.58	604.307
3111.01	629.931
3111.44	607.42
3111.87	656.238
3112.3	660.155
3112.73	616.078
3113.15	648.411
3113.58	644.866
3114.01	605.107
3114.44	638.405
3114.87	658.337
3115.3	643.064
3115.73	628.969
3116.16	622.442
3116.59	615.677
3117.02	666.88
3117.45	632.244
3117.88	647.528
3118.3	641.993
3118.73	654.2
3119.16	668.802
3119.59	634.754
3120.02	652.188
3120.45	619.6
3120.88	650.697
3121.31	629.013
3121.73	658.583
3122.16	619.63
3122.59	638.615
3123.02	679.328
3123.45	642.498
3123.87	642.553
3124.3	646.568
3124.73	677.231
3125.16	636.487
3125.59	646.711
3126.02	674.641
3126.44	651.831
3126.87	643.034
3127.3	704.365
3127.73	662.952
3128.16	686.452
3128.58	652.065
3129.01	759.807
3129.44	715.719
3129.87	653.573
3130.29	660.695
3130.72	667.566
3131.15	634.414
3131.58	686.798
3132	674.597
3132.43	682.3
3132.86	675.423
3133.29	691.512
3133.71	664.669
3134.14	701.584
3134.57	673.288
3135	650.11
3135.42	819.209
3135.85	673.457
3136.28	650.272
3136.71	675.888
3137.13	704.503
3137.56	692.751
3137.99	692.654
3138.41	695.551
3138.84	698.958
3139.27	705.369
3139.69	685.476
3140.12	661.795
3140.55	704.733
3140.97	702.236
3141.4	684.619
3141.83	726.964
3142.25	728.496
3142.68	710.81
3143.11	692.053
3143.53	698.636
3143.96	710.523
3144.39	695.764
3144.81	676.248
3145.24	687.369
3145.67	698.493
3146.09	683.443
3146.52	687.258
3146.95	716.598
3147.37	724.69
3147.8	724.21
3148.22	722.675
3148.65	707.553
3149.07	715.482
3149.5	711.072
3149.93	715.797
3150.35	687.821
3150.78	710.959
3151.2	728.858
3151.63	725.424
3152.06	804.961
3152.48	746.646
3152.91	732.301
3153.33	695.891
3153.76	758.491
3153.89	694.263
3154.32	706.303
3154.75	738.986
3155.18	724.601
3155.61	702.447
3156.04	715.337
3156.47	776.787
3156.9	754.489
3157.33	738.041
3157.76	746.064
3158.19	741.634
3158.61	699.049
3159.05	735.937
3159.48	719.284
3159.91	780.57
3160.33	750.892
3160.76	761.871
3161.19	739.008
3161.62	765.896
3162.05	762.932
3162.48	742.447
3162.91	747.039
3163.34	748.837
3163.77	701.35
3164.2	749.802
3164.63	801.357
3165.06	738.747
3165.49	777.672
3165.92	746.959
3166.34	729.417
3166.77	760.236
3167.2	734.55
3167.63	760.126
3168.06	772.452
3168.49	735.484
3168.92	772.777
3169.35	752.861
3169.77	749.071
3170.2	740.463
3170.63	793.118
3171.06	766.867
3171.49	775.9
3171.92	777.775
3172.35	771.867
3172.77	744.081
3173.2	757.813
3173.63	786.443
3174.06	744.693
3174.49	789.767
3174.92	778.126
3175.34	815.199
3175.77	781.812
3176.2	782.39
3176.63	777.839
3177.06	754.936
3177.48	782.807
3177.91	747.952
3178.34	800.137
3178.77	800.6
3179.2	813.728
3179.62	783.851
3180.05	771.794
3180.48	768.878
3180.91	803.971
3181.33	808.074
3181.76	758.255
3182.19	776.074
3182.62	778.332
3183.04	779.974
3183.47	792.22
3183.9	800.322
3184.33	816.393
3184.75	811.831
3185.18	790.068
3185.61	767.995
3186.03	779.177
3186.46	766.73
3186.89	791.12
3187.32	774.689
3187.74	780.196
3188.17	793.539
3188.6	801.366
3189.03	839.497
3189.45	830.632
3189.88	837.455
3190.31	826.722
3190.73	861.013
3191.16	862.67
3191.58	845
3192.01	802.455
3192.44	810.643
3192.86	813.332
3193.29	840.793
3193.72	864.658
3194.14	859.561
3194.57	847.674
3195	837.306
3195.42	824.803
3195.85	808.921
3196.28	831.667
3196.7	836.879
3197.13	828.882
3197.55	850.798
3197.98	859.359
3198.41	845.668
3198.83	864.168
3199.26	845.534
3199.68	846.094
3200.11	859.957
3200.54	833.446
3200.96	824.296
3201.39	853.095
3201.81	834.331
3202.24	847.202
3202.66	844.017
3203.09	875.095
3203.52	885.286
3203.94	866.37
3204.37	853.18
3204.79	794.698
3205.22	847.401
3205.64	845.16
3206.07	853.71
3206.49	867.92
3206.92	844.055
3207.34	886.274
3207.77	890.29
3208.2	883.89
3208.62	915.078
3209.05	901.189
3209.47	875.148
3209.9	868.611
3210.32	893.383
3210.75	893.159
3211.17	862.74
3211.59	881
3212.02	892.068
3212.44	880.375
3212.87	913.413
3213.29	912.476
3213.72	881.818
3214.14	910.21
3214.57	893
3214.99	858.517
3215.42	901.416
3215.84	903.245
3216.26	855.853
3216.69	944.859
3217.11	893.774
3217.54	882.92
3217.96	938.611
3218.39	982.084
3218.81	914.593
3219.23	903.508
3219.66	892.561
3220.08	917
3220.51	921.757
3220.93	889.868
3221.35	924.508
3221.78	921.207
3222.2	917.367
3222.63	924.974
3223.05	923.79
3223.47	928.184
3223.9	913.099
3224.32	917.03
3224.74	903.15
3225.17	900.182
3225.59	938.461
3226.01	926.226
3226.44	939.669
3226.86	934.789
3227.28	954.028
3227.71	941.498
3228.13	939.53
3228.55	915.395
3228.98	949.569
3229.4	961.674
3229.82	911.148
3230.25	940.524
3230.67	953.034
3231.09	929.544
3231.52	1001.89
3231.94	971.473
3232.36	962.236
3232.79	951.02
3233.21	962.953
3233.63	937.799
3234.05	1005.97
3234.48	941.702
3234.9	961.939
3235.32	942.933
3235.74	959.957
3236.17	975.507
3236.59	1005.02
3237.01	963.072
3237.43	956.763
3237.86	939.222
3238.28	933.825
3238.7	926.814
3239.12	933.742
3239.55	927.985
3239.97	969.882
3240.39	940.075
3240.81	949.16
3241.23	997.635
3241.66	1001.22
3242.08	972.909
3242.5	1028.8
3242.92	996.075
3243.34	949.637
3243.76	972.819
3244.19	995.121
3244.61	962.398
3245.03	983.338
3245.45	969.636
3245.87	988.463
3246.3	995.386
3246.72	990.048
3247.14	1000.92
3247.56	992.251
3247.98	1011.5
3248.4	986.431
3248.82	1017.93
3249.25	997.237
3249.67	1028.14
3250.09	994.975
3250.51	1017.42
3250.93	1037.44
3251.35	1013.22
3251.77	1017.7
3252.19	988.748
3252.61	1017.62
3253.04	1019.12
3253.46	1023.76
3253.88	1037.16
3254.3	964.905
3254.72	989.321
3255.14	1027.85
3255.56	1021.62
3255.98	1045.98
3256.4	995.102
3256.82	1026.48
3257.24	1016.91
3257.66	1037.02
3258.08	1003.49
3258.5	1018.2
3258.93	990.034
3259.35	1039.18
3259.77	1038.11
3260.19	1060.86
3260.61	1013.66
3261.03	1041.1
3261.45	1023.17
3261.87	1042.95
3262.29	1018.3
3262.71	1033
3263.13	1014.26
3263.55	1055.7
3263.97	1006.21
3264.39	1032.88
3264.81	1049.87
3265.23	1055.87
3265.65	1027.89
3266.07	1042.76
3266.49	1055.72
3266.91	1048.32
3267.33	1009.15
3267.75	1046.14
3268.16	1025.94
3268.58	1055.11
3269	1038.48
3269.42	1045.26
3269.84	1034.48
3270.26	1018.62
3270.68	1043.68
3271.1	1055.31
3271.52	1009.26
3271.94	1062.6
3272.36	1036.64
3272.78	994.905
3273.2	1024.58
3273.62	1090.64
3274.03	1083.28
3274.45	1066.28
3274.87	1071.56
3275.29	1087.42
3275.71	1030.6
3276.13	1060.52
3276.55	1033
3276.97	1040.99
3277.39	1070.86
3277.8	1046.66
3278.22	1056.31
3278.64	1078.42
3279.06	1065.61
3279.48	1078.86
3279.9	1065.64
3280.31	1047.65
3280.73	1075.74
3281.15	1066.56
3281.57	1095.22
3281.99	1044.04
3282.41	1059.69
3282.82	1118.66
3283.24	1085.07
3283.66	1145.91
3284.08	1064.11
3284.5	1072.65
3284.92	1111.72
3285.33	1117.48
3285.75	1121.78
3286.17	1084.08
3286.59	1082.95
3287.01	1084.8
3287.42	1133.27
3287.84	1085.26
3288.26	1132.23
3288.68	1075.13
3289.09	1148.27
3289.51	1142.72
3289.93	1149.03
3290.35	1108.57
3290.76	1115.3
3291.18	1080.74
3291.6	1116.03
3292.02	1081.29
3292.43	1171.15
3292.85	1132.55
3293.27	1144.42
3293.68	1152.71
3294.1	1124.35
3294.52	1142.57
3294.94	1157.15
3295.35	1116.1
3295.77	1123.39
3296.19	1107.44
3296.6	1111.39
3297.02	1115.69
3297.44	1117.02
3297.85	1109.27
3298.27	1140.47
3298.69	1074.99
3299.1	1101.81
3299.52	1081.74
3299.94	1068.66
3300.35	1054.83
3300.77	1045.93
3301.19	1095.78
3301.6	1174.62
3302.02	1151.89
3302.44	1146.23
3302.85	1135.02
3303.27	1174.28
3303.69	1190.1
3304.1	1185.18
3304.52	1182.2
3304.93	1135.68
3305.35	1156.05
3305.77	1206.19
3306.18	1176.89
3306.6	1167.49
3307.01	1219.43
3307.43	1221.78
3307.85	1193.82
3308.26	1221.48
3308.68	1180.16
3309.09	1151.78
3309.51	1151.98
3309.93	1159.45
3310.34	1155.94
3310.76	1192.42
3311.17	1166.46
3311.59	1223.67
3312	1178.33
3312.42	1145.36
3312.83	1220.58
3313.25	1166.67
3313.66	1173.54
3314.08	1193.71
3314.49	1203.12
3314.91	1178.18
3315.33	1182.35
3315.74	1155.39
3316.15	1222.53
3316.57	1241.94
3316.99	1281.68
3317.4	1212.44
3317.81	1182.47
3318.23	1146.98
3318.64	1206.75
3319.06	1229.29
3319.47	1194.56
3319.89	1163.37
3320.3	1211.27
3320.72	1196.8
3321.13	1212.17
3321.55	1216.74
3321.96	1220.52
3322.38	1239.56
3322.79	1196.13
3323.21	1245.38
3323.62	1187.19
3324.03	1195.38
3324.45	1256.44
3324.86	1191.62
3325.28	1230.42
3325.69	1201.54
3326.11	1247.26
3326.52	1311.91
3326.93	1258.07
3327.35	1207.31
3327.76	1201.95
3328.18	1255.46
3328.59	1256.92
3329	1247.83
3329.42	1236.28
3329.83	1281.63
3330.25	1256.64
3330.66	1247.03
3331.07	1238.72
3331.49	1266.14
3331.9	1250.44
3332.31	1253.85
3332.73	1311.1
3333.14	1299.09
3333.55	1269.68
3333.97	1276.54
3334.38	1237.47
3334.79	1273.09
3335.21	1248.33
3335.62	1290.04
3336.03	1261.13
3336.45	1284.66
3336.86	1251.13
3337.27	1292.38
3337.69	1287.67
3338.1	1260.68
3338.51	1295.58
3338.93	1361.54
3339.34	1287.5
3339.75	1354.93
3340.17	1306.19
3340.58	1308.91
3340.99	1373.81
3341.4	1297.6
3341.82	1328.65
3342.23	1266.41
3342.64	1337.9
3343.05	1296
3343.47	1329.78
3343.88	1341.47
3344.29	1299.62
3344.7	1342.62
3345.12	1320.1
3345.53	1343.85
3345.94	1330.92
3346.35	1325.15
3346.76	1343.33
3347.18	1342.49
3347.59	1340.07
3348	1314.92
3348.41	1330.22
3348.82	1330.26
3349.24	1330.7
3349.65	1356.51
3350.06	1331.66
3350.47	1370.43
3350.89	1365.61
3351.3	1367.98
3351.71	1387.09
3351.76	1373.53
3352.18	1370.39
3352.6	1360.4
3353.02	1350.32
3353.44	1348.1
3353.86	1343.68
3354.28	1367.9
3354.7	1399.07
3355.12	1406.21
3355.54	1387.15
3355.96	1350.91
3356.38	1387.97
3356.8	1371.47
3357.22	1382.35
3357.64	1311.05
3358.06	1348.47
3358.48	1394.25
3358.9	1398.67
3359.32	1363.5
3359.74	1378.13
3360.16	1355.64
3360.58	1353.32
3361	1363.51
3361.42	1403.9
3361.84	1443.98
3362.26	1416.51
3362.68	1441.47
3363.1	1461.2
3363.52	1450.43
3363.94	1432.1
3364.36	1413.93
3364.78	1596.14
3365.19	1464.89
3365.61	1405.43
3366.03	1426.27
3366.45	1410.09
3366.87	1442.31
3367.29	1448.85
3367.71	1424.25
3368.13	1450.65
3368.55	1409.07
3368.97	1417.4
3369.39	1465.44
3369.8	1378.95
3370.22	1427.47
3370.64	1426.26
3371.06	1421.25
3371.48	1418.79
3371.9	1391.37
3372.32	1411.79
3372.74	1557.06
3373.15	1632.11
3373.57	1451.17
3373.99	1468.35
3374.41	1477.99
3374.83	1473.38
3375.25	1469.5
3375.67	1458.79
3376.08	1444
3376.5	1452.45
3376.92	1475.12
3377.34	1457.98
3377.76	1499.61
3378.18	1518.61
3378.59	1500.99
3379.01	1504.2
3379.43	1530.81
3379.85	1505.98
3380.27	1488.85
3380.68	1476.35
3381.1	1476.05
3381.52	1478.88
3381.94	1449.97
3382.36	1485.63
3382.77	1453.92
3383.19	1495.4
3383.61	1486.21
3384.03	1428.62
3384.44	1495.58
3384.86	1467.55
3385.28	1491.04
3385.7	1463.49
3386.11	1522.67
3386.53	1500.99
3386.95	1519.45
3387.37	1487.55
3387.78	1576.03
3388.2	1544.38
3388.62	1581.12
3389.04	1561.88
3389.45	1537.7
3389.87	1506.95
3390.29	1536.62
3390.7	1530.62
3391.12	1548.56
3391.54	1525.92
3391.96	1565.33
3392.37	1563.68
3392.79	1634.3
3393.21	1536.94
3393.62	1529.44
3394.04	1703.48
3394.46	1578.96
3394.87	1618.15
3395.29	1584.18
3395.71	1578.23
3396.12	1563.65
3396.54	1588.6
3396.96	1653.09
3397.37	1575.51
3397.79	1616.14
3398.2	1561.42
3398.62	1602.03
3399.04	1598.81
3399.45	1622.74
3399.87	1570.78
3400.29	1613.63
3400.7	1553.87
3401.12	1656.25
3401.53	1620.16
3401.95	1649.76
3402.37	1685.64
3402.78	1701.84
3403.2	1670.71
3403.61	1655.12
3404.03	1660.73
3404.45	1639.54
3404.86	1620.54
3405.28	1659.34
3405.69	1675.96
3406.11	1673.01
3406.52	1730.11
3406.94	1716.19
3407.36	1677.46
3407.77	1678.08
3408.19	1641.75
3408.6	1661.2
3409.02	1651.88
3409.43	1676.7
3409.85	1662.82
3410.26	1647.37
3410.68	1703.95
3411.09	1704.84
3411.51	1699.22
3411.92	1676.93
3412.34	1707.26
3412.76	1663.22
3413.17	1667.99
3413.59	1688.56
3414	1664.81
3414.41	1700.98
3414.83	1685.61
3415.24	1748.93
3415.66	1754.87
3416.07	1732.58
3416.49	1793.76
3416.9	1674.83
3417.32	1741.21
3417.73	1755.4
3418.15	1720.39
3418.56	1695.3
3418.98	1717.08
3419.39	1744.07
3419.81	1748.69
3420.22	1774.84
3420.63	1773.26
3421.05	1730.07
3421.46	1762.05
3421.88	1737.1
3422.29	1751.47
3422.7	1752.7
3423.12	1695.94
3423.53	1674.26
3423.95	1718.43
3424.36	1777.15
3424.78	1791.3
3425.19	1746.49
3425.6	1769.38
3426.02	1843.63
3426.43	1802.4
3426.84	1805.59
3427.26	1788.44
3427.67	1745.93
3428.09	1785.33
3428.5	1821.82
3428.91	1753.08
3429.33	1811.17
3429.74	1808.37
3430.15	1819.26
3430.57	1850.72
3430.98	1836.42
3431.39	1778.15
3431.81	1820.57
3432.22	1817.71
3432.63	1806.03
3433.05	1841.34
3433.46	1807.93
3433.87	1813.63
3434.29	1860.29
3434.7	1801.84
3435.11	1858.02
3435.53	1850.53
3435.94	1876.18
3436.35	1884.8
3436.77	1899.28
3437.18	1974
3437.59	1910.96
3438	1857.31
3438.42	1870.17
3438.83	1874.15
3439.24	1925.56
3439.65	1938.3
3440.07	1939.05
3440.48	1936.17
3440.89	1934.42
3441.3	1898.5
3441.72	1886.73
3442.13	1848
3442.54	1886.28
3442.95	1884.88
3443.37	1930.76
3443.78	1970.74
3444.19	1966.67
3444.6	1892.19
3445.01	1940.16
3445.43	1941.71
3445.84	1896.42
3446.25	1911.28
3446.66	1929.54
3447.08	1911.94
3447.49	1985.04
3447.9	1980.98
3448.31	1947.1
3448.72	1952.42
3449.14	1976.45
3449.55	1971.79
3449.96	1976.48
3450.37	1970.65
3450.78	1940.75
3451.19	1951.41
3451.61	2007.7
3452.02	1974.08
3452.43	1983.18
3452.84	1962.45
3453.25	1998.49
3453.66	2026.97
3454.07	2021.24
3454.48	2065.75
3454.9	2044.03
3455.31	1971.89
3455.72	1990
3456.13	2054.67
3456.54	2067.77
3456.95	2021.46
3457.36	2046.67
3457.77	2058.77
3458.18	2080.61
3458.6	2073.5
3459.01	2068.82
3459.42	2080.63
3459.83	1982.69
3460.24	2030.65
3460.65	2074.07
3461.06	2004.85
3461.47	2014.05
3461.88	2032.2
3462.29	2093.85
3462.7	2050.02
3463.11	2102.71
3463.52	2137.8
3463.93	2171.89
3464.34	2101.31
3464.75	2115.13
3465.16	2105.11
3465.58	2077.55
3465.99	2141.85
3466.4	2125.62
3466.81	2120.32
3467.22	2128.15
3467.63	2154.82
3468.04	2143.7
3468.45	2143.43
3468.86	2158.39
3469.27	2116.82
3469.68	2112.12
3470.09	2127.18
3470.5	2089.21
3470.91	2112.92
3471.32	2089.86
3471.72	2138.57
3472.14	2134.35
3472.54	2265.69
3472.95	2173.91
3473.36	2155.47
3473.77	2252.16
3474.18	2169.7
3474.59	2175.4
3475	2185.59
3475.41	2144.02
3475.82	2215.61
3476.23	2205.75
3476.64	2250.53
3477.05	2164.74
3477.46	2187.19
3477.87	2264.2
3478.28	2237.08
3478.68	2251.92
3479.09	2184.35
3479.5	2232.27
3479.91	2218.71
3480.32	2234.98
3480.73	2234.18
3481.14	2235.24
3481.55	2232.75
3481.96	2265.83
3482.37	2304.54
3482.77	2266.8
3483.18	2341.56
3483.59	2245.14
3484	2230.31
3484.41	2251.8
3484.82	2295.51
3485.23	2263.18
3485.63	2249.42
3486.04	2285.55
3486.45	2278.68
3486.86	2314.18
3487.27	2312.73
3487.68	2369.01
3488.08	2368.6
3488.49	2325.51
3488.9	2389.92
3489.31	2329.54
3489.72	2457.24
3490.12	2353.7
3490.53	2344.34
3490.94	2329.68
3491.35	2326.63
3491.76	2387.88
3492.16	2431.16
3492.57	2310.73
3492.98	2329.38
3493.39	2282.74
3493.8	2287.8
3494.2	2249.21
3494.61	2209.5
3495.02	2236.98
3495.43	2319.8
3495.83	2427.77
3496.24	2426.83
3496.65	2532.22
3497.06	2471.79
3497.46	2450.07
3497.87	2484.5
3498.28	2375.41
3498.68	2457
3499.09	2350.99
3499.5	2433.65
3499.91	2364.65
3500.31	2442.21
3500.72	2456.84
3501.13	2410.7
3501.53	2501.17
3501.94	2453.89
3502.35	2475.18
3502.76	2511.49
3503.16	2536.93
3503.57	2401.97
3503.98	2625.17
3504.38	2509
3504.79	2490.44
3505.2	2582.87
3505.6	2551.06
3506.01	2527.19
3506.42	2530.43
3506.82	2531.99
3507.23	2539.33
3507.64	2520.09
3508.04	2501.15
3508.45	2540.73
3508.85	2565.71
3509.26	2592.82
3509.67	2565.6
3510.07	2660.34
3510.48	2558.38
3510.89	2619.85
3511.29	2654.27
3511.7	2661.24
3512.1	2588.32
3512.51	2587.7
3512.92	2607.53
3513.32	2604.12
3513.73	2640.47
3514.13	2623.55
3514.54	2641.42
3514.95	2645.18
3515.35	2690.33
3515.76	2657.22
3516.16	2695.03
3516.57	2603.83
3516.97	2630.86
3517.38	2686.73
3517.79	2772.08
3518.19	2737.09
3518.6	2711.14
3519	2708.68
3519.41	2703.16
3519.81	2799.88
3520.22	2727.93
3520.62	2755.66
3521.03	2692.17
3521.43	2705.39
3521.84	2717.02
3522.24	2721.11
3522.65	2738.87
3523.05	2806.45
3523.46	2772.73
3523.86	2788.59
3524.27	2724.08
3524.67	2758.9
3525.08	2857.87
3525.48	2833.95
3525.89	2716.05
3526.29	2710.55
3526.7	2757.78
3527.1	2714.85
3527.51	2780.75
3527.91	2824.41
3528.32	2860.8
3528.72	2926.91
3529.12	2774.87
3529.53	2861.32
3529.93	2911.72
3530.34	2901.22
3530.74	2820.25
3531.15	2846.77
3531.55	2842.77
3531.95	2859.49
3532.36	2702
3532.76	2832.84
3533.17	2879.89
3533.57	2948.85
3533.98	2926.9
3534.38	2984.16
3534.78	2961.97
3535.19	2894.44
3535.59	2942.48
3535.99	2914.62
3536.4	2914.06
3536.8	2948.03
3537.21	2865.14
3537.61	2942.19
3538.01	2942.33
3538.42	2989.45
3538.82	2990.74
3539.23	2839.34
3539.63	2913.79
3540.03	2923.37
3540.44	3024.08
3540.84	2970.71
3541.24	2969.57
3541.65	2901.45
3542.05	2965.44
3542.45	2938.77
3542.86	3033.66
3543.26	3002.13
3543.66	3026.51
3544.06	3045.89
3544.47	2983.71
3544.87	3006.3
3545.27	3026.44
3545.68	2949.46
3546.08	2940.22
3546.48	3000.37
3546.89	2981.69
3547.29	3038.59
3547.69	3014.46
3548.09	2997.6
3548.5	2999.97
3548.9	2993.65
3549.3	3056.78
3549.71	3186.15
3550.11	3083.31
3550.51	2926.42
3550.91	2955.06
3551.31	3119.56
3551.72	3106.35
3552.12	3052.57
3552.52	3030.09
3552.93	3128.47
3553.33	3077.77
3553.73	3029.33
3554.13	3094.81
3554.53	3105.92
3554.94	2992.64
3555.34	3045.51
3555.74	3033.91
3556.14	3068.59
3556.54	3081.1
3556.95	3049.36
3557.35	3076.14
3557.75	3140.66
3558.15	3075.85
3558.55	3042.31
3558.96	3056.37
3559.36	3009.42
3559.76	3031.88
3560.16	3085.58
3560.56	3128.56
3560.96	3009.07
3561.37	3061.11
3561.77	3046.94
3562.17	3063.74
3562.57	3087.59
3562.97	3018.23
3563.37	3129.72
3563.77	3053.79
3564.17	3029.04
3564.58	3005.48
3564.98	3014.67
3565.38	2986.54
3565.78	3028.2
3566.18	3025.49
3566.58	2980.62
3566.98	3003.29
3567.38	3018.03
3567.79	3058.13
3568.19	3139.51
3568.59	2982.77
3568.99	2968.14
3569.39	2974.91
3569.79	2956.54
3570.19	2920.78
3570.59	2956.96
3570.99	2932.87
3571.39	3026.61
3571.79	3057.51
3572.19	2980.72
3572.59	2974.4
3572.99	2989.32
3573.39	2986.69
3573.79	2870.44
3574.2	2867.79
3574.6	2967.1
3575	2876.79
3575.4	2865.43
3575.8	2864.26
3576.2	2852.58
3576.6	2918.94
3577	2861.86
3577.4	2887.85
3577.8	2959.82
3578.2	2907.06
3578.6	2933.49
3579	2859.77
3579.4	2941.23
3579.8	2906.81
3580.2	2870.38
3580.6	2903.51
3581	2906.83
3581.4	2918.96
3581.8	2972.64
3582.2	2951.28
3582.59	2882.45
3582.99	2833.17
3583.39	2970.45
3583.79	2850.88
3584.19	2843.47
3584.59	2826.28
3584.99	2818.4
3585.39	2807.37
3585.79	2852.59
3586.19	2848.53
3586.59	2864.82
3586.99	2730.17
3587.39	2817.08
3587.79	2782.72
3588.18	2719.31
3588.58	2763.58
3588.98	2811.47
3589.38	2792.18
3589.78	2753.18
3590.18	2842.47
3590.58	2752.52
3590.98	2847.81
3591.38	2785.91
3591.78	2736.52
3592.17	2704.19
3592.57	2701.37
3592.97	2608.7
3593.37	2628.73
3593.77	2635.25
3594.17	2660.78
3594.57	2664.13
3594.96	2638.27
3595.36	2671.11
3595.76	2707.63
3596.16	2678.05
3596.56	2639.91
3596.96	2544.89
3597.35	2629.28
3597.75	2623.63
3598.15	2574.36
3598.55	2530.59
3598.95	2529.92
3599.34	2499.1
3599.74	2544.53
3600.14	2521.56
3600.54	2536.37
3600.94	2591.37
3601.33	2474.44
3601.73	2461.37
3602.13	2490.29
3602.53	2413.43
3602.93	2424.75
3603.32	2431.58
3603.72	2424.95
3604.12	2404.36
3604.52	2415.27
3604.91	2372.28
3605.31	2400.91
3605.71	2491.95
3606.11	2464.1
3606.5	2427.59
3606.9	2423.5
3607.3	2401.23
3607.7	2323.41
3608.09	2325.02
3608.49	2374.88
3608.89	2361.49
3609.28	2399.34
3609.68	2456.41
3610.08	2350.29
3610.48	2400.86
3610.87	2369.44
3611.27	2346.27
3611.67	2257.65
3612.06	2255.37
3612.46	2263.85
3612.86	2357.57
3613.25	2326.11
3613.65	2261.82
3614.05	2311.82
3614.44	2382.97
3614.84	2295.07
3615.24	2290.05
3615.63	2330.73
3616.03	2306.72
3616.43	2273.53
3616.82	2230.73
3617.22	2236.59
3617.62	2230.72
3618.01	2214.23
3618.41	2236.92
3618.8	2213.39
3619.2	2316.93
3619.6	2260.55
3619.99	2233.69
3620.39	2186.88
3620.79	2211.22
3621.18	2211.58
3621.58	2200.1
3621.97	2174.07
3622.37	2176.45
3622.77	2246.94
3623.16	2181.46
3623.56	2222.54
3623.95	2217.39
3624.35	2175.22
3624.75	2175.77
3625.14	2177.98
3625.54	2097.84
3625.93	2096.02
3626.33	2051.3
3626.72	2096.73
3627.12	2063.2
3627.51	2134.14
3627.91	2104.26
3628.31	2135.88
3628.7	2254.25
3629.1	2206.92
3629.49	2111.47
3629.89	2125.32
3630.28	2176.09
3630.68	1929.62
3631.07	1961.62
3631.47	2071.19
3631.86	2068.53
3632.26	2048.36
3632.65	2028.2
3633.05	1983.21
3633.44	2069
3633.84	2002.23
3634.23	2035.56
3634.63	1980.05
3635.02	1978.77
3635.42	1951.15
3635.81	1942.3
3636.21	1980.31
3636.6	1962.04
3636.99	1940.34
3637.39	1944.79
3637.78	1965.23
3638.18	1972.65
3638.57	1914.44
3638.97	1881.91
3639.36	1931.05
3639.76	1891
3640.15	1890.82
3640.54	1877.56
3640.94	1858.53
3641.33	1835.96
3641.73	1783.71
3642.12	1778.88
3642.51	1769.58
3642.91	1781.79
3643.3	1851.16
3643.7	1805.26
3644.09	1739.02
3644.48	1760.61
3644.88	1808.53
3645.27	1711.65
3645.67	1699.02
3646.06	1725.69
3646.45	1875.08
3646.85	2181.33
3647.24	1716.39
3647.63	1715.81
3648.03	1702.19
3648.42	1701.85
3648.82	1647.69
3649.21	1676.3
3649.6	1650.11
3650	1635.63
3650.39	1630.73
3650.78	1590.22
3651.18	1574.18
3651.57	1560.7
3651.96	1598.42
3652.35	1616.94
3652.75	1614.15
3653.14	1601.86
3653.53	1577.83
3653.93	1520.95
3654.32	1500.3
3654.71	1482.73
3655.11	1454.08
3655.5	1447.3
3655.89	1454.2
3656.29	1482.66
3656.68	1435.16
3657.07	1448.56
3657.46	1416.32
3657.86	1430
3658.25	1421.55
3658.64	1400.93
3659.03	1399.29
3659.43	1353.01
3659.82	1339.14
3660.21	1332.38
3660.6	1317.16
3661	1317.22
3661.39	1331.18
3661.78	1342.64
3662.17	1323.18
3662.56	1296.64
3662.96	1293.04
3663.35	1282.34
3663.74	1268.34
3664.13	1204.63
3664.53	1215.38
3664.92	1262.47
3665.31	1237.22
3665.7	1197.67
3666.09	1229.1
3666.49	1225.98
3666.88	1206.67
3667.27	1165.07
3667.66	1136.4
3668.05	1139.3
3668.44	1147.56
3668.84	1140.46
3669.23	1095.5
3669.62	1136.81
3670.01	1084.07
3670.4	1107.8
3670.79	1053.54
3671.18	1093.86
3671.58	1083.61
3671.97	1038.42
3672.36	1059.49
3672.75	1060.03
3673.14	1016.31
3673.53	1024.71
3673.92	1012.05
3674.32	994.922
3674.71	973.367
3675.1	997.808
3675.49	974.833
3675.88	991.674
3676.27	985.872
3676.66	974.509
3677.05	911.201
3677.44	959.792
3677.83	999
3678.23	997.621
3678.62	985.317
3679.01	948.764
3679.4	904.822
3679.79	888.495
3680.18	889.558
3680.57	889.84
3680.96	879.675
3681.35	893.239
3681.74	857.948
3682.13	846.353
3682.52	804.843
3682.91	807.709
3683.3	773.955
3683.69	854.189
3684.08	1218.19
3684.47	799.216
3684.86	874.237
3685.25	792.514
3685.64	811.415
3686.03	804.289
3686.42	806.03
3686.81	821.884
3687.2	797.145
3687.59	737.265
3687.98	773.091
3688.37	734.813
3688.76	758.292
3689.15	761.209
3689.54	755.607
3689.93	728.238
3690.32	747.236
3690.71	749.35
3691.1	729.935
3691.49	713.994
3691.88	707.941
3692.27	723.346
3692.66	740.312
3693.05	748.06
3693.44	679.776
3693.83	707.575
3694.22	660.694
3694.61	688.553
3694.99	724.358
3695.38	688.69
3695.77	702.656
3696.16	663.741
3696.55	669.565
3696.94	673.986
3697.33	656.812
3697.72	697.164
3698.11	633.087
3698.5	646.372
3698.88	652.427
3699.27	659.038
3699.66	652.184
3700.05	641.561
3700.44	659.419
3700.83	632.787
3701.22	642.601
3701.61	615.557
3701.99	632.917
3702.38	628.884
3702.77	619.984
3703.16	618.324
3703.55	615.539
3703.94	614.573
3704.33	591.138
3704.71	613.04
3705.1	625.154
3705.49	646.261
3705.88	604.255
3706.27	615.772
3706.66	557.644
3707.04	606.94
3707.43	566.134
3707.82	597.869
3708.21	594.08
3708.6	586.775
3708.98	556.77
3709.37	564.21
3709.76	592.182
3710.15	606.297
3710.53	573.017
3710.92	537.444
3711.31	574.547
3711.7	579.153
3712.08	587.914
3712.47	586.908
3712.86	609.683
3713.25	593.369
3713.64	588.544
3714.02	566.4
3714.41	570.395
3714.8	577.111
3715.18	586.15
3715.57	536.965
3715.96	570.277
3716.35	575.298
3716.73	551.05
3717.12	583.166
3717.51	564.82
3717.9	558.981
3718.28	558.132
3718.67	554.124
3719.06	585.047
3719.44	561.456
3719.83	564.274
3720.22	548.597
3720.61	566.749
3720.99	590.188
3721.38	538.643
3721.76	545.36
3722.15	525.205
3722.54	545.946
3722.92	538.493
3723.31	542.534
3723.7	528.484
3724.08	522.559
3724.47	533.431
3724.86	542.319
3725.24	535.413
3725.63	523.427
3726.02	514.211
3726.4	527.158
3726.79	517.377
3727.18	503.386
3727.56	545.414
3727.95	536.908
3728.33	565.798
3728.72	525.093
3729.11	553.393
3729.49	544.025
3729.88	536.173
3730.26	542.894
3730.65	524.397
3731.04	535.673
3731.15	527.416
3731.55	530.941
3731.94	508.945
3732.34	539.806
3732.73	535.378
3733.12	517.507
3733.52	517.954
3733.91	518.014
3734.31	477.704
3734.7	502.161
3735.1	529.909
3735.49	501.737
3735.88	533.614
3736.28	511.752
3736.67	491.821
3737.07	525.041
3737.46	522.216
3737.85	544.842
3738.25	533.35
3738.64	527.208
3739.04	527.891
3739.43	518.698
3739.82	514.754
3740.22	510.942
3740.61	524.588
3741	508.948
3741.4	500.387
3741.79	546.732
3742.18	520.663
3742.58	508
3742.97	539.755
3743.36	508.236
3743.76	493.953
3744.15	497.261
3744.54	486.953
3744.94	506.443
3745.33	503.954
3745.72	474.744
3746.12	506.36
3746.51	499.348
3746.9	536.887
3747.3	515.651
3747.69	529.003
3748.08	522.926
3748.47	511.784
3748.87	498.439
3749.26	487.632
3749.65	496.855
3750.05	497.06
3750.44	479.806
3750.83	525.708
3751.23	515.951
3751.62	496.614
3752.01	494.572
3752.4	516.552
3752.8	504.312
3753.19	515.79
3753.58	485.737
3753.97	491.294
3754.37	498.817
3754.76	499.57
3755.15	488.269
3755.54	495.561
3755.93	519.276
3756.33	508
3756.72	484.224
3757.11	491.696
3757.5	503
3757.89	493.933
3758.29	480.436
3758.68	490.864
3759.07	475.958
3759.46	473.314
3759.85	482.647
3760.25	472.893
3760.64	507.708
3761.03	467.744
3761.42	493.082
3761.81	493.564
3762.21	461.619
3762.6	486.704
3762.99	482.333
3763.38	485.66
3763.77	489.479
3764.16	491.677
3764.56	473.844
3764.95	475.505
3765.34	472.871
3765.73	486.547
3766.12	502.797
3766.51	506.598
3766.9	492.335
3767.29	479.35
3767.69	495.155
3768.08	483.11
3768.47	499.074
3768.86	477.923
3769.25	481.228
3769.64	493.275
3770.03	460
3770.42	497.972
3770.81	506.795
3771.21	499.799
3771.6	490.88
3771.99	489.98
3772.38	495.147
3772.77	476.903
3773.16	483.468
3773.55	490.827
3773.94	491.425
3774.33	490.187
3774.72	505.607
3775.11	484.089
3775.5	485.309
3775.89	529.156
3776.28	488.391
3776.67	482.93
3777.06	480.263
3777.46	460.928
3777.84	468.852
3778.24	480.602
3778.63	478.425
3779.02	486.79
3779.41	458.553
3779.8	473.726
3780.19	492.55
3780.58	484.87
3780.97	478.471
3781.36	507.605
3781.75	463.777
3782.14	478.174
3782.53	500.639
3782.92	482.263
3783.31	486.148
3783.7	494.944
3784.08	500.214
3784.47	484.712
3784.86	522.358
3785.25	481.314
3785.64	502.866
3786.03	496.739
3786.42	499.254
3786.81	500.708
3787.2	479.038
3787.59	475.248
3787.98	464.35
3788.37	477.795
3788.76	483.512
3789.15	479.659
3789.54	493.601
3789.93	479.17
3790.32	468.639
3790.7	478.171
3791.09	480.768
3791.48	461.797
3791.87	484.256
3792.26	463.317
3792.65	457.71
3793.04	481.327
3793.43	479.278
3793.82	472.602
3794.21	476.824
3794.6	473.443
3794.98	476.416
3795.37	482.205
3795.76	485.794
3796.15	473.73
3796.54	465.788
3796.93	486.203
3797.32	479.98
3797.7	465.309
3798.09	483.438
3798.48	488.107
3798.87	478.473
3799.26	483.551
3799.65	505.095
3800.03	479.235
3800.42	480.932
3800.81	450.001
3801.2	487.557
3801.59	473.503
3801.98	473.131
3802.36	461.494
3802.75	448
3803.14	484.059
3803.53	478.724
3803.92	478.317
3804.3	478.03
3804.69	508.916
3805.08	494.403
3805.47	482.6
3805.86	474.696
3806.24	460.766
3806.63	452.145
3807.02	479.215
3807.41	474.286
3807.79	476.484
3808.18	480.959
3808.57	487.927
3808.96	454.545
3809.34	487
3809.73	463.72
3810.12	470.512
3810.51	454.182
3810.89	481.702
3811.28	474.456
3811.67	484.432
3812.06	486.117
3812.44	534.961
3812.83	518.255
3813.22	514.937
3813.6	489.096
3813.99	492.655
3814.38	490.37
3814.76	502.707
3815.15	480.933
3815.54	480.03
3815.93	477.643
3816.31	451.916
3816.7	451.861
3817.09	486.988
3817.47	475.417
3817.86	477.049
3818.25	497.228
3818.63	484.312
3819.02	454.289
3819.41	481.203
3819.79	480.344
3820.18	474.9
3820.57	498.097
3820.95	472.563
3821.34	480.182
3821.73	468.775
3822.11	475.319
3822.5	459.164
3822.88	442.669
3823.27	471.99
3823.66	467.005
3824.04	471.452
3824.43	445.098
3824.81	490.453
3825.2	444.216
3825.59	461.705
3825.97	454.499
3826.36	442.644
3826.74	479.945
3827.13	486.378
3827.52	468.312
3827.9	481.833
3828.29	458.921
3828.67	490
3829.06	483.75
3829.45	516.76
3829.83	473.496
3830.22	493.63
3830.6	478.269
3830.99	461.631
3831.37	480.878
3831.76	494.279
3832.14	464.567
3832.53	488.512
3832.91	484.987
3833.3	475.575
3833.68	482.093
3834.07	468.765
3834.46	454.624
3834.84	437.991
3835.23	467.739
3835.61	486.156
3836	476.789
3836.38	479.038
3836.77	486.724
3837.15	452.785
3837.54	452.522
3837.92	481.946
3838.31	472.326
3838.69	458.68
3839.07	468.977
3839.46	478.696
3839.84	480.363
3840.23	457.977
3840.61	502.506
3841	479.1
3841.38	476.436
3841.77	494.696
3842.15	470.514
3842.54	469.738
3842.92	458.882
3843.31	461.632
3843.69	471.759
3844.07	451.098
3844.46	461.376
3844.84	491.149
3845.23	478.199
3845.61	469.041
3846	462.401
3846.38	458.266
3846.76	450.197
3847.15	480.101
3847.53	466.865
3847.92	475.046
3848.3	484.333
3848.68	490.321
3849.07	470.964
3849.45	459.027
3849.83	433.397
3850.22	473.312
3850.6	465.881
3850.99	467.109
3851.37	479.361
3851.75	451.675
3852.14	463.289
3852.52	462.541
3852.9	457.89
3853.29	476.135
3853.67	462.023
3854.06	453.22
3854.44	485.055
3854.82	468.18
3855.21	484.325
3855.59	479.098
3855.97	472
3856.36	468.442
3856.74	467.204
3857.12	446.5
3857.5	466.534
3857.89	468.942
3858.27	474.66
3858.65	499.964
3859.04	472.07
3859.42	460.98
3859.8	498.962
3860.19	491.776
3860.57	494.828
3860.95	483.251
3861.33	459.541
3861.72	478.835
3862.1	469.041
3862.48	501.641
3862.86	477.413
3863.25	450.335
3863.63	484.089
3864.01	457.191
3864.39	466.652
3864.78	458.882
3865.16	466.424
3865.54	452.977
3865.92	444.318
3866.31	440.234
3866.69	457.593
3867.07	476.438
3867.45	467.389
3867.84	459.353
3868.22	480.592
3868.6	485.637
3868.98	457.455
3869.37	481.681
3869.75	464.484
3870.13	485.082
3870.51	477.958
3870.89	483.536
3871.27	471.066
3871.66	466.855
3872.04	493.884
3872.42	470.455
3872.8	480.143
3873.18	478.684
3873.57	477.941
3873.95	484.184
3874.33	457.904
3874.71	469.315
3875.09	478.928
3875.47	482.817
3875.85	456.494
3876.24	469.252
3876.62	473.094
3877	464.995
3877.38	488.333
3877.76	462.584
3878.14	475.1
3878.52	460.074
3878.91	490.864
3879.29	458.529
3879.67	473.359
3880.05	477.755
3880.43	487.166
3880.81	488.839
3881.19	473.139
3881.57	483.514
3881.95	478.916
3882.33	473.392
3882.72	462.238
3883.1	493.922
3883.48	480.057
3883.86	466.478
3884.24	459.149
3884.62	489.062
3885	482.997
3885.38	472.491
3885.76	490.458
3886.14	481.477
3886.52	450.235
3886.9	455.087
3887.28	499.887
3887.66	481.65
3888.04	478.335
3888.42	449.419
3888.8	478.678
3889.18	462.383
3889.56	491.96
3889.95	473.489
3890.33	471
3890.71	474.33
3891.09	465
3891.47	463.226
3891.84	477.593
3892.23	470.724
3892.61	466.373
3892.99	466.532
3893.37	481.391
3893.75	456.62
3894.13	491.251
3894.5	498.726
3894.89	491.282
3895.26	468.647
3895.64	488.622
3896.02	502.474
3896.4	475.78
3896.78	467.642
3897.16	472.413
3897.54	472.272
3897.92	468.066
3898.3	457.592
3898.68	457.18
3899.06	473.325
3899.44	506.732
3899.82	468.072
3900.2	488.606
3900.58	455.655
3900.96	482.996
3901.34	483.568
3901.71	452.78
3902.09	493.279
3902.47	469.849
3902.85	478.621
3903.23	488.275
3903.61	455.777
3903.99	472.706
3904.37	478.437
3904.75	458.752
3905.13	446.364
3905.5	467.611
3905.88	485.619
3906.26	436.956
3906.64	460.591
3907.02	464.128
3907.4	500.711
3907.78	477.756
3908.15	474.304
3908.53	473.338
3908.91	481.488
3909.29	494.662
3909.67	481.659
3910.05	449.095
3910.42	490.714
3910.8	443.119
3911.18	453.089
3911.56	480.036
3911.94	475.932
3912.32	474.913
3912.69	469
3913.07	515
3913.45	467
3913.83	480
3914.21	465
3914.58	458
3914.96	473
3915.34	482
3915.72	482
3916.1	464
3916.47	478
3916.85	456
3917.23	453
3917.61	489
3917.98	461
3918.36	493
3918.74	494
3919.12	473
3919.5	492
3919.87	465
3920.25	474
3920.63	487
3921	456
3921.38	483
3921.76	483
3922.14	479
3922.51	473
3922.89	484
3923.27	478
3923.65	493
3924.02	471
3924.4	461
3924.78	471
3925.15	500
3925.53	471
3925.91	453
3926.28	465
3926.66	471
3927.04	484
3927.42	487
3927.79	488
3928.17	482
3928.55	469
3928.92	463
3929.3	436
3929.68	471
3930.05	467
3930.43	478
3930.8	477
3931.18	470
3931.56	479
3931.93	465
3932.31	446
3932.69	446
3933.06	505
3933.44	493
3933.82	472
3934.19	508
3934.57	498
3934.94	469
3935.32	461
3935.7	474
3936.07	519
3936.45	506
3936.82	494
3937.2	479
3937.58	487
3937.95	460
3938.33	487
3938.7	496
3939.08	482
3939.45	467
3939.83	433
3940.21	449
3940.58	477
3940.96	484
3941.33	494
3941.71	449
3942.08	465
3942.46	443
3942.83	459
3943.21	473
3943.58	431
3943.96	468
3944.34	492
3944.71	486
3945.09	499
3945.46	475
3945.84	461
3946.21	449
3946.59	486
3946.96	487
3947.34	463
3947.71	485
3948.09	465
3948.46	452
3948.84	455
3949.21	469
3949.59	476
3949.96	470
3950.34	489
3950.71	479
3951.08	463
3951.46	479
3951.83	455
3952.21	484
3952.58	470
3952.96	483
3953.33	459
3953.71	496
3954.08	480
3954.45	470
3954.83	460
3955.2	498
3955.58	515
3955.95	501
3956.33	471
3956.7	456
3957.07	485
3957.45	493
3957.82	466
3958.2	479
3958.57	485
3958.94	463
3959.32	491
3959.69	471
3960.07	506
3960.44	456
3960.81	459
3961.19	481
3961.56	435
3961.93	494
3962.31	468
3962.68	497
3963.05	464
3963.43	487
3963.8	463
3964.18	498
3964.55	483
3964.92	452
3965.3	456
3965.67	476
3966.04	493
3966.42	463
3966.79	457
3967.16	466
3967.53	460
3967.91	500
3968.28	493
3968.65	486
3969.03	465
3969.4	461
3969.77	441
3970.15	476
3970.52	457
3970.89	479
3971.26	444
3971.64	485
3972.01	473
3972.38	467
3972.76	458
3973.13	469
3973.5	452
3973.87	495
3974.25	467
3974.62	502
3974.99	478
3975.36	462
3975.74	492
3976.11	474
3976.48	467
3976.85	479
3977.22	473
3977.6	473
3977.97	465
3978.34	456
3978.71	464
3979.09	485
3979.46	483
3979.83	512
3980.2	470
3980.57	497
3980.95	486
3981.32	444
3981.69	495
3982.06	482
3982.43	479
3982.8	455
3983.18	457
3983.55	488
3983.92	464
3984.29	491
3984.66	472
3985.03	482
3985.41	476.861
3985.78	624
3986.15	500
3986.52	488
3986.89	500
3987.26	472
3987.63	471
3988	507
3988.38	477
3988.75	464
3989.12	476
3989.49	507
3989.86	480
3990.23	465
3990.6	482
3990.97	485
3991.35	483
3991.72	471
3992.09	470
3992.46	483
3992.83	507
3993.2	470
3993.57	461
3993.94	470
3994.31	465
3994.68	472
3995.05	461
3995.42	452
3995.79	459
3996.17	462
3996.53	504
3996.91	476
3997.28	456
3997.65	477
3998.02	504
3998.39	500
3998.76	480
3999.13	486
3999.5	484
3999.87	470
