14.9578	393.424
15.6345	471.424
16.3112	615.424
16.9878	757.424
17.6644	938.424
18.341	1072.42
19.0175	1253.42
19.6939	1395.42
20.3726	1448.42
21.049	1512.42
21.7253	1619.42
22.4015	1723.42
23.0778	1827.42
23.7539	1923.42
24.4301	1925.42
25.1061	2059.42
25.7822	2115.42
26.4581	2118.42
27.1341	2045.42
27.81	2056.42
28.4858	2008.42
29.1616	1987.42
29.8373	1945.42
30.513	1927.42
31.1887	1985.42
31.8643	2017.42
32.5398	2063.42
33.2131	2151.42
33.8885	2186.42
34.5639	2300.42
35.2393	2347.42
35.9146	2375.42
36.5899	2426.42
37.2651	2357.42
37.9403	2286.42
38.6155	2262.42
39.2882	2149.42
39.9633	2252.42
40.6383	2325.42
41.3132	2406.42
41.9881	2509.42
42.6607	2505.42
43.3355	2503.42
44.0103	2450.42
44.685	2390.42
45.3596	2465.42
46.0319	2421.42
46.7065	2546.42
47.381	2576.42
48.0555	2601.42
48.7277	2657.42
49.402	2526.42
50.0764	2467.42
50.7484	2530.42
51.4226	2458.42
52.0968	2420.42
52.7687	2390.42
53.4428	2308.42
54.1168	2338.42
54.7885	2308.42
55.4625	2363.42
56.1364	2412.42
56.808	2563.42
57.4818	2661.42
58.1556	2786.42
58.827	2752.42
59.5007	2853.42
60.1721	2707.42
60.8456	2715.42
61.5169	2508.42
62.1904	2406.42
62.8615	2349.42
63.5349	2408.42
64.2083	2459.42
64.8793	2467.42
65.5526	2561.42
66.2235	2451.42
66.8967	2427.42
67.5675	2521.42
68.2383	2375.42
68.9113	2422.42
69.582	2441.42
70.2549	2453.42
70.9255	2489.42
71.5984	2450.42
72.2689	2423.42
72.9416	2571.42
73.612	2519.42
74.2824	2591.42
74.955	2522.42
75.6253	2579.42
76.2955	2417.42
76.968	2378.42
77.6381	2330.42
78.3082	2300.42
78.9805	2337.42
79.6505	2317.42
80.3205	2411.42
80.9927	2454.42
81.6625	2375.42
82.3323	2522.42
83.0044	2512.42
83.6741	2601.42
84.3438	2396.42
85.0134	2312.42
85.6852	2184.42
86.3548	2198.42
87.0242	2211.42
87.6937	2315.42
88.3654	2329.42
89.0347	2435.42
89.704	2479.42
90.3733	2411.42
91.0425	2423.42
91.7116	2441.42
92.383	2401.42
93.0521	2382.42
93.7211	2375.42
94.3901	2280.42
95.059	2250.42
95.7279	2238.42
96.3967	2184.42
97.0655	2205.42
97.7365	2309.42
98.4052	2270.42
99.0739	2207.42
99.7425	2250.42
100.411	2205.42
101.08	2126.42
101.748	2155.42
102.416	2188.42
103.085	2203.42
103.753	2221.42
104.421	2225.42
105.09	2243.42
105.758	2359.42
106.426	2326.42
107.094	2334.42
107.762	2264.42
108.43	2172.42
109.098	2073.42
109.766	2064.42
110.432	1997.42
111.099	2112.42
111.767	2028.42
112.435	2127.42
113.103	2120.42
113.77	2036.42
114.438	2033.42
115.105	2102.42
115.771	2083.42
116.438	2042.42
117.105	2055.42
117.773	2063.42
118.44	1959.42
119.107	1998.42
119.772	2040.42
120.439	2070.42
121.107	2102.42
121.774	2117.42
122.438	2094.42
123.105	2091.42
123.772	2039.42
124.439	2015.42
125.104	2009.42
125.771	1955.42
126.437	2011.42
127.104	2035.42
127.769	1996.42
128.435	1993.42
129.102	2052.42
129.766	1931.42
130.432	2003.42
131.099	2013.42
131.763	1971.42
132.429	1890.42
133.093	1876.42
133.76	1859.42
134.426	1812.42
135.09	1931.42
135.756	1930.42
136.42	1910.42
137.086	1927.42
137.752	1899.42
138.415	1839.42
139.081	1935.42
139.745	1947.42
140.411	1869.42
141.074	1884.42
141.74	1870.42
142.403	1762.42
143.069	1791.42
143.732	1883.42
144.398	1849.42
145.061	1869.42
145.724	1802.42
146.389	1832.42
147.052	1835.42
147.718	1827.42
148.381	1785.42
149.046	1817.42
149.709	1811.42
150.371	1825.42
151.037	1764.42
151.699	1775.42
152.362	1744.42
153.027	1794.42
153.69	1791.42
154.354	1860.42
155.017	1782.42
155.679	1767.42
156.342	1747.42
157.006	1683.42
157.669	1647.42
158.331	1728.42
158.996	1727.42
159.658	1667.42
160.32	1753.42
160.982	1652.42
161.646	1656.42
162.308	1675.42
162.97	1644.42
163.632	1648.42
164.294	1654.42
164.958	1709.42
165.62	1653.42
166.282	1721.42
166.943	1622.42
167.605	1663.42
168.267	1698.42
168.931	1703.42
169.592	1674.42
170.254	1624.42
170.915	1663.42
171.576	1684.42
172.238	1627.42
172.899	1625.42
173.56	1611.42
174.221	1661.42
174.883	1570.42
175.544	1539.42
176.207	1622.42
176.868	1638.42
177.529	1640.42
178.19	1644.42
178.851	1665.42
179.512	1647.42
180.172	1620.42
180.833	1634.42
181.494	1563.42
182.152	1700.42
182.813	1619.42
183.473	1578.42
184.134	1588.42
184.794	1608.42
185.455	1557.42
186.115	1629.42
186.776	1659.42
187.436	1630.42
188.096	1560.42
188.756	1513.42
189.414	1535.42
190.074	1626.42
190.734	1597.42
191.394	1616.42
192.054	1597.42
192.714	1578.42
193.372	1606.42
194.032	1596.42
194.692	1596.42
195.351	1504.42
196.011	1631.42
196.668	1571.42
197.328	1622.42
197.988	1557.42
198.647	1575.42
199.304	1584.42
199.964	1600.42
200.623	1582.42
201.28	1609.42
201.94	1537.42
202.599	1591.42
203.256	1553.42
203.915	1603.42
204.574	1557.42
205.231	1604.42
205.89	1578.42
206.549	1608.42
207.206	1601.42
207.864	1562.42
208.521	1596.42
209.18	1533.42
209.839	1578.42
210.495	1617.42
211.154	1587.42
211.81	1592.42
212.469	1580.42
213.125	1537.42
213.783	1544.42
214.44	1596.42
215.098	1624.42
215.754	1569.42
216.412	1577.42
217.068	1585.42
217.727	1616.42
218.382	1575.42
219.041	1649.42
219.696	1553.42
220.354	1602.42
221.01	1602.42
221.666	1593.42
222.324	1481.42
222.979	1570.42
223.637	1517.42
224.293	1598.42
224.948	1484.42
225.606	1525.42
226.261	1545.42
226.919	1606.42
227.574	1539.42
228.229	1575.42
228.885	1602.42
229.542	1582.42
230.197	1585.42
230.852	1620.42
231.509	1544.42
232.164	1594.42
232.819	1652.42
233.474	1621.42
234.131	1668.42
234.786	1588.42
235.441	1533.42
236.096	1551.42
236.752	1571.42
237.407	1601.42
238.062	1677.42
238.716	1602.42
239.371	1648.42
240.027	1593.42
240.682	1626.42
241.336	1594.42
241.99	1634.42
242.645	1606.42
243.299	1620.42
243.953	1537.42
244.607	1613.42
245.261	1622.42
245.918	1602.42
246.572	1592.42
247.225	1614.42
247.879	1655.42
248.533	1634.42
249.187	1549.42
249.841	1634.42
250.495	1609.42
251.148	1664.42
251.802	1647.42
252.455	1588.42
253.109	1677.42
253.762	1571.42
254.416	1696.42
255.069	1611.42
255.723	1657.42
256.376	1678.42
257.029	1698.42
257.68	1698.42
258.334	1647.42
258.987	1652.42
259.64	1702.42
260.293	1616.42
260.946	1643.42
261.599	1678.42
262.252	1633.42
262.902	1622.42
263.555	1620.42
264.208	1638.42
264.861	1652.42
265.513	1778.42
266.166	1660.42
266.816	1647.42
267.469	1702.42
268.122	1671.42
268.774	1640.42
269.424	1673.42
270.077	1735.42
270.729	1722.42
271.381	1689.42
272.031	1706.42
272.684	1651.42
273.336	1681.42
273.986	1678.42
274.638	1722.42
275.29	1741.42
275.939	1740.42
276.591	1731.42
277.243	1727.42
277.893	1655.42
278.545	1661.42
279.197	1660.42
279.846	1745.42
280.498	1791.42
281.147	1739.42
281.799	1716.42
282.45	1704.42
283.099	1656.42
283.751	1725.42
284.4	1680.42
285.051	1734.42
285.701	1751.42
286.352	1747.42
287.001	1683.42
287.652	1657.42
288.301	1708.42
288.952	1726.42
289.601	1735.42
290.252	1707.42
290.901	1659.42
291.552	1634.42
292.2	1595.42
292.849	1586.42
293.5	1646.42
294.148	1679.42
294.799	1766.42
295.447	1756.42
296.096	1737.42
296.746	1771.42
297.395	1712.42
298.043	1738.42
298.693	1778.42
299.341	1747.42
299.99	1821.42
300.64	1695.42
301.288	1720.42
301.936	1764.42
302.586	1690.42
303.234	1893.42
303.882	1811.42
304.53	1812.42
305.18	1774.42
305.827	1764.42
306.475	1824.42
307.123	1781.42
307.773	1813.42
308.42	1801.42
309.068	1797.42
309.715	1746.42
310.362	1732.42
311.01	1736.42
311.659	1816.42
312.307	1803.42
312.954	1808.42
313.601	1784.42
314.248	1778.42
314.895	1800.42
315.542	1803.42
316.189	1827.42
316.836	1819.42
317.486	1784.42
318.133	1895.42
318.779	1844.42
319.426	1827.42
320.073	1779.42
320.72	1790.42
321.366	1801.61
322.013	1834.7
322.66	1833.17
323.306	1821.05
323.953	1821.58
324.599	1796.65
325.245	1801.61
325.892	1849.71
326.538	1831.66
327.182	1856.07
327.828	1884.26
328.475	1842.4
329.121	1782.67
329.767	1803.27
330.413	1814.82
331.059	1859.81
331.705	1890.84
332.351	1895.47
332.995	1927.92
333.64	1867.8
334.286	1854.12
334.932	1865.63
335.578	1920.36
336.223	1828.59
336.867	1896.36
337.512	1928.73
338.158	1803.22
338.803	1876.55
339.447	1898.22
340.092	1889.28
340.737	1922.8
341.383	1952.63
342.026	1926.73
342.671	1909.54
343.316	1951.68
343.959	1912.54
344.604	1953.89
345.249	1896.24
345.892	1952.41
346.537	1995.84
347.182	1988.97
347.825	1903.3
348.469	1878.64
349.114	1926.42
349.757	1955.07
350.401	1947.57
351.044	1988.84
351.689	1905.93
352.333	1908.41
352.975	1944.95
353.62	1896.85
354.262	2012.35
354.907	1958.14
355.549	1982.38
356.193	2023.13
356.835	2029.63
357.479	1963.61
358.121	1985.75
358.765	1934.39
359.407	1946.3
360.051	1999.49
360.693	2040.54
361.337	1967.44
361.979	2026.35
362.62	1976.7
363.264	1989.81
363.906	2058.23
364.55	2087.35
365.191	2045.38
365.833	2079.31
366.476	2007.11
367.118	2050.78
367.759	2025.95
368.402	2061.09
369.044	2066.47
369.685	2069.74
370.328	2051.52
370.969	2027.29
371.61	2049.2
372.251	2050.18
372.895	2096.8
373.535	2130.49
374.176	2111.45
374.819	2090.12
375.46	2071.08
376.101	2034.53
376.742	2094.69
377.382	2058.48
378.025	2126.08
378.666	2125.88
379.306	2143.43
379.947	2078.7
380.587	2066.55
381.228	2067.91
381.87	2064.21
382.511	2153.68
383.151	2135.52
383.791	2162.26
384.431	2119.33
385.072	2068.82
385.712	2213.73
386.352	2088.18
386.992	2166.64
387.632	2157.76
388.272	2209.36
388.912	2189.14
389.551	2124.56
390.191	2150.96
390.831	2130.29
391.471	2154.55
392.11	2201.23
392.75	2245.88
393.39	2229.11
394.029	2172.7
394.669	2200.18
395.308	2190.55
395.948	2167.05
396.587	2156.26
397.226	2165.88
397.866	2222.45
398.505	2275.84
399.144	2252.93
399.783	2209.94
400.42	2245.87
401.059	2238
401.698	2239.81
402.337	2290.79
402.976	2295.76
403.615	2250.42
404.252	2221.24
404.891	2301.68
405.529	2256.88
406.168	2338.26
406.805	2273.24
407.443	2275.06
408.082	2285.69
408.72	2275.54
409.357	2311.11
409.995	2297.12
410.634	2335.76
411.272	2353.81
411.908	2346.76
412.547	2327.22
413.185	2339.38
413.821	2318.34
414.459	2387.21
415.097	2393.54
415.733	2403.03
416.371	2409.03
417.007	2415.92
417.645	2316.73
418.283	2330.61
418.918	2355.9
419.556	2387.94
420.192	2337.21
420.83	2376.38
421.467	2337.73
422.103	2309.16
422.74	2348
423.376	2403.72
424.013	2399.95
424.649	2480.13
425.286	2511.98
425.921	2549.36
426.559	2494.59
427.194	2462.72
427.829	2517
428.466	2505.36
429.101	2535.13
429.738	2537.25
430.373	2586.08
431.01	2598
431.645	2545.41
432.28	2536.78
432.917	2528.65
433.552	2599.52
434.188	2610.88
434.823	2634.85
435.458	2658.71
436.094	2673.82
436.729	2592.32
437.363	2547.16
437.998	2666.32
438.634	2639.88
439.268	2713.4
439.903	2696.25
440.539	2652.75
441.173	2665.36
441.808	2641.22
442.442	2651.58
443.078	2718.74
443.712	2700.16
444.346	2776.77
444.98	2758.22
445.614	2737
446.25	2762.89
446.884	2700.4
447.517	2808.91
448.151	2799.62
448.785	2833.44
449.418	2798.72
450.052	2854.56
450.688	2858.37
451.321	2819.34
451.955	2807.02
452.588	2803.68
453.222	2925.01
453.855	2911.29
454.488	2879.97
455.121	2909.4
455.755	2863.11
456.388	2855.61
457.021	2945.77
457.654	2962.96
458.287	2964.98
458.92	2927.41
459.553	2981.33
460.186	2892.45
460.819	2916.92
461.452	2962.63
462.084	2963.63
462.717	3033.56
463.35	3015.19
463.983	3059.07
464.615	2935.28
465.246	2884.24
465.878	2983.69
466.511	3000.65
467.143	3018.52
467.776	3065.15
468.408	3068.09
469.04	3029.19
469.67	2989
470.303	2930.17
470.935	2967.89
471.567	3077.82
472.199	3110.14
472.829	3083.81
473.461	3083.44
474.093	3029.17
474.725	3062.64
475.355	2996.67
475.986	3056.7
476.618	3091.17
477.25	3047.07
477.88	3105.87
478.511	3010.06
479.143	3052.92
479.772	3069.68
480.404	3037.48
481.035	3103.4
481.665	3108.86
482.296	3167.95
482.925	3095.38
483.557	3067.23
484.188	3048.83
484.817	3075.27
485.448	3012.37
486.077	3094.99
486.709	3081.4
487.34	3149.12
487.969	3043.1
488.6	3060.8
489.228	3039.99
489.859	3049.05
490.488	3141.11
491.119	3130.5
491.748	3127
492.378	3042.57
493.007	3002.14
493.638	3039.39
494.266	3033.74
494.894	3076.74
495.525	3025.93
496.153	3006.41
496.784	3049.04
497.412	2994.74
498.04	2916.03
498.671	2854.1
499.299	2843.65
499.929	2850.89
500.557	2848.83
501.185	2835.96
501.815	2742.53
502.443	2792.75
503.071	2704.23
503.701	2755.68
504.329	2788.03
504.957	2775.04
505.584	2720.2
506.214	2631.84
506.842	2627.16
507.469	2554.49
508.097	2554.26
508.727	2529.57
509.354	2526.54
509.981	2524.44
510.609	2521.18
511.236	2426.68
511.866	2369.71
512.493	2350.61
513.12	2343.99
513.747	2352.04
514.374	2356.07
515.001	2311.05
515.628	2243.1
516.258	2198.89
516.885	2157.78
517.511	2150.77
518.138	2141.17
518.765	2109.58
519.392	2119.71
520.019	2047.05
520.645	1986.32
521.272	2006.06
521.899	1916.25
522.525	1896.46
523.152	1903.41
523.778	1866.93
524.405	1864.49
525.031	1845.77
525.658	1778.77
526.284	1841.22
526.91	1739.51
527.536	1804.15
528.163	1792.79
528.789	1757.21
529.415	1711.19
530.041	1723.73
530.665	1698.03
531.291	1617.81
531.917	1678.6
532.543	1665.21
533.169	1677.37
533.795	1668.19
534.418	1587.04
535.044	1606.41
535.67	1547.2
536.295	1572.07
536.921	1576.65
537.544	1591.36
538.17	1528.43
538.795	1492.22
539.421	1485.62
540.044	1469.18
540.669	1455.77
541.295	1489.23
541.92	1487.13
542.543	1510.44
543.168	1471
543.794	1433.43
544.417	1448.74
545.042	1429.01
545.667	1395.39
546.29	1373.39
546.915	1421.79
547.539	1419.46
548.162	1371.11
548.787	1377.21
549.41	1355.94
550.034	1358.74
550.659	1349.5
551.282	1321.57
551.906	1385.53
552.529	1383.51
553.153	1355.61
553.776	1357.51
554.4	1361.81
555.022	1351.78
555.647	1313.15
556.269	1340.41
556.893	1304.06
557.515	1375.69
558.14	1305.44
558.762	1320.3
559.386	1284.58
560.008	1303.79
560.629	1352.44
561.253	1328.29
561.875	1308.91
562.499	1316.08
563.121	1316.67
563.743	1229.61
564.366	1271.11
564.988	1310.58
565.61	1276.41
566.233	1317.7
566.855	1287.32
567.476	1287.67
568.1	1286.41
568.721	1281.23
569.342	1273.54
569.964	1259.65
570.587	1236.44
571.208	1319.33
571.829	1307.65
572.451	1283.67
573.074	1299.8
573.695	1267.39
574.316	1271
574.937	1252.82
575.558	1312.46
576.181	1289.53
576.802	1297.76
577.422	1264.12
578.043	1251.94
578.664	1211.83
579.284	1219.17
579.905	1243.74
580.526	1229.95
581.148	1250.82
581.769	1226.37
582.389	1214.91
583.01	1276.45
583.63	1202.3
584.25	1245.6
584.871	1226.32
585.491	1204.77
586.111	1209.3
586.731	1194.45
587.351	1156.86
587.971	1146.43
588.592	1114.24
589.212	1153.99
589.832	1097.57
590.451	1132.63
591.071	1143.64
591.691	1075.89
592.311	1131.91
592.929	1109.21
593.548	1142.68
594.168	1160.38
594.788	1155.25
595.407	1112.11
596.027	1083.34
596.646	1091.31
597.264	1093.62
597.883	1097.34
598.502	1117.37
599.122	1114.33
599.741	1084.29
600.358	1085.98
600.977	1038.06
601.597	1058.08
602.216	1075.93
602.835	1048.16
603.452	1039.26
604.071	1051.33
604.69	1030.41
605.307	1024.65
605.925	993.177
606.544	1034.23
607.161	1014.27
607.78	1031.26
608.399	1029.14
609.015	1020.34
609.634	998.163
610.252	983.117
610.869	939.928
611.487	1021.63
612.106	1008.07
612.722	983.28
613.341	974.932
613.957	961.252
614.575	947.021
615.191	969.185
615.809	935.24
616.426	956.389
617.044	974.858
617.66	972.064
618.278	944.973
618.894	991.598
619.512	920.735
620.128	939.478
620.745	945.121
621.361	974.658
621.979	960.664
622.595	934.231
623.212	917.352
623.828	934.559
624.444	903.003
625.061	927.991
625.677	928.391
626.292	927.766
626.91	948.559
627.525	957.938
628.142	962.976
628.758	954.918
629.373	956.575
629.988	925.749
630.605	921.653
631.22	918.284
631.835	949.502
632.453	913.095
633.068	911.715
633.682	919.57
634.297	901.391
634.914	876.805
635.529	883.782
636.144	886.977
636.759	890.744
637.373	900.375
637.99	902.594
638.605	897.892
639.219	874.073
639.834	898.974
640.448	890.463
641.063	896.05
641.677	880.142
642.294	889.813
642.908	872.647
643.522	876.742
644.136	879.325
644.751	883.813
645.365	885.758
645.979	849.587
646.593	898.081
647.207	868.988
647.821	853.657
648.435	847.836
649.049	834.26
649.663	870.155
650.277	864.329
650.89	911.386
651.504	841.574
652.118	851.706
652.732	876.522
653.345	846.02
653.959	903.591
654.572	853.581
655.186	867.303
655.797	853.779
656.411	823.864
657.024	871.678
657.637	841.973
658.251	847.91
658.864	843.927
659.477	824.668
660.088	877.669
660.701	851.922
661.315	833.696
661.928	819.79
662.541	812.344
663.152	839.458
663.765	813.455
664.377	852.955
664.99	868.806
665.601	860.725
666.214	841.873
666.827	835.559
667.437	817.099
668.05	841.207
668.662	804.614
668.901	819.915
669.524	823.841
670.146	816.934
670.769	813.118
671.39	830.958
672.013	817.282
672.634	822.933
673.257	846.731
673.878	818.796
674.501	863.225
675.122	825.549
675.745	797.315
676.365	787.996
676.986	791.274
677.609	811.581
678.229	841.168
678.852	800.276
679.473	850.661
680.095	826.241
680.716	803.119
681.336	810.499
681.959	815.68
682.579	830.792
683.199	809.815
683.822	809.92
684.442	821.404
685.062	798.464
685.684	795.423
686.304	770.837
686.924	780.458
687.547	801.761
688.166	814.067
688.786	796.156
689.406	831.995
690.028	773.099
690.648	766.112
691.268	796.451
691.887	798.377
692.509	763.786
693.129	804.5
693.748	811.001
694.368	767.534
694.987	797.805
695.609	784.418
696.228	781.849
696.848	813.543
697.467	789.016
698.086	799.85
698.706	770.68
699.325	809.953
699.946	785.613
700.565	791.204
701.184	824.624
701.803	780.508
702.422	804.777
703.041	735.752
703.66	796.833
704.279	818.987
704.898	777.038
705.517	733.237
706.136	797.331
706.754	797.024
707.373	799.916
707.992	786.434
708.61	767.854
709.229	778.942
709.847	775.733
710.466	754.155
711.084	758.782
711.703	774.192
712.321	764.665
712.939	769.352
713.558	727.099
714.176	734.474
714.794	757.54
715.41	772.643
716.028	786.127
716.646	778.414
717.264	766.172
717.882	759.464
718.5	781.484
719.118	781.561
719.734	797.804
720.352	812.793
720.969	799.517
721.587	770.849
722.205	767.595
722.82	782.755
723.438	796.715
724.055	737.695
724.673	775.257
725.288	778.362
725.906	784.47
726.523	771.688
727.138	792.208
727.756	791.111
728.373	783.448
728.99	756.064
729.605	789.6
730.223	791.6
730.84	777.448
731.455	768.01
732.072	776.189
732.689	823.9
733.304	787.312
733.92	762.684
734.535	797.644
735.152	818.345
735.769	772.125
736.383	774.062
737	795.056
737.615	782.57
738.231	763.761
738.846	788.256
739.462	802.231
740.077	799.842
740.693	737.585
741.308	800.679
741.924	780.875
742.538	782.632
743.155	769.224
743.769	814.118
744.385	761.542
744.999	797.951
745.615	802.79
746.229	784.732
746.845	785.575
747.459	774.308
748.073	767.35
748.689	803.386
749.303	794.806
749.916	787.107
750.532	791.079
751.146	781.928
751.762	762.104
752.375	789.737
752.989	786.589
753.604	834.06
754.218	784.915
754.831	807.329
755.445	775.33
756.06	761.043
756.673	774.963
757.287	774.247
757.902	799.335
758.515	789.996
759.128	796.236
759.741	806.491
760.354	764.961
760.97	802.691
761.583	768.602
762.195	796.13
762.808	821.375
763.421	809.816
764.036	788.92
764.649	764.707
765.262	815.073
765.874	820.597
766.487	788.244
767.1	784.505
767.712	835.914
768.327	782.506
768.939	793.932
769.552	803.726
770.164	793.504
770.777	780.654
771.389	782.255
772.001	826.62
772.613	818.476
773.226	788.167
773.838	761.905
774.45	814.846
775.062	797.464
775.674	819.112
776.286	802.538
776.898	818.415
777.51	810.082
778.122	781.508
778.734	807.405
779.346	789.021
779.957	795.589
780.569	788.815
781.181	826.49
781.79	789.168
782.402	807.076
783.013	805.264
783.625	796.252
784.236	792.596
784.848	815.471
785.459	822.233
786.071	819.863
786.68	822.058
787.291	795.46
787.902	812.986
788.514	802.35
789.125	826.454
789.734	808.961
790.345	805.298
790.956	817.298
791.567	798.169
792.176	792.181
792.787	795.146
793.398	787.758
794.008	784.631
794.617	807.23
795.228	841.092
795.839	798.35
796.447	817.026
797.058	797.378
797.668	774.018
798.277	798.204
798.887	793.949
799.498	807.785
800.106	821.155
800.717	816.021
801.325	783.396
801.935	784.625
802.545	765.323
803.154	762.12
803.764	765.192
804.372	751.474
804.982	784.098
805.59	774.038
806.2	777.312
806.808	760.041
807.418	761.244
808.026	761.731
808.635	757.852
809.243	718.365
809.853	739.282
810.461	730.66
811.07	734.828
811.678	712.728
812.288	691.341
812.895	729.353
813.505	716.073
814.112	731.721
814.719	731.752
815.329	702.587
815.936	721.424
816.546	678.756
817.153	720.51
817.76	704.795
818.369	703.217
818.976	730.163
819.583	710.796
820.193	703.342
820.799	701.626
821.406	654.537
822.015	686.49
822.622	691.923
823.229	676.896
823.836	707.785
824.445	687.36
825.051	651.274
825.658	648.886
826.265	651.714
826.873	645.871
827.48	645.449
828.086	663.77
828.693	658.433
829.299	630.249
829.906	641.997
830.514	657.393
831.12	615.948
831.727	658.274
832.333	627.267
832.939	641.589
833.545	633.037
834.151	615.151
834.757	638.614
835.366	628.938
835.972	604.67
836.578	650.436
837.183	622.132
837.789	639.053
838.395	624.375
839.001	624.235
839.607	623.555
840.212	620.945
840.818	620.765
841.424	598.895
842.029	632.787
842.635	633.398
843.24	613.84
843.846	626.255
844.451	587.818
845.057	630.771
845.662	635.444
846.265	614.67
846.87	644.996
847.476	636.524
848.081	640.074
848.686	620.016
849.291	632.353
849.896	622.078
850.501	623.538
851.106	640.323
851.709	651.469
852.314	627.167
852.919	663.38
853.524	640.645
854.129	634.343
854.731	653.836
855.336	671.719
855.941	654.378
856.545	656.041
857.148	678.419
857.752	684.185
858.357	659.137
858.961	658.373
859.564	649.187
860.168	674.354
860.773	674.923
861.375	692.238
861.979	706.956
862.583	670.128
863.185	678.945
863.79	687.792
864.394	701.719
864.996	698.695
865.6	693.562
866.204	689.375
866.806	669.168
867.41	723.234
868.011	697.359
868.615	670.509
869.217	714.238
869.821	707.117
870.424	761.62
871.026	694.694
871.63	733.694
872.231	666.233
872.835	711.875
873.436	710.693
874.04	719.192
874.641	680.8
875.245	699.3
875.846	688.916
876.447	720.533
877.05	703.458
877.652	696.266
878.255	728.642
878.856	757.232
879.459	695.758
880.06	766.009
880.661	730.451
881.264	720.39
881.865	755.469
882.466	742.107
883.069	754.723
883.67	735.897
884.27	769.021
884.873	746.082
885.474	742.472
886.074	768.715
886.677	774.287
887.278	731.504
887.878	730.152
888.479	763.667
889.081	727.982
889.682	775.879
890.282	771.126
890.882	763.508
891.485	768.145
892.085	706.35
892.685	750.746
893.285	733.731
893.885	761.179
894.488	750.373
895.088	737.536
895.688	727.774
896.288	753.138
896.887	758.275
897.487	758.539
898.087	793.973
898.687	745.676
899.287	771.532
899.889	732.297
900.488	711.85
901.088	752.946
901.688	781.873
902.287	750.475
902.887	753.066
903.486	722.414
904.086	774.809
904.685	737.966
905.284	720.811
905.884	751.968
906.483	721.296
907.082	742.323
907.682	756.414
908.281	720.329
908.88	782.189
909.479	774.941
910.076	765.198
910.675	763.759
911.274	727.251
911.873	727.622
912.472	750.865
913.071	769.534
913.67	762.259
914.268	740.997
914.865	715.835
915.464	721.084
916.063	694.978
916.661	741.199
917.26	739.275
917.858	752.363
918.455	734.294
919.053	754.577
919.652	741.026
920.25	731.55
920.846	735.89
921.445	769.526
922.043	718.028
922.641	720.373
923.237	739.776
923.836	715.521
924.434	747.456
925.03	745.557
925.628	747.158
926.226	726.087
926.822	722.04
927.42	740.467
928.018	744.922
928.613	754.882
929.211	686.889
929.807	727.905
930.405	742.292
931.003	737.988
931.598	761.942
932.196	751.991
932.791	782.485
933.389	705.58
933.984	716.44
934.582	720.149
935.177	745.059
935.774	730.706
936.37	724.755
936.967	736.097
937.562	754.974
938.16	733.268
938.755	736.722
939.352	742.591
939.947	760.212
940.544	758.234
941.139	739.934
941.736	728.134
942.331	758.911
942.926	732.331
943.523	742.761
944.117	768.017
944.712	737.928
945.309	772.738
945.904	782.837
946.5	713.679
947.095	734.595
947.69	672.338
948.284	763.263
948.881	756.749
949.475	775.912
950.07	761.922
950.666	766.23
951.26	762.078
951.855	767.961
952.449	738.671
953.045	751.713
953.639	751.459
954.233	749.881
954.828	801.102
955.422	780.209
956.018	806.198
956.612	745.649
957.206	788.422
957.8	785.182
958.393	727.774
958.987	793.116
959.583	813.14
960.177	792.648
960.771	800.546
961.364	814.823
961.958	769.711
962.552	788.658
963.145	788.928
963.739	795.531
964.332	795.593
964.926	793.715
965.519	813.867
966.112	802.612
966.706	798.166
967.299	804.798
967.892	837.039
968.485	816.501
969.079	841.095
969.672	834.443
970.265	809.022
970.858	852.119
971.451	847.227
972.044	843.6
972.637	814.183
973.23	848.305
973.823	822.238
974.415	821.835
975.006	799.288
975.599	846.271
976.192	851.786
976.784	871.578
977.377	882.568
977.97	847.801
978.56	879.285
979.153	855.764
979.745	896.678
980.338	870.199
980.93	868.798
981.52	859.578
982.113	856.171
982.705	889.69
983.297	888.466
983.887	883.862
984.48	861.857
985.072	847.608
985.664	877.414
986.254	883.964
986.846	884.973
987.438	867.178
988.028	876.881
988.62	906.419
989.212	918.464
989.801	902.905
990.393	906.802
990.983	895.357
991.575	893.824
992.166	905.538
992.756	911.625
993.348	890.958
993.937	892.751
994.529	873.155
995.118	887.887
995.71	882.872
996.299	843.718
996.89	878.299
997.48	937.35
998.071	920.07
998.66	898.637
999.251	908.134
999.84	899.823
1000.43	922.061
1001.02	933.751
1001.61	953.14
1002.2	940.196
1002.79	943.318
1003.38	886.211
1003.97	909.334
1004.56	895.224
1005.15	912.063
1005.74	933.062
1006.33	942.548
1006.92	947.105
1007.51	904.269
1008.1	911.756
1008.69	911.802
1009.28	934.306
1009.86	937.405
1010.45	926.893
1011.04	960.283
1011.63	954.456
1012.22	933.907
1012.81	926.075
1013.4	907.83
1013.99	903.456
1014.58	933.695
1015.16	959.795
1015.75	904.721
1016.34	930.758
1016.93	933.246
1017.52	910.888
1018.11	922.697
1018.69	909.132
1019.28	950.775
1019.87	955.476
1020.46	943.808
1021.05	968.847
1021.63	956.689
1022.22	913.103
1022.81	932.592
1023.4	921.126
1023.99	958.676
1024.57	960.375
1025.16	965.636
1025.75	940.325
1026.34	971.889
1026.92	939.649
1027.51	929.829
1028.1	924.947
1028.68	924.64
1029.27	947.565
1029.86	975.201
1030.45	989.994
1031.03	979.987
1031.62	919.221
1032.21	917.424
1032.79	935.574
1033.38	935.209
1033.97	929.173
1034.56	967.01
1035.14	939.911
1035.73	959.755
1036.31	964.008
1036.9	922.868
1037.49	919.222
1038.07	937.961
1038.66	931.077
1039.25	915.795
1039.83	948.826
1040.42	962.519
1041	958.589
1041.59	933.397
1042.18	940.106
1042.76	938.969
1043.35	942.126
1043.93	971.954
1044.52	950.42
1045.11	962.663
1045.69	950.783
1046.28	916.169
1046.86	936.277
1047.45	922.879
1048.03	949.513
1048.62	951.911
1049.2	956.312
1049.79	935.184
1050.37	935.656
1050.96	947.258
1051.54	954.327
1052.13	975.71
1052.71	971.448
1053.3	961.943
1053.88	966.462
1054.47	976.459
1055.05	962.966
1055.64	949.489
1056.22	963.604
1056.81	935.154
1057.39	978.088
1057.98	1000.5
1058.56	979.031
1059.14	990.742
1059.73	996.071
1060.31	964.48
1060.9	995.482
1061.48	1006.59
1062.07	1004.91
1062.65	1009.07
1063.23	1005.99
1063.82	995.098
1064.4	1023.88
1064.98	1021.23
1065.57	980.574
1066.15	1003.64
1066.73	972.127
1067.32	1007.4
1067.9	1025.58
1068.49	994.327
1069.07	988.055
1069.65	1006.26
1070.24	996.691
1070.82	993.548
1071.4	1031.03
1071.98	1047.59
1072.57	1069.42
1073.15	1019.55
1073.73	1014.21
1074.32	1049.69
1074.9	1023.73
1075.48	1037.94
1076.06	1014.1
1076.65	1064.82
1077.23	1045.15
1077.81	998.371
1078.39	1014.55
1078.98	999.613
1079.56	1075.59
1080.14	1023.22
1080.72	1054.57
1081.3	1068.79
1081.89	1070.29
1082.47	1074.37
1083.05	1056.54
1083.63	1072.29
1084.21	1060.33
1084.8	1082.76
1085.38	1053.72
1085.96	1111.42
1086.54	1080.93
1087.12	1076.51
1087.7	1059.38
1088.29	1069.43
1088.87	1070.37
1089.45	1055.48
1090.03	1089.16
1090.61	1089.76
1091.19	1072.73
1091.77	1023.48
1092.35	1075.03
1092.93	1067.56
1093.51	1070.22
1094.1	1056.01
1094.68	1091.52
1095.26	1077
1095.84	1094.22
1096.42	1113.24
1097	1096.14
1097.58	1080.04
1098.16	1083.38
1098.74	1072.99
1099.32	1078.4
1099.9	1080.37
1100.48	1114.39
1101.06	1081.14
1101.64	1097.43
1102.22	1074.06
1102.8	1092.65
1103.38	1099.55
1103.96	1069.85
1104.54	1047.46
1105.12	1092.17
1105.7	1085.27
1106.28	1116
1106.86	1082.52
1107.44	1078.64
1108.02	1065.04
1108.6	1076.14
1109.18	1072.34
1109.76	1074.72
1110.34	1095.01
1110.92	1049.69
1111.49	1072.35
1112.07	1062.19
1112.65	1085.01
1113.23	1111.38
1113.81	1085.34
1114.39	1064.73
1114.97	1113.07
1115.55	1078.82
1116.13	1075.19
1116.7	1088.96
1117.28	1056.93
1117.86	1045.18
1118.44	1085.64
1119.02	1083.96
1119.6	1096.25
1120.17	1082.75
1120.75	1051.1
1121.33	1058.82
1121.91	1045.08
1122.49	1053.12
1123.07	1043.88
1123.64	1054.59
1124.22	1067.45
1124.8	1024.26
1125.38	1071.38
1125.95	976.533
1126.53	1010.57
1127.11	1037.14
1127.69	1054.18
1128.26	1024.98
1128.84	1040.63
1129.42	1037.46
1130	995.538
1130.57	982.801
1131.15	973.926
1131.73	998.766
1132.31	964.409
1132.88	973.542
1133.46	1008.61
1134.04	967.604
1134.61	1024.51
1135.19	987.496
1135.77	958.48
1136.34	968.728
1136.92	978.246
1137.5	987.262
1138.07	1024.05
1138.65	984.91
1139.23	993.03
1139.8	965.097
1140.38	953.365
1140.95	936.611
1141.53	979.467
1142.11	928.802
1142.68	956.825
1143.26	993.16
1143.83	965.097
1144.41	986.64
1144.99	953.67
1145.56	953.449
1146.14	915.591
1146.71	946.83
1147.29	960.301
1147.86	910.772
1148.44	947.225
1149.02	933.617
1149.59	890.52
1150.17	923.348
1150.74	883.566
1151.32	899.247
1151.89	898.65
1152.47	896.32
1153.04	885.225
1153.62	873.483
1154.19	871.546
1154.77	912.838
1155.34	868.987
1155.92	888.73
1156.49	926.675
1157.07	918.135
1157.64	894.45
1158.22	896.487
1158.79	883.346
1159.36	884.654
1159.94	889.307
1160.51	885.619
1161.09	858.46
1161.66	917.319
1162.23	874.665
1162.81	831.789
1163.38	848.83
1163.96	810.507
1164.53	824.255
1165.1	844.326
1165.68	887.879
1166.25	830.83
1166.83	809.102
1167.4	820.081
1167.97	814.911
1168.55	816.568
1169.12	805.083
1169.69	799.585
1170.27	798.603
1170.84	826.552
1171.41	832.423
1171.99	798.411
1172.56	818.768
1173.13	801.239
1173.71	799.491
1174.28	776.05
1174.85	801.281
1175.42	816.982
1176	835.648
1176.57	774.152
1177.14	757.548
1177.71	775.569
1178.29	771.093
1178.86	744.267
1179.43	779.17
1180.01	761.195
1180.58	759.359
1181.15	770.261
1181.72	735.051
1182.29	750.986
1182.86	747.766
1183.44	741.713
1184.01	746.428
1184.58	743.099
1185.15	712.957
1185.72	747.415
1186.3	730.3
1186.87	716.553
1187.44	710.465
1188.01	708.029
1188.58	692.776
1189.16	722.044
1189.73	696.369
1190.3	697.588
1190.87	706.947
1191.44	672.614
1192.01	662.152
1192.58	712.068
1193.15	686.218
1193.72	703.302
1194.29	707.933
1194.87	692.792
1195.44	641.83
1196.01	691.257
1196.58	683.321
1197.15	663.345
1197.72	667.824
1198.29	645.344
1198.86	642.534
1199.43	664.612
1200	647.735
1200.57	656.448
1201.14	631.307
1201.71	637.986
1202.28	649.926
1202.85	607.168
1203.42	645.205
1203.99	630.477
1204.56	628.882
1205.13	614.499
1205.7	625.758
1206.27	614.325
1206.84	608.919
1207.41	621.328
1207.98	620.92
1208.55	628.777
1209.12	591.038
1209.69	558.251
1210.26	612.022
1210.83	583.21
1211.4	607.873
1211.97	582.84
1212.54	563.382
1213.11	606.307
1213.67	591.817
1214.24	561.401
1214.81	586.737
1215.38	561.66
1215.95	544.651
1216.52	564.908
1217.09	562.862
1217.66	559.274
1218.22	574.409
1218.79	571.528
1219.36	584.044
1219.93	585.059
1220.5	582.583
1221.07	561.907
1221.64	565.685
1222.2	559.176
1222.77	590.904
1223.34	559.137
1223.91	587.999
1224.48	526.145
1224.52	550.145
1225.1	519.145
1225.67	560.145
1226.24	553.145
1226.82	527.145
1227.39	536.145
1227.96	541.145
1228.54	527.145
1229.11	544.145
1229.68	550.145
1230.25	531.145
1230.83	509.145
1231.4	554.145
1231.97	541.145
1232.55	521.145
1233.12	533.145
1233.69	523.145
1234.26	493.145
1234.83	507.145
1235.41	510.145
1235.98	539.145
1236.55	527.145
1237.12	531.145
1237.7	535.145
1238.27	535.145
1238.84	528.145
1239.41	502.145
1239.98	555.145
1240.55	506.145
1241.13	516.145
1241.7	535.145
1242.27	515.145
1242.84	512.145
1243.41	496.145
1243.99	531.145
1244.56	513.145
1245.13	506.145
1245.7	518.145
1246.27	537.145
1246.84	503.145
1247.41	504.145
1247.98	525.145
1248.55	505.145
1249.13	524.145
1249.7	523.145
1250.27	514.145
1250.84	503.145
1251.41	527.145
1251.98	510.145
1252.55	525.145
1253.12	483.145
1253.69	495.145
1254.26	546.145
1254.83	495.145
1255.4	516.145
1255.97	505.145
1256.54	507.145
1257.11	507.145
1257.68	519.145
1258.25	477.145
1258.82	508.145
1259.39	498.145
1259.96	477.145
1260.53	504.145
1261.1	513.145
1261.67	512.145
1262.24	467.145
1262.81	491.145
1263.38	519.145
1263.95	511.145
1264.52	541.145
1265.09	490.145
1265.66	509.145
1266.23	497.145
1266.8	505.145
1267.37	519.145
1267.94	510.145
1268.5	503.145
1269.07	500.145
1269.64	524.145
1270.21	510.145
1270.78	478.145
1271.35	484.145
1271.92	492.145
1272.49	532.145
1273.06	505.145
1273.62	518.145
1274.19	519.145
1274.76	493.145
1275.33	498.145
1275.9	481.145
1276.47	482.145
1277.03	496.145
1277.6	512.145
1278.17	505.145
1278.74	485.145
1279.31	526.145
1279.87	495.145
1280.44	447.145
1281.01	498.145
1281.58	495.145
1282.15	462.145
1282.71	537.145
1283.28	484.145
1283.85	489.145
1284.42	513.145
1284.98	520.145
1285.55	518.145
1286.12	469.145
1286.69	519.145
1287.25	506.145
1287.82	527.145
1288.39	511.145
1288.95	498.145
1289.52	466.145
1290.09	509.145
1290.65	504.145
1291.22	537.145
1291.79	521.145
1292.35	463.145
1292.92	521.145
1293.49	526.145
1294.05	495.145
1294.62	490.145
1295.19	506.145
1295.75	502.145
1296.32	498.145
1296.89	515.145
1297.45	506.145
1298.02	491.145
1298.58	525.145
1299.15	517.145
1299.72	492.145
1300.28	499.145
1300.85	488.145
1301.41	501.145
1301.98	489.145
1302.55	511.145
1303.11	482.145
1303.68	516.145
1304.24	480.145
1304.81	505.145
1305.37	491.145
1305.94	523.145
1306.51	497.145
1307.07	515.145
1307.64	507.145
1308.2	516.145
1308.77	527.145
1309.33	509.145
1309.9	506.145
1310.46	504.145
1311.03	509.145
1311.59	469.145
1312.16	502.145
1312.72	529.145
1313.28	480.145
1313.85	476.145
1314.42	527.145
1314.98	512.145
1315.54	492.145
1316.11	500.145
1316.67	493.145
1317.24	507.145
1317.8	505.145
1318.36	506.145
1318.93	532.145
1319.49	471.145
1320.06	511.145
1320.62	512.145
1321.18	522.145
1321.75	492.145
1322.31	472.145
1322.88	483.145
1323.44	501.145
1324	485.145
1324.57	473.145
1325.13	520.145
1325.7	492.145
1326.26	503.145
1326.82	501.145
1327.38	466.145
1327.95	518.145
1328.51	504.145
1329.07	512.145
1329.64	504.145
1330.2	473.145
1330.76	475.145
1331.33	506.145
1331.89	511.145
1332.45	525.145
1333.01	484.145
1333.58	521.145
1334.14	489.145
1334.7	489.145
1335.27	527.145
1335.83	504.145
1336.39	477.145
1336.95	522.145
1337.52	458.145
1338.08	494.145
1338.64	524.145
1339.2	484.145
1339.76	488.145
1340.33	527.145
1340.89	500.145
1341.45	516.145
1342.01	493.145
1342.57	495.145
1343.14	495.145
1343.7	508.145
1344.26	517.145
1344.82	506.145
1345.38	490.145
1345.94	489.145
1346.5	498.145
1347.07	506.145
1347.63	481.145
1348.19	497.145
1348.75	498.145
1349.31	518.145
1349.87	496.145
1350.43	523.145
1351	455.145
1351.56	516.145
1352.12	476.145
1352.68	528.145
1353.24	511.145
1353.8	512.145
1354.36	469.145
1354.92	503.145
1355.48	509.145
1356.04	510.145
1356.6	521.145
1357.16	489.145
1357.72	533.145
1358.28	506.145
1358.84	513.145
1359.4	494.145
1359.96	524.145
1360.52	490.145
1361.08	514.145
1361.64	491.145
1362.2	554.145
1362.76	547.145
1363.32	533.145
1363.88	538.145
1364.44	515.145
1365	492.145
1365.56	512.145
1366.12	497.145
1366.68	533.145
1367.24	500.145
1367.8	514.145
1368.36	516.145
1368.92	534.145
1369.48	527.145
1370.04	511.145
1370.6	504.145
1371.15	499.145
1371.71	494.145
1372.27	529.145
1372.83	496.145
1373.39	533.145
1373.95	524.145
1374.51	497.145
1375.07	530.145
1375.62	520.145
1376.18	518.145
1376.74	525.145
1377.3	497.145
1377.86	515.145
1378.42	517.145
1378.98	502.145
1379.53	529.145
1380.09	507.145
1380.65	519.145
1381.21	523.145
1381.77	521.145
1382.32	508.145
1382.88	512.145
1383.44	534.145
1384	519.145
1384.56	517.145
1385.11	518.145
1385.67	507.145
1386.23	534.145
1386.79	536.145
1387.34	517.145
1387.9	526.145
1388.46	502.145
1389.02	504.145
1389.57	500.145
1390.13	499.145
1390.69	509.145
1391.24	498.145
1391.8	551.145
1392.36	517.145
1392.92	487.145
1393.47	527.145
1394.03	527.145
1394.59	510.145
1395.14	516.145
1395.7	502.145
1396.26	501.145
1396.81	486.145
1397.37	533.145
1397.92	546.145
1398.48	501.145
1399.04	519.145
1399.59	498.145
1400.15	538.145
1400.71	529.145
1401.26	513.145
1401.82	526.145
1402.38	525.145
1402.93	492.145
1403.49	517.145
1404.04	498.145
1404.6	522.145
1405.15	518.145
1405.71	503.145
1406.26	515.145
1406.82	477.145
1407.38	510.145
1407.93	512.145
1408.49	489.145
1409.04	506.145
1409.6	537.145
1410.15	513.145
1410.71	507.145
1411.26	514.145
1411.82	503.145
1412.37	527.145
1412.93	505.145
1413.48	538.145
1414.04	520.145
1414.59	527.145
1415.15	515.145
1415.7	495.145
1416.26	511.145
1416.81	511.145
1417.37	522.145
1417.92	510.145
1418.48	520.145
1419.03	507.145
1419.58	525.145
1420.14	498.145
1420.69	522.145
1421.25	548.145
1421.8	494.145
1422.36	522.145
1422.91	513.145
1423.46	493.145
1424.02	509.145
1424.57	511.145
1425.12	505.145
1425.68	531.145
1426.23	501.145
1426.78	500.145
1427.34	499.145
1427.89	495.145
1428.44	505.145
1429	534.145
1429.55	517.145
1430.11	509.145
1430.66	509.145
1431.21	510.145
1431.77	504.145
1432.32	448.145
1432.87	510.145
1433.42	515.145
1433.98	510.145
1434.53	518.145
1435.08	517.145
1435.64	500.145
1436.19	541.145
1436.74	478.145
1437.29	509.145
1437.85	532.145
1438.4	512.145
1438.95	487.145
1439.5	494.145
1440.06	530.145
1440.61	502.145
1441.16	502.145
1441.71	524.145
1442.26	501.145
1442.82	494.145
1443.37	507.145
1443.92	512.145
1444.47	511.145
1445.02	498.145
1445.57	514.145
1446.13	502.145
1446.68	538.145
1447.23	548.145
1447.78	540.145
1448.33	500.145
1448.88	495.145
1449.44	511.145
1449.99	507.145
1450.54	533.145
1451.09	508.145
1451.64	513.145
1452.19	548.145
1452.74	565.145
1453.29	494.145
1453.85	504.145
1454.4	503.145
1454.95	531.145
1455.5	477.145
1456.05	529.145
1456.6	500.145
1457.15	546.145
1457.7	481.145
1458.25	478.145
1458.8	497.145
1459.35	532.145
1459.9	518.145
1460.45	500.145
1461	522.145
1461.55	512.145
1462.1	510.145
1462.65	533.145
1463.2	480.145
1463.75	489.145
1464.3	534.145
1464.85	500.145
1465.4	515.145
1465.95	492.145
1466.5	522.145
1467.05	510.145
1467.6	490.145
1468.15	485.145
1468.7	506.145
1469.25	509.145
1469.8	498.145
1470.35	497.145
1470.9	510.145
1471.45	521.145
1472	496.145
1472.55	515.145
1473.1	501.145
1473.64	500.145
1474.19	515.145
1474.74	527.145
1475.29	512.145
1475.84	502.145
1476.39	520.145
1476.94	547.145
1477.49	513.145
1478.03	482.145
1478.58	496.145
1479.13	485.145
1479.68	500.145
1480.23	506.679
2799.9	502.753
2800.36	502.753
2800.82	503.274
2801.28	503.795
2801.74	504.317
2802.2	504.838
2802.66	504.838
2803.12	504.838
2803.58	504.838
2804.04	504.838
2804.5	504.838
2804.96	503.795
2805.42	529.678
2805.88	510.678
2806.34	537.678
2806.8	481.678
2807.26	485.678
2807.71	511.678
2808.17	495.678
2808.63	469.678
2809.09	539.678
2809.55	522.678
2810.01	527.678
2810.47	492.678
2810.93	488.678
2811.39	527.678
2811.85	517.678
2812.31	497.678
2812.77	486.678
2813.23	496.678
2813.69	529.678
2814.14	482.678
2814.6	525.678
2815.06	508.678
2815.52	490.678
2815.98	491.678
2816.44	485.678
2816.9	508.678
2817.36	509.678
2817.81	531.678
2818.27	520.678
2818.73	531.678
2819.19	500.678
2819.65	470.678
2820.11	522.678
2820.57	527.678
2821.02	513.678
2821.48	502.678
2821.94	531.678
2822.4	496.678
2822.86	491.678
2823.31	489.678
2823.77	485.678
2824.23	506.678
2824.69	499.678
2825.15	528.678
2825.61	505.678
2826.06	540.678
2826.52	540.678
2826.98	527.678
2827.44	511.678
2827.9	559.678
2828.35	513.678
2828.81	537.678
2829.27	542.678
2829.72	536.678
2830.18	546.678
2830.64	539.678
2831.1	557.678
2831.56	509.678
2832.01	537.678
2832.47	518.678
2832.93	515.678
2833.38	544.678
2833.84	530.678
2834.3	525.678
2834.76	519.678
2835.21	523.678
2835.67	512.678
2836.13	525.678
2836.58	517.678
2837.04	523.678
2837.5	532.678
2837.95	512.678
2838.41	521.678
2838.87	512.678
2839.33	534.678
2839.78	531.678
2840.24	531.678
2840.69	590.678
2841.15	522.678
2841.61	533.678
2842.06	534.678
2842.52	546.678
2842.98	516.678
2843.43	506.678
2843.89	512.678
2844.35	523.678
2844.8	545.678
2845.26	555.678
2845.71	539.678
2846.17	529.678
2846.63	486.678
2847.08	541.678
2847.54	506.678
2847.99	512.678
2848.45	553.678
2848.91	529.678
2849.36	565.678
2849.82	542.678
2850.27	546.678
2850.73	571.678
2851.18	505.678
2851.64	514.678
2852.09	532.678
2852.55	544.678
2853.01	487.678
2853.46	531.678
2853.92	560.678
2854.37	534.678
2854.83	544.678
2855.28	499.678
2855.74	535.678
2856.19	539.678
2856.65	511.678
2857.1	538.678
2857.56	549.678
2858.01	491.678
2858.47	529.678
2858.92	578.678
2859.38	508.678
2859.83	556.678
2860.29	522.678
2860.74	466.678
2861.2	524.678
2861.65	545.678
2862.11	534.678
2862.56	529.678
2863.02	527.678
2863.47	523.678
2863.92	566.678
2864.38	482.678
2864.83	540.678
2865.29	519.678
2865.74	482.678
2866.2	500.678
2866.65	504.678
2867.1	567.678
2867.56	511.678
2868.01	541.678
2868.47	520.678
2868.92	535.678
2869.38	533.678
2869.83	541.678
2870.28	513.678
2870.74	525.678
2871.19	541.678
2871.64	513.678
2872.1	550.678
2872.55	544.678
2873.01	564.678
2873.46	555.678
2873.91	554.678
2874.37	524.678
2874.82	533.678
2875.27	591.678
2875.73	534.678
2876.18	563.678
2876.63	519.678
2877.09	567.678
2877.54	551.678
2877.99	563.678
2878.44	564.678
2878.9	495.678
2879.35	545.678
2879.8	537.678
2880.26	554.678
2880.71	522.678
2881.16	522.678
2881.62	552.678
2882.07	548.678
2882.52	560.678
2882.97	554.678
2883.43	593.678
2883.88	557.678
2884.33	575.678
2884.79	534.678
2885.24	537.678
2885.69	532.678
2886.14	583.678
2886.59	523.678
2887.05	522.678
2887.5	520.678
2887.95	554.678
2888.4	546.678
2888.86	561.678
2889.31	475.678
2889.76	546.678
2890.21	548.678
2890.66	549.678
2891.12	558.678
2891.57	609.678
2892.02	530.678
2892.47	521.678
2892.92	537.678
2893.38	539.678
2893.83	548.678
2894.28	513.678
2894.73	551.678
2895.18	509.678
2895.63	557.678
2896.09	536.678
2896.54	558.678
2896.99	535.678
2897.44	552.678
2897.89	558.678
2898.34	529.678
2898.79	522.678
2899.24	550.678
2899.7	543.678
2900.15	523.678
2900.6	512.678
2901.05	547.678
2901.5	557.678
2901.95	538.678
2902.4	555.678
2902.85	561.678
2903.3	518.678
2903.75	524.678
2904.21	537.678
2904.66	594.678
2905.11	556.678
2905.56	564.678
2906.01	570.678
2906.46	539.678
2906.91	540.678
2907.36	580.678
2907.81	570.678
2908.26	564.678
2908.71	560.678
2909.16	572.678
2909.61	597.678
2910.06	573.678
2910.51	591.678
2910.96	552.678
2911.41	584.678
2911.86	558.678
2912.31	525.678
2912.76	553.678
2913.21	537.678
2913.66	546.678
2914.11	564.678
2914.56	545.678
2915.01	530.678
2915.46	562.678
2915.91	571.678
2916.36	569.678
2916.81	536.678
2917.26	565.678
2917.71	557.678
2918.16	561.678
2918.61	583.678
2919.06	560.678
2919.51	560.678
2919.96	549.678
2920.41	568.678
2920.85	580.678
2921.3	532.678
2921.75	586.678
2922.2	530.678
2922.65	576.678
2923.1	544.678
2923.55	520.678
2924	547.678
2924.45	554.678
2924.9	544.678
2925.34	581.678
2925.79	570.678
2926.24	570.678
2926.69	542.678
2927.14	567.678
2927.59	577.678
2928.04	579.678
2928.49	577.678
2928.93	602.678
2929.38	589.678
2929.83	578.678
2930.28	561.678
2930.73	594.678
2931.18	555.678
2931.62	588.678
2932.07	563.678
2932.52	572.678
2932.97	590.678
2933.42	582.678
2933.86	589.678
2934.31	627.678
2934.76	600.678
2935.21	561.678
2935.66	595.678
2936.1	579.678
2936.55	563.678
2937	598.678
2937.45	570.678
2937.9	549.678
2938.34	538.678
2938.79	627.678
2939.24	597.678
2939.69	578.678
2940.13	567.678
2940.58	542.678
2941.03	585.678
2941.48	563.678
2941.92	584.678
2942.37	559.678
2942.82	541.678
2943.26	573.678
2943.71	596.678
2944.16	605.678
2944.61	557.678
2945.05	570.678
2945.5	596.678
2945.95	574.678
2946.39	588.678
2946.84	540.678
2947.29	575.678
2947.74	598.678
2948.18	589.678
2948.63	564.678
2949.07	604.678
2949.52	558.678
2949.97	566.678
2950.41	555.678
2950.86	562.678
2951.31	556.678
2951.75	589.678
2952.2	568.678
2952.65	543.678
2953.09	554.678
2953.54	568.678
2953.98	581.678
2954.43	541.678
2954.88	595.678
2955.32	518.678
2955.77	554.678
2956.22	543.678
2956.66	514.678
2957.11	561.678
2957.55	586.678
2958	591.678
2958.44	584.678
2958.89	557.678
2959.34	563.678
2959.78	538.678
2960.23	575.678
2960.67	593.678
2961.12	583.678
2961.56	551.678
2962.01	581.678
2962.46	623.678
2962.9	578.678
2963.35	590.678
2963.79	586.678
2964.24	551.678
2964.68	581.678
2965.13	584.678
2965.57	536.678
2966.02	566.678
2966.46	521.678
2966.91	601.678
2967.35	600.678
2967.8	599.678
2968.24	570.678
2968.69	591.678
2969.13	587.678
2969.58	583.678
2970.02	536.678
2970.47	566.678
2970.91	575.678
2971.36	573.678
2971.8	562.678
2972.24	573.678
2972.69	591.678
2973.13	577.678
2973.58	587.678
2974.02	591.678
2974.47	606.678
2974.91	548.678
2975.36	533.678
2975.8	575.678
2976.24	617.678
2976.69	576.678
2977.13	614.678
2977.58	610.678
2978.02	594.678
2978.46	574.678
2978.91	548.678
2979.35	582.678
2979.8	559.678
2980.24	585.678
2980.68	545.678
2981.13	594.678
2981.57	591.678
2982.01	592.678
2982.46	586.678
2982.9	576.678
2983.34	595.678
2983.79	581.678
2984.23	575.678
2984.67	528.678
2985.12	602.678
2985.56	546.678
2986	559.678
2986.45	549.678
2986.89	570.678
2987.33	571.678
2987.78	569.678
2988.22	534.678
2988.66	538.678
2989.11	583.678
2989.55	519.678
2989.99	587.678
2990.44	566.678
2990.88	562.678
2991.32	581.678
2991.76	580.678
2992.21	594.678
2992.65	601.678
2993.09	598.678
2993.53	592.678
2993.98	582.678
2994.42	559.678
2994.86	607.678
2995.3	579.678
2995.75	607.678
2996.19	584.678
2996.63	550.678
2997.07	588.678
2997.52	560.678
2997.96	587.678
2998.4	561.678
2998.84	573.678
2999.28	611.678
2999.73	610.678
3000.17	613.678
3000.61	606.678
3001.05	564.678
3001.49	590.678
3001.94	595.678
3002.38	567.678
3002.82	608.678
3003.26	596.678
3003.7	555.678
3004.14	586.678
3004.59	575.678
3005.03	585.678
3005.47	609.678
3005.91	603.678
3006.35	602.678
3006.79	600.678
3007.23	616.678
3007.67	576.678
3008.12	620.678
3008.56	565.678
3009	605.678
3009.44	604.678
3009.88	597.678
3010.32	588.981
3010.76	596.285
3011.2	570.629
3011.64	570.218
3012.09	567.621
3012.53	585.968
3012.97	604.946
3013.41	571.067
3013.85	593.059
3014.29	591.474
3014.73	605.978
3015.17	585.53
3015.61	623.545
3016.05	539.198
3016.49	622.622
3016.93	588.925
3017.37	601.334
3017.81	562.399
3018.25	624.221
3018.69	602.054
3019.13	611.781
3019.57	634.869
3020.01	612.293
3020.45	595.652
3020.89	622.116
3021.33	581.829
3021.77	577.254
3022.21	541.959
3022.65	589.827
3023.09	611.638
3023.53	599.939
3023.97	610.406
3024.41	583.43
3024.85	624.361
3025.29	599.135
3025.73	563.485
3026.17	597.067
3026.61	609.899
3027.05	562.158
3027.49	574.699
3027.93	604.037
3028.37	601.525
3028.81	633.226
3029.25	600.457
3029.69	615.331
3030.12	606.777
3030.56	591.943
3031	616.93
3031.44	604.836
3031.88	602.938
3032.32	607.043
3032.76	621.503
3033.2	610.983
3033.64	618.899
3034.08	635.286
3034.51	652.899
3034.95	622.533
3035.39	606.127
3035.83	601.994
3036.27	616.722
3036.71	635.03
3037.15	596.372
3037.59	617.059
3038.02	607.174
3038.46	635.087
3038.9	616.553
3039.34	637.042
3039.78	635.823
3040.22	655.991
3040.65	611.23
3041.09	607.577
3041.53	613.454
3041.97	628.778
3042.41	621.463
3042.84	622.824
3043.28	643.429
3043.72	653.93
3044.16	620.955
3044.6	647.975
3045.03	603.019
3045.47	618.532
3045.91	605.194
3046.35	631.511
3046.79	633.747
3047.22	626.835
3047.66	655.049
3048.1	648.656
3048.53	641.501
3048.97	636.934
3049.41	605.809
3049.85	649.651
3050.28	616.968
3050.72	628.252
3051.16	645.425
3051.6	618.159
3052.03	632.065
3052.47	624.009
3052.91	641.106
3053.34	649.406
3053.78	640.582
3054.22	621.62
3054.65	622.848
3055.09	631.079
3055.53	621.085
3055.97	625.961
3056.4	657.697
3056.84	663.239
3057.28	618.72
3057.71	635.494
3058.15	632.349
3058.59	670.78
3059.02	667.613
3059.46	653.833
3059.9	628.823
3060.33	635.411
3060.77	633.436
3061.2	660.365
3061.64	663.64
3062.08	668.952
3062.51	610.844
3062.95	650.047
3063.39	653.39
3063.82	614.655
3064.26	670.467
3064.69	635.326
3065.13	593.922
3065.57	630.954
3066	666.394
3066.44	659.729
3066.87	626.657
3067.31	647.409
3067.74	639.917
3068.18	656.461
3068.62	634.091
3069.05	627.418
3069.49	630.314
3069.92	629.201
3070.36	690.825
3070.79	642.363
3071.23	665.532
3071.66	677.373
3072.1	660.455
3072.54	674.092
3072.97	645.6
3073.4	645.373
3073.84	644.149
3074.28	630.312
3074.71	653.188
3075.15	649.016
3075.58	681.357
3076.02	676.398
3076.45	651.529
3076.89	633.897
3077.32	654.98
3077.75	636.67
3078.19	643.773
3078.62	659.021
3079.06	644.631
3079.49	647.069
3079.93	687.269
3080.36	685.013
3080.8	678.617
3081.23	666.498
3081.67	685.601
3082.1	639.425
3082.53	675.174
3082.97	654.576
3083.4	647.305
3083.84	661.956
3084.27	650.491
3084.71	639.809
3085.14	663.932
3085.57	672.661
3086.01	651.382
3086.44	652.819
3086.88	658.089
3087.31	645.96
3087.74	627.216
3088.18	676.015
3088.61	650.783
3089.04	637.645
3089.48	669.64
3089.91	666.685
3090.35	670.768
3090.78	663.059
3091.21	656.976
3091.65	678.483
3092.08	668.307
3092.51	636.297
3092.95	659.38
3093.38	656.2
3093.81	630.753
3094.25	694.328
3094.68	656.8
3095.11	680.986
3095.55	688.539
3095.98	708.974
3096.41	650.428
3096.85	689.15
3097.28	675.373
3097.71	634.699
3098.14	678.562
3098.58	684.274
3099.01	677.219
3099.44	677.613
3099.88	714.637
3100.31	675.988
3100.74	687.332
3101.17	630.81
3101.61	694.888
3102.04	690.568
3102.47	649.961
3102.9	666.622
3103.34	688.398
3103.77	639.093
3104.2	698.958
3104.63	682.079
3105.06	649.617
3105.5	710.45
3105.93	667.192
3106.36	674.313
3106.79	688.791
3107.23	634.855
3107.66	656.381
3108.09	683.656
3108.52	685.563
3108.95	662.684
3109.38	679.334
3109.82	683.054
3110.25	670.79
3110.68	702.008
3111.11	663.204
3111.54	657.979
3111.98	658.866
3112.41	685.5
3112.84	670.602
3113.27	670.165
3113.7	725.118
3114.13	719.134
3114.56	697.737
3115	723.579
3115.43	701.548
3115.86	673.318
3116.29	694.066
3116.72	678.519
3117.15	670.45
3117.58	706.16
3118.01	727.439
3118.44	703.364
3118.88	717.537
3119.31	664.98
3119.74	693.677
3120.17	680.599
3120.6	677.172
3121.03	673.972
3121.46	678.941
3121.89	694.59
3122.32	696.029
3122.75	683.632
3123.18	704.11
3123.61	716.441
3124.05	705.58
3124.48	719.189
3124.91	684.54
3125.34	702.295
3125.77	701.325
3126.2	717.999
3126.63	703.677
3127.06	704.856
3127.49	682.844
3127.92	707.732
3128.35	722.412
3128.78	733.758
3129.21	685.713
3129.64	672.497
3130.07	725.015
3130.5	676.944
3130.93	723.852
3131.36	672.769
3131.79	681.239
3132.22	726.551
3132.65	686.118
3133.08	739.836
3133.51	712.251
3133.93	731.68
3134.36	714.559
3134.79	704.314
3135.22	716.308
3135.65	669.33
3136.08	681.924
3136.51	699.905
3136.94	688.692
3137.37	717.194
3137.8	728.92
3138.23	740.064
3138.66	742.675
3139.09	701.336
3139.52	692.06
3139.95	719.51
3140.37	702.527
3140.8	712.365
3141.23	713.202
3141.66	707.135
3142.09	742.057
3142.52	788.122
3142.95	744.959
3143.38	725.02
3143.8	734.84
3144.23	726.86
3144.66	707.711
3145.09	718.241
3145.52	737.087
3145.95	734.894
3146.38	740.577
3146.8	722.594
3147.23	751.324
3147.66	715.131
3148.09	744.512
3148.52	717.916
3148.94	734.499
3149.37	720.783
3149.8	695.219
3150.23	735.334
3150.66	728.31
3151.08	759.828
3151.51	741.4
3151.94	772.451
3152.37	774.693
3152.8	734.611
3153.22	746.068
3153.65	738.53
3154.08	747.076
3154.51	755.561
3154.93	732.848
3155.36	717.637
3155.79	748.229
3156.22	774.976
3156.65	753.889
3157.07	769.186
3157.5	771.225
3157.93	785.155
3158.35	756.718
3158.78	748.326
3159.21	753.798
3159.64	734.386
3160.06	737.886
3160.49	761.909
3160.92	767.827
3161.34	747.83
3161.77	760.224
3162.2	770.588
3162.62	721.742
3163.05	717.771
3163.48	744.165
3163.91	726.345
3164.33	720.179
3164.76	749.023
3165.19	781.074
3165.61	731.593
3166.04	741.786
3166.46	747.905
3166.89	762.31
3167.32	749.866
3167.74	761.498
3168.17	732.979
3168.6	720.875
3169.02	762.339
3169.45	745.266
3169.88	794.747
3170.3	777.767
3170.73	781.214
3171.15	741.847
3171.58	766.146
3172.01	747.575
3172.43	736.969
3172.86	737.751
3173.28	763.111
3173.71	746.637
3174.14	777.359
3174.56	813.695
3174.99	761.972
3175.41	810.718
3175.84	745.649
3176.26	795.321
3176.69	773.46
3177.11	792.995
3177.54	763.967
3177.97	739.149
3178.39	771.275
3178.82	766.783
3179.24	764.618
3179.67	802.148
3180.09	771.501
3180.52	780.586
3180.94	822.377
3181.37	797.472
3181.79	798.049
3182.22	782.889
3182.64	770.667
3183.07	804.811
3183.49	762.411
3183.92	790.847
3184.34	774.328
3184.77	786.607
3185.19	801.822
3185.62	821.128
3186.04	823.65
3186.47	772.174
3186.89	795.065
3187.32	790.884
3187.74	803.709
3188.16	797.721
3188.59	793.907
3189.01	793.87
3189.44	823.764
3189.86	810.013
3190.29	790.477
3190.71	805.122
3191.14	785.785
3191.56	806.326
3191.98	757.614
3192.41	757.683
3192.83	761.923
3193.26	780.725
3193.68	789.222
3194.1	801.193
3194.53	811.158
3194.95	814.801
3195.38	844.763
3195.8	832.609
3196.22	805.054
3196.65	789.897
3197.07	780.897
3197.49	815.54
3197.92	790.815
3198.34	813.294
3198.77	820.504
3199.19	829.135
3199.61	824.01
3200.03	804.233
3200.46	821.019
3200.88	802.724
3201.31	805.073
3201.73	784.172
3202.15	837.464
3202.57	851.262
3203	813.897
3203.42	835.105
3203.84	835.099
3204.27	824.2
3204.69	837.674
3205.11	826.81
3205.54	791.461
3205.96	810.856
3206.38	848.446
3206.8	809.308
3207.23	812.489
3207.65	799.488
3208.07	849.538
3208.5	841.187
3208.92	837.344
3209.34	829.169
3209.76	802.319
3210.18	792.17
3210.61	816.053
3211.03	795.075
3211.45	819.937
3211.87	818.12
3212.3	829.734
3212.72	870.003
3213.14	858.26
3213.56	868.735
3213.99	884.879
3214.41	845.402
3214.83	842.709
3215.25	803.928
3215.67	840.665
3216.1	840.421
3216.52	811.165
3216.94	852.042
3217.36	856.364
3217.78	885.858
3218.2	841.161
3218.63	857.129
3219.05	879.421
3219.47	846.797
3219.89	876.477
3220.31	847.373
3220.73	856.036
3221.15	827.113
3221.58	874.475
3222	874.166
3222.42	862.849
3222.84	893.421
3223.26	875.547
3223.68	868.071
3224.1	831.137
3224.52	870.879
3224.95	833.485
3225.37	873.201
3225.79	835.521
3226.21	878.858
3226.63	885.701
3227.05	887.814
3227.47	905.06
3227.89	910.576
3228.31	851
3228.73	877.506
3229.15	892.333
3229.58	824.397
3230	910.99
3230.42	867.835
3230.84	861.352
3231.26	871.3
3231.68	894.296
3232.1	912.455
3232.52	909.213
3232.94	921.741
3233.36	894.28
3233.78	892.061
3234.2	856.823
3234.62	870.543
3235.04	885.732
3235.46	866.297
3235.88	870.397
3236.3	929.898
3236.72	914.849
3237.14	958.582
3237.56	913.228
3237.98	865.45
3238.4	897.34
3238.82	853.229
3239.24	907.125
3239.66	923.168
3240.08	880.291
3240.5	882.305
3240.92	906.292
3241.34	887.944
3241.76	928.878
3242.18	905.344
3242.6	901.375
3243.01	886.944
3243.43	886.171
3243.85	897.807
3244.27	899.628
3244.69	897.955
3245.11	924.491
3245.53	930.92
3245.95	926.532
3246.37	917.643
3246.72	928.431
3247.15	921.793
3247.58	903.449
3248.01	837.977
3248.43	895.628
3248.86	834.289
3249.29	906.832
3249.72	893.617
3250.15	933.381
3250.57	960.191
3251	926.138
3251.43	877.218
3251.85	893.263
3252.28	909.572
3252.71	917.235
3253.14	915.789
3253.56	923.828
3253.99	871.12
3254.42	890.587
3254.85	934.831
3255.27	919.099
3255.7	914.482
3256.13	886.711
3256.55	879.334
3256.98	929.607
3257.41	895.011
3257.84	897.285
3258.26	892.705
3258.69	866.932
3259.11	907.07
3259.54	916.75
3259.97	916.808
3260.4	956.684
3260.82	921.807
3261.25	959.336
3261.68	947.038
3262.1	934.134
3262.53	913.359
3262.95	927.468
3263.38	963.001
3263.81	925.367
3264.23	930.12
3264.66	931.084
3265.09	930.98
3265.51	947.734
3265.94	924.291
3266.37	921.694
3266.79	933.766
3267.22	937.133
3267.64	885.087
3268.07	911.66
3268.5	927.465
3268.92	932.96
3269.35	932.682
3269.77	949.64
3270.2	939.132
3270.62	972.443
3271.05	925.193
3271.47	905.573
3271.9	921.18
3272.33	916.824
3272.75	901.573
3273.18	861.065
3273.6	946.124
3274.03	955.146
3274.45	965.551
3274.88	953.606
3275.3	962.181
3275.73	956.933
3276.15	948.881
3276.58	947.111
3277.01	924.903
3277.43	903.474
3277.86	914.975
3278.28	920.409
3278.71	904.694
3279.13	937.914
3279.56	951.639
3279.98	935.233
3280.41	964.812
3280.83	912.865
3281.25	935.624
3281.68	929.178
3282.1	935.963
3282.53	951.238
3282.95	956.641
3283.38	933.084
3283.8	976.869
3284.23	997.622
3284.65	946.973
3285.08	971.699
3285.5	932.427
3285.92	926.792
3286.35	877.424
3286.77	960.026
3287.2	919.956
3287.62	978.846
3288.05	966.324
3288.47	1002.62
3288.89	960.001
3289.32	961.834
3289.74	982.492
3290.17	957.746
3290.59	975.129
3291.01	936.393
3291.44	921.587
3291.86	957.468
3292.28	966.761
3292.71	986.91
3293.13	952.231
3293.56	995.76
3293.98	1004.74
3294.4	980.748
3294.83	976.059
3295.25	934.437
3295.67	925.681
3296.1	937.861
3296.52	958.262
3296.94	944.778
3297.37	1019.69
3297.79	956.841
3298.21	989.021
3298.64	987.889
3299.06	940.792
3299.48	1002.48
3299.91	1017.75
3300.33	939.707
3300.75	976.188
3301.18	934.212
3301.6	963.023
3302.02	991.498
3302.44	994.298
3302.87	983.367
3303.29	1027.89
3303.71	1003.77
3304.13	1003.38
3304.56	969.746
3304.98	978.998
3305.4	934.824
3305.83	963.733
3306.25	957.081
3306.67	1006.1
3307.09	1001.31
3307.52	1015.97
3307.94	995.498
3308.36	983.699
3308.78	998.517
3309.2	973.664
3309.63	998.431
3310.05	975.459
3310.47	960.065
3310.89	986.034
3311.32	960.585
3311.74	991.888
3312.16	1025.23
3312.58	981.133
3313	1015.97
3313.43	993.966
3313.85	981.027
3314.27	965.003
3314.69	947.786
3315.11	1009.61
3315.53	978.821
3315.96	992.122
3316.38	992.384
3316.8	1027.3
3317.22	1024.84
3317.64	1020.52
3318.06	1032.42
3318.48	1014.72
3318.91	1004.8
3319.33	992.719
3319.75	1015.23
3320.17	980.232
3320.59	991.255
3321.01	1040.08
3321.43	998.585
3321.85	1042.81
3322.28	1013.15
3322.7	1012.03
3323.12	1010.03
3323.54	1037.75
3323.96	999.491
3324.38	1036.14
3324.8	993.569
3325.22	1032.74
3325.64	992.49
3326.06	1036.54
3326.48	1047.98
3326.9	1035.72
3327.33	1030.61
3327.75	1060.03
3328.17	1003.12
3328.59	1011.03
3329.01	1030.6
3329.43	1021.8
3329.85	1022.97
3330.27	1030.14
3330.69	981.824
3331.11	1030.82
3331.53	1018.81
3331.95	1027.23
3332.37	1019.64
3332.79	1002.35
3333.21	1036.98
3333.63	1035.08
3334.05	999.415
3334.47	987.758
3334.89	1039.12
3335.31	1081.4
3335.73	1050.93
3336.15	1060.38
3336.57	1029.06
3336.99	1059.99
3337.41	1046.05
3337.83	1023.55
3338.25	1018.58
3338.67	1014.87
3339.09	1034.03
3339.51	1011.61
3339.93	1030.96
3340.35	1079.85
3340.76	1066.9
3341.18	1067.72
3341.6	1004.78
3342.02	1058.86
3342.44	1031.32
3342.86	1007.4
3343.28	1042.05
3343.7	1020.95
3344.12	1044.45
3344.54	1045.01
3344.96	1073.5
3345.37	1052.3
3345.79	1073.4
3346.21	1039.72
3346.63	1027.12
3347.05	1034.85
3347.47	1075.97
3347.89	1079.35
3348.31	1017.42
3348.73	1082.05
3349.14	1064.43
3349.56	1086
3349.98	1078.95
3350.4	1066.49
3350.82	1084.48
3351.24	1086.14
3351.65	1028.77
3352.07	1052.2
3352.49	1036.36
3352.91	1064.5
3353.33	1050.36
3353.75	1103.45
3354.16	1086.77
3354.58	1093.51
3355	1120.37
3355.42	1120.94
3355.84	1070.65
3356.25	1045
3356.67	1079.15
3357.09	1044.85
3357.51	1047.17
3357.93	1052.69
3358.34	1101.54
3358.76	1127.17
3359.18	1145.82
3359.6	1114.24
3360.01	1122.2
3360.43	1077.26
3360.85	1091.72
3361.27	1071.69
3361.69	1082.12
3362.1	1041.68
3362.52	1057.16
3362.94	1093.25
3363.35	1080.27
3363.77	1067.94
3364.19	1125.43
3364.61	1090.23
3365.02	1103.4
3365.44	1122.54
3365.86	1086.63
3366.27	1070.29
3366.69	1088.24
3367.11	1093.04
3367.53	1095.46
3367.94	1087.88
3368.36	1112.35
3368.78	1150.31
3369.19	1108.92
3369.61	1124.85
3370.03	1122.19
3370.44	1087.5
3370.86	1127.42
3371.28	1099.49
3371.69	1071.05
3372.11	1119.36
3372.52	1118.42
3372.94	1125.54
3373.36	1097.95
3373.78	1120.75
3374.19	1133.04
3374.61	1151.64
3375.02	1096.96
3375.44	1128.02
3375.86	1115.06
3376.27	1086.91
3376.69	1126.89
3377.1	1123.37
3377.52	1153.21
3377.94	1117.44
3378.35	1175.49
3378.77	1143
3379.19	1134.99
3379.6	1161.49
3380.02	1102.13
3380.43	1150.3
3380.85	1105.12
3381.26	1123.73
3381.68	1080.1
3382.09	1128.68
3382.51	1139.43
3382.93	1113.24
3383.34	1168.41
3383.76	1144.21
3384.17	1163.78
3384.59	1180.4
3385	1121.84
3385.42	1117.7
3385.83	1123.53
3386.25	1165.3
3386.66	1152.28
3387.08	1187.69
3387.49	1165.82
3387.91	1117.72
3388.32	1162.54
3388.74	1149.72
3389.15	1128.05
3389.57	1106.47
3389.98	1101.53
3390.4	1106.06
3390.81	1136.16
3391.23	1106.42
3391.64	1167.12
3392.06	1158.07
3392.47	1177.02
3392.89	1228.95
3393.3	1189.39
3393.72	1197.33
3394.13	1196.52
3394.55	1135.82
3394.96	1165.18
3395.37	1180.26
3395.79	1185.61
3396.2	1186.98
3396.62	1198.17
3397.03	1186.66
3397.45	1204.82
3397.86	1186.95
3398.27	1169.56
3398.69	1132.29
3399.1	1183.69
3399.52	1203.65
3399.93	1171.45
3400.34	1178.67
3400.76	1187.8
3401.17	1232.25
3401.59	1218.99
3402	1201.79
3402.41	1238.68
3402.83	1207.04
3403.24	1181.92
3403.65	1225
3404.07	1211.62
3404.48	1207.16
3404.89	1205.53
3405.31	1196.53
3405.72	1217.08
3406.14	1163.25
3406.55	1244.24
3406.96	1187.03
3407.38	1231.68
3407.79	1230.7
3408.2	1220.61
3408.62	1204.73
3409.03	1171.28
3409.44	1161.54
3409.85	1174.65
3410.27	1230.32
3410.68	1274.68
3411.09	1230.67
3411.51	1229.42
3411.92	1261.61
3412.33	1204.86
3412.75	1220.71
3413.16	1193.9
3413.57	1148.67
3413.98	1198.55
3414.4	1250.49
3414.81	1210.67
3415.22	1284.5
3415.63	1249.63
3416.05	1257.58
3416.46	1262.81
3416.87	1255.37
3417.28	1251.55
3417.7	1239.08
3418.11	1276.62
3418.52	1205.88
3418.93	1256.04
3419.35	1268.47
3419.76	1220.76
3420.17	1267.23
3420.58	1305.2
3420.99	1269.14
3421.41	1279.28
3421.82	1276.27
3422.23	1275.95
3422.64	1248.78
3423.05	1243.89
3423.47	1258.21
3423.88	1236.8
3424.29	1208.42
3424.7	1317.77
3425.11	1304.31
3425.52	1271.17
3425.94	1315.99
3426.35	1299.24
3426.76	1260.51
3427.17	1277.08
3427.58	1283.78
3427.99	1277.48
3428.4	1248.38
3428.81	1300.71
3429.23	1321.28
3429.64	1306.62
3430.05	1329.57
3430.46	1277.93
3430.87	1296.82
3431.28	1296.46
3431.69	1280.4
3432.1	1231.59
3432.52	1315.56
3432.93	1269.75
3433.34	1270.71
3433.75	1265
3434.16	1296.51
3434.57	1326.53
3434.98	1309.55
3435.39	1329.33
3435.8	1324.24
3436.21	1303.53
3436.62	1297.26
3437.03	1288.61
3437.45	1315.92
3437.86	1271.02
3438.27	1367.82
3438.68	1354.23
3439.09	1359.22
3439.5	1341.49
3439.91	1316.89
3440.32	1314.21
3440.73	1324.17
3441.14	1347.98
3441.55	1309.67
3441.96	1369.53
3442.37	1333.11
3442.78	1340.15
3443.19	1329.38
3443.6	1294.69
3444.01	1367.91
3444.42	1354.81
3444.83	1315.78
3445.24	1328.38
3445.65	1326.64
3446.06	1337.68
3446.47	1311.71
3446.88	1325.95
3447.29	1343.67
3447.7	1369.6
3448.11	1364.97
3448.52	1363.82
3448.93	1358.59
3449.33	1416.9
3449.74	1374.54
3450.15	1371.63
3450.56	1391.17
3450.97	1316.05
3451.38	1328.67
3451.79	1355.53
3452.2	1330.71
3452.61	1323.1
3453.02	1372.9
3453.43	1414.79
3453.84	1435.47
3454.25	1444.35
3454.65	1387.65
3455.06	1379.19
3455.47	1390.51
3455.88	1402.34
3456.29	1364.77
3456.7	1370.74
3457.11	1335.84
3457.52	1414.56
3457.93	1415.27
3458.33	1409.61
3458.74	1379.76
3459.15	1421.59
3459.56	1354.07
3459.97	1401.8
3460.38	1411.46
3460.78	1347.08
3461.19	1327.81
3461.6	1357
3462.01	1391.64
3462.42	1373.44
3462.83	1446.91
3463.24	1421.06
3463.64	1434.8
3464.05	1456.13
3464.46	1439.94
3464.87	1392.49
3465.27	1395.57
3465.68	1435.75
3466.09	1401.89
3466.5	1378.92
3466.91	1413.34
3467.31	1480.85
3467.72	1435.96
3468.13	1444.51
3468.54	1448.45
3468.95	1460.36
3469.35	1425.99
3469.76	1391.43
3470.17	1391.12
3470.58	1421.73
3470.98	1386.2
3471.39	1433.64
3471.8	1433.33
3472.2	1457.01
3472.61	1428.31
3473.02	1379.17
3473.43	1380.24
3473.83	1407.76
3474.24	1396.4
3474.65	1395.06
3475.06	1399.92
3475.46	1409.92
3475.87	1413.85
3476.28	1434.49
3476.68	1471.11
3477.09	1490.05
3477.5	1510.71
3477.9	1452.9
3478.31	1485.14
3478.72	1453.9
3479.12	1453.71
3479.53	1433.13
3479.94	1396.8
3480.34	1413.36
3480.75	1452.35
3481.16	1471.67
3481.56	1463.82
3481.97	1481.3
3482.38	1511.08
3482.78	1452.88
3483.19	1505.62
3483.6	1410.15
3484	1413.96
3484.41	1409.43
3484.81	1443
3485.22	1453.82
3485.63	1482.47
3486.03	1466.27
3486.44	1487.86
3486.85	1461.38
3487.25	1498.39
3487.66	1490.63
3488.06	1439.13
3488.47	1434.05
3488.88	1394.4
3489.28	1478.66
3489.69	1481.04
3490.09	1491.9
3490.5	1502.64
3490.9	1546.48
3491.31	1491.39
3491.72	1531.24
3492.12	1529.12
3492.53	1483.52
3492.93	1515.24
3493.34	1503.58
3493.74	1459.78
3494.15	1510.24
3494.55	1484.23
3494.96	1508.74
3495.36	1507.52
3495.77	1519.6
3496.17	1545.96
3496.58	1591.43
3496.98	1546.83
3497.39	1529.6
3497.79	1472.88
3498.2	1492.55
3498.6	1487.47
3499.01	1474.27
3499.41	1497.81
3499.82	1493.17
3500.22	1525.35
3500.63	1600.96
3501.03	1535.27
3501.44	1539.4
3501.84	1574.49
3502.25	1488.33
3502.65	1525.25
3503.06	1484.03
3503.46	1504.93
3503.86	1511.16
3504.27	1505.95
3504.67	1551.05
3505.08	1551.43
3505.48	1562.92
3505.89	1562.03
3506.29	1538.95
3506.69	1541.97
3507.1	1542.6
3507.5	1495.26
3507.91	1535.86
3508.31	1516.37
3508.72	1518.57
3509.12	1528.66
3509.52	1544.06
3509.93	1574.74
3510.33	1597.06
3510.74	1567.57
3511.14	1593.75
3511.54	1560.17
3511.95	1536.74
3512.35	1524.83
3512.75	1557.4
3513.16	1520.59
3513.56	1546.15
3513.96	1587.04
3514.37	1563.19
3514.77	1609.71
3515.17	1609.14
3515.58	1597.22
3515.98	1585.53
3516.38	1570.78
3516.79	1551.7
3517.19	1543.7
3517.59	1538.78
3518	1595.37
3518.4	1601.01
3518.8	1576.65
3519.21	1600.08
3519.61	1588.45
3520.01	1612.71
3520.42	1635.93
3520.82	1577.27
3521.22	1573.47
3521.62	1538.78
3522.03	1542.96
3522.43	1524.78
3522.83	1543.05
3523.23	1514.46
3523.64	1554.99
3524.04	1549.53
3524.44	1578.44
3524.84	1592.04
3525.25	1632.81
3525.65	1568.58
3526.05	1573.55
3526.45	1563.2
3526.86	1580.71
3527.26	1505.34
3527.66	1554.94
3528.06	1567.88
3528.47	1646.74
3528.87	1628.8
3529.27	1577.95
3529.67	1609.25
3530.07	1586.61
3530.48	1612.94
3530.88	1592.31
3531.28	1567.25
3531.68	1592.75
3532.08	1574.28
3532.49	1561.36
3532.89	1616.03
3533.29	1617.08
3533.69	1642.44
3534.09	1629.32
3534.5	1655.38
3534.9	1643.58
3535.3	1619.36
3535.7	1578.56
3536.1	1585.91
3536.5	1604.69
3536.9	1606.01
3537.3	1577.55
3537.71	1601.74
3538.11	1645.6
3538.51	1615.71
3538.91	1604.35
3539.31	1624.78
3539.71	1609.59
3540.11	1597.03
3540.51	1596.75
3540.92	1595.11
3541.32	1564.01
3541.72	1566.41
3542.12	1580.82
3542.52	1631.52
3542.92	1613.04
3543.32	1672.62
3543.72	1636.73
3544.12	1664.44
3544.52	1657.52
3544.92	1643.83
3545.32	1618.12
3545.72	1591.42
3546.12	1607.41
3546.53	1645.22
3546.93	1606.92
3547.33	1652.3
3547.73	1635.16
3548.13	1640.75
3548.53	1676.42
3548.93	1682.58
3549.33	1642.93
3549.73	1581.56
3550.13	1595.53
3550.53	1588.67
3550.93	1593.75
3551.33	1586.04
3551.73	1619.43
3552.13	1668.06
3552.53	1684.28
3552.93	1660.27
3553.33	1672.62
3553.73	1620.23
3554.13	1648.74
3554.53	1606.56
3554.93	1633.62
3555.33	1595.09
3555.73	1555.67
3556.13	1630.03
3556.53	1628.93
3556.93	1606.61
3557.33	1638.94
3557.73	1645.56
3558.12	1611.05
3558.52	1623.64
3558.92	1627.84
3559.32	1621.36
3559.72	1574.56
3560.12	1618.12
3560.52	1569.91
3560.92	1616.37
3561.32	1602.05
3561.72	1635.02
3562.12	1669.2
3562.52	1659.03
3562.92	1680.49
3563.31	1630.01
3563.71	1626.82
3564.11	1629.09
3564.51	1589.92
3564.91	1578.06
3565.31	1614.43
3565.71	1588.93
3566.11	1626.64
3566.51	1670.83
3566.9	1634.42
3567.3	1637.92
3567.7	1683.82
3568.1	1638.45
3568.5	1613.63
3568.9	1599.52
3569.29	1618.22
3569.69	1586.62
3570.09	1575.23
3570.49	1599.02
3570.89	1615.26
3571.29	1609.51
3571.68	1663.3
3572.08	1700.59
3572.48	1634.55
3572.88	1607.99
3573.28	1622.69
3573.67	1596.63
3574.07	1561.1
3574.47	1542.03
3574.87	1601.97
3575.27	1609.15
3575.66	1639.28
3576.06	1619.16
3576.46	1661.19
3576.86	1642.69
3577.25	1655.02
3577.65	1581.04
3578.05	1586.09
3578.45	1576.37
3578.84	1561.23
3579.24	1577.23
3579.64	1587.84
3580.04	1606.17
3580.43	1582.48
3580.83	1611.44
3581.23	1581.24
3581.63	1566.16
3582.02	1590.1
3582.42	1599.02
3582.82	1589.71
3583.22	1576.22
3583.61	1571.68
3584.01	1589.51
3584.41	1553.2
3584.8	1636.84
3585.2	1635.33
3585.6	1613.58
3585.99	1626.34
3586.39	1632.46
3586.79	1560.29
3587.19	1610.37
3587.58	1590.75
3587.98	1554.92
3588.37	1545.51
3588.77	1548.85
3589.17	1594.59
3589.56	1588.37
3589.96	1558.92
3590.36	1639.6
3590.75	1626.93
3591.15	1599.2
3591.55	1579.26
3591.94	1581.89
3592.34	1600.4
3592.74	1569.04
3593.13	1551.67
3593.53	1548.3
3593.92	1552.82
3594.32	1506.35
3594.72	1576.03
3595.11	1599.85
3595.51	1571.47
3595.9	1605.09
3596.3	1636.22
3596.7	1590.32
3597.09	1594.86
3597.49	1553.37
3597.88	1494.64
3598.28	1548.65
3598.67	1531.12
3599.07	1528.18
3599.47	1595.55
3599.86	1601.52
3600.26	1577.55
3600.65	1569.5
3601.05	1613.12
3601.44	1506.94
3601.84	1521.36
3602.23	1485.27
3602.63	1486.93
3603.02	1492.9
3603.42	1486.65
3603.82	1485.27
3604.21	1556.56
3604.6	1563.2
3605	1561.44
3605.4	1528.15
3605.79	1600.55
3606.18	1582.63
3606.58	1541.56
3606.98	1475.23
3607.37	1471.1
3607.76	1532.41
3608.16	1548.68
3608.55	1530.09
3608.95	1587.06
3609.34	1555.26
3609.74	1545.45
3610.13	1538.39
3610.53	1522.78
3610.92	1512.34
3611.32	1509.89
3611.71	1488.04
3612.11	1497.54
3612.5	1503.27
3612.89	1486.3
3613.29	1507.21
3613.68	1520.19
3614.08	1517.59
3614.47	1540.36
3614.87	1538.87
3615.26	1544.54
3615.65	1505.27
3616.05	1529.23
3616.44	1485.15
3616.84	1481.12
3617.23	1512.53
3617.62	1518.58
3618.02	1499.25
3618.41	1500.84
3618.8	1506.34
3619.2	1559.27
3619.59	1548.8
3619.99	1512.37
3620.38	1447.88
3620.77	1496.94
3621.17	1454.36
3621.56	1447
3621.95	1446.65
3622.35	1469.56
3622.74	1439.4
3623.14	1465.35
3623.53	1508.26
3623.92	1484.73
3624.31	1505.32
3624.71	1470.19
3625.1	1514.9
3625.49	1477.46
3625.89	1462.94
3626.28	1478.85
3626.67	1471.37
3627.07	1474.08
3627.46	1478.03
3627.85	1526.42
3628.25	1488.87
3628.64	1489.61
3629.03	1506.55
3629.42	1470.89
3629.82	1479.77
3630.21	1497.54
3630.6	1420.49
3631	1433.38
3631.39	1402.33
3631.78	1398.54
3631.82	1392.81
3632.22	1443.7
3632.62	1428.56
3633.01	1425.75
3633.41	1461.46
3633.81	1479.92
3634.21	1400.76
3634.6	1446.31
3635	1430.89
3635.4	1414.94
3635.79	1432.23
3636.19	1427.69
3636.59	1424.86
3636.98	1439.17
3637.38	1421.7
3637.78	1415.6
3638.17	1468.97
3638.57	1447.93
3638.97	1408.56
3639.36	1380.2
3639.76	1370.12
3640.15	1348.39
3640.55	1399.91
3640.95	1347.82
3641.34	1384.52
3641.74	1417.78
3642.14	1402.72
3642.53	1381.79
3642.93	1415.15
3643.32	1356.28
3643.72	1396.96
3644.12	1363.22
3644.51	1389.7
3644.91	1333.86
3645.3	1312.73
3645.7	1345.45
3646.1	1337.61
3646.49	1373.46
3646.89	1351.5
3647.28	1343.3
3647.68	1368.12
3648.08	1359.17
3648.47	1339.32
3648.87	1358.33
3649.26	1335.96
3649.66	1354.57
3650.05	1306.45
3650.45	1329.29
3650.84	1300.1
3651.24	1320.74
3651.63	1318.22
3652.03	1344.72
3652.42	1336.75
3652.82	1349.91
3653.22	1295.82
3653.61	1279.73
3654	1326.84
3654.4	1292.17
3654.79	1211.06
3655.19	1264.85
3655.58	1305.6
3655.98	1260.22
3656.38	1294.57
3656.77	1256.24
3657.16	1315
3657.56	1289.33
3657.95	1242.39
3658.35	1240.01
3658.74	1245.74
3659.14	1225.25
3659.53	1212.69
3659.93	1239.7
3660.32	1195.97
3660.72	1210.32
3661.11	1196.46
3661.5	1230.83
3661.9	1216.25
3662.29	1238.39
3662.69	1210.93
3663.08	1224.71
3663.48	1215.8
3663.87	1208.68
3664.26	1241.51
3664.66	1207.27
3665.05	1226.55
3665.45	1204.37
3665.84	1215.55
3666.23	1219.66
3666.63	1188.08
3667.02	1212.61
3667.42	1218.44
3667.81	1209.93
3668.2	1217.14
3668.6	1187.66
3668.99	1196.54
3669.39	1212.43
3669.78	1171.7
3670.17	1207.54
3670.57	1207.32
3670.96	1181.28
3671.35	1200.33
3671.75	1214.98
3672.14	1181.32
3672.53	1196.92
3672.93	1136.66
3673.32	1172.79
3673.71	1160.36
3674.11	1153.86
3674.5	1172.08
3674.89	1133.88
3675.29	1164.29
3675.68	1187
3676.07	1202.59
3676.47	1149.6
3676.86	1161.66
3677.25	1145.26
3677.64	1163.67
3678.04	1156.42
3678.43	1107.61
3678.82	1166.61
3679.21	1149.62
3679.61	1164.01
3680	1145.4
3680.39	1173.34
3680.79	1134.02
3681.18	1181.15
3681.57	1144.62
3681.96	1146.5
3682.36	1150.75
3682.75	1097.6
3683.14	1126.54
3683.53	1080.72
3683.93	1116.43
3684.32	1126.89
3684.71	1129.18
3685.1	1149.83
3685.49	1156.68
3685.89	1129.02
3686.28	1125.01
3686.67	1122.89
3687.06	1133.09
3687.45	1136.51
3687.85	1089.5
3688.24	1130.78
3688.63	1109.76
3689.02	1108.68
3689.41	1124.89
3689.81	1134.11
3690.2	1117.12
3690.59	1124.62
3690.98	1082.4
3691.37	1099.17
3691.77	1124.86
3692.16	1073.88
3692.55	1102.71
3692.94	1058.75
3693.33	1082.59
3693.72	1075.09
3694.11	1085.39
3694.5	1097.13
3694.9	1088.18
3695.29	1086.28
3695.68	1112.99
3696.07	1084.77
3696.46	1082.36
3696.85	1080.7
3697.24	1073.5
3697.63	1090.42
3698.03	1100.48
3698.42	1077.91
3698.81	1057.11
3699.2	1125.38
3699.59	1094.56
3699.98	1114.05
3700.37	1068.78
3700.76	1097.6
3701.15	1092.42
3701.54	1081.23
3701.93	1055.19
3702.33	1047.47
3702.72	1076.13
3703.11	1065.53
3703.5	1077.95
3703.89	1061.81
3704.28	1074.45
3704.67	1085.42
3705.06	1082.89
3705.45	1098.79
3705.84	1058.71
3706.23	1046.17
3706.62	1050.69
3707.01	1066.7
3707.4	1075.28
3707.79	1063.16
3708.18	1065.8
3708.57	1096.83
3708.96	1089.46
3709.35	1071.61
3709.74	1067.02
3710.13	1032.99
3710.52	1026.36
3710.91	1046.9
3711.3	1041.71
3711.69	1070.17
3712.08	1042.69
3712.47	1063.21
3712.86	1087.53
3713.25	1038.86
3713.64	1068.3
3714.03	1047.82
3714.42	1055.36
3714.81	1049.92
3715.2	1064.39
3715.59	1066.78
3715.98	1031.86
3716.37	1044.67
3716.75	1073.78
3717.14	1048.73
3717.53	1080.64
3717.92	1074.32
3718.31	1075.56
3718.7	1096.12
3719.09	1072.68
3719.48	1064.52
3719.87	1084.57
3720.26	1046.46
3720.65	1051.97
3721.03	1069.14
3721.42	1064.47
3721.81	1064.56
3722.2	1044.44
3722.59	1062.04
3722.98	1081.16
3723.37	1090.11
3723.76	1055.1
3724.15	1073.96
3724.53	1036.41
3724.92	1071.12
3725.31	1061.68
3725.7	1048.19
3726.09	1039.61
3726.48	1050.67
3726.86	1063.73
3727.25	1068.54
3727.64	1049.73
3728.03	1074.36
3728.42	1046.48
3728.81	1068.36
3729.19	1030.28
3729.58	1092.91
3729.97	1036.78
3730.36	1044.7
3730.75	1054.45
3731.13	1027.43
3731.52	1044.19
3731.91	1076.46
3732.3	1056
3732.69	1046.09
3733.07	1072.23
3733.46	1069.78
3733.85	1067.13
3734.24	1055.2
3734.62	1056.2
3735.01	1079.21
3735.4	1003.85
3735.79	1021.02
3736.17	1047.87
3736.56	1058.16
3736.95	1061.92
3737.34	1067.23
3737.73	1086.21
3738.11	1075.8
3738.5	1072.85
3738.89	1033.57
3739.27	1068.91
3739.66	1075.76
3740.05	1043.85
3740.44	1060.11
3740.82	1055.31
3741.21	1036.91
3741.6	1036.23
3741.98	1034.59
3742.37	1063.28
3742.76	1032.92
3743.15	1057.14
3743.53	1061.46
3743.92	1048.58
3744.31	1033.17
3744.69	1034.01
3745.08	1033.34
3745.47	1035.7
3745.85	1064.22
3746.24	1085.33
3746.63	1073.29
3747.01	1067.05
3747.4	1066.39
3747.78	1058.4
3748.17	1037.25
3748.56	1048.9
3748.94	1042.92
3749.33	1040.46
3749.72	1018.69
3750.1	1063.05
3750.49	1028.1
3750.88	1073.07
3751.26	1097.22
3751.65	1076.03
3752.03	1084.82
3752.42	1065.19
3752.81	1060.71
3753.19	1045.3
3753.58	1071.12
3753.96	1037.14
3754.35	1062.33
3754.73	1063.71
3755.12	1081.93
3755.51	1079.83
3755.89	1063.81
3756.28	1091.66
3756.66	1113.91
3757.05	1101.78
3757.43	1091.92
3757.82	1050.35
3758.21	1067.76
3758.59	1069.37
3758.98	1062.8
3759.36	1081.33
3759.75	1071.01
3760.13	1062.37
3760.52	1035.86
3760.9	1039.1
3761.29	1109.69
3761.67	1086.1
3762.06	1076.76
3762.44	1074.96
3762.83	1068.21
3763.21	1056.06
3763.6	1041.48
3763.98	1067.18
3764.37	1041.45
3764.75	1056.65
3765.14	1090.68
3765.52	1071.3
3765.91	1052.33
3766.29	1011.41
3766.68	1053.21
3767.06	1036.67
3767.45	1054.89
3767.83	1066.81
3768.22	1041.24
3768.6	1059.14
3768.99	1086.04
3769.37	1078.78
3769.75	1075.57
3770.14	1078.84
3770.52	1120.92
3770.91	1086.84
3771.29	1072.43
3771.68	1046.93
3772.06	1062.14
3772.44	1051.58
3772.83	1044.82
3773.21	1045.52
3773.6	1044.43
3773.98	1085.89
3774.36	1069.73
3774.75	1077.56
3775.13	1068.25
3775.52	1098.49
3775.9	1092.2
3776.29	1083.88
3776.67	1084.86
3777.05	1098.09
3777.44	1082.57
3777.82	1088.2
3778.2	1028.58
3778.59	1063.51
3778.97	1044.55
3779.35	1065.74
3779.74	1105.83
3780.12	1105.87
3780.5	1064.18
3780.89	1107.36
3781.27	1082.58
3781.65	1047.51
3782.04	1049.71
3782.42	1088.36
3782.8	1078.55
3783.19	1067.72
3783.57	1101.21
3783.95	1063.7
3784.34	1097.9
3784.72	1111.37
3785.1	1096.4
3785.49	1099.16
3785.87	1098.58
3786.25	1052.46
3786.63	1067.92
3787.02	1101.41
3787.4	1097.43
3787.78	1085.22
3788.17	1093.79
3788.55	1120.36
3788.93	1090.91
3789.31	1104.61
3789.7	1132.07
3790.08	1141.64
3790.46	1097.76
3790.84	1087.7
3791.23	1073.25
3791.61	1106.78
3791.99	1120.56
3792.37	1101.07
3792.76	1091.76
3793.14	1066.14
3793.52	1089.28
3793.9	1111.9
3794.28	1120.02
3794.67	1106.88
3795.05	1108.91
3795.43	1101.68
3795.81	1104.38
3796.19	1111.83
3796.58	1101.63
3796.96	1118.6
3797.34	1097.26
3797.72	1069.28
3798.1	1090.5
3798.49	1140.06
3798.87	1139.4
3799.25	1125.5
3799.63	1114.64
3800.01	1111.45
3800.39	1105.27
3800.78	1076.57
3801.16	1077.99
3801.54	1097.76
3801.92	1068.38
3802.3	1087.61
3802.68	1096.06
3803.07	1149.68
3803.45	1062.51
3803.83	1109.87
3804.21	1113.61
3804.59	1152.54
3804.97	1123.51
3805.35	1138.84
3805.73	1120.6
3806.11	1119.13
3806.5	1104.72
3806.88	1108.88
3807.26	1123.54
3807.64	1144.84
3808.02	1109.19
3808.4	1133.33
3808.78	1156.85
3809.16	1118.59
3809.54	1104.56
3809.92	1107.69
3810.3	1094.44
3810.68	1114.96
3811.06	1122.26
3811.45	1123.32
3811.83	1102.21
3812.21	1110.82
3812.59	1119.13
3812.97	1168.54
3813.35	1096.81
3813.73	1122.82
3814.11	1162.87
3814.49	1138.96
3814.87	1111.06
3815.25	1110.91
3815.49	1112.8
3815.88	1116.76
3816.26	1090.68
3816.64	1110.35
3817.03	1105.57
3817.41	1161.95
3817.8	1132.6
3818.18	1137.55
3818.57	1127.35
3818.95	1097.52
3819.34	1119.09
3819.72	1103.97
3820.1	1099.98
3820.49	1103.14
3820.87	1090.04
3821.26	1099.06
3821.64	1130.85
3822.02	1081.79
3822.41	1142.48
3822.79	1133.12
3823.18	1155.62
3823.56	1138.88
3823.94	1087.19
3824.33	1118.16
3824.71	1137.04
3825.1	1100.52
3825.48	1111.56
3825.86	1116.32
3826.25	1104.92
3826.63	1139.28
3827.01	1142.8
3827.4	1160.67
3827.78	1130.27
3828.17	1134.53
3828.55	1089.22
3828.93	1089.89
3829.31	1126.1
3829.7	1112.05
3830.08	1081.62
3830.46	1084.06
3830.85	1111.54
3831.23	1133.95
3831.62	1132.99
3832	1136.72
3832.38	1087.35
3832.76	1128.12
3833.15	1127.49
3833.53	1107
3833.91	1122.33
3834.3	1101.34
3834.68	1101.21
3835.06	1129.06
3835.45	1132.43
3835.83	1142.65
3836.21	1135.55
3836.59	1124.85
3836.97	1138.16
3837.36	1084.92
3837.74	1160.32
3838.12	1122.52
3838.51	1113.78
3838.89	1120.62
3839.27	1102.66
3839.65	1138.01
3840.04	1134.25
3840.42	1149.58
3840.8	1139.27
3841.18	1121.88
3841.57	1145.74
3841.95	1132.88
3842.33	1138.82
3842.71	1085
3843.09	1126.62
3843.48	1090.59
3843.86	1080.11
3844.24	1095.46
3844.62	1082.98
3845	1083.99
3845.39	1107.87
3845.77	1110.92
3846.15	1145
3846.53	1125.77
3846.91	1123.5
3847.29	1144.7
3847.68	1119.73
3848.06	1161.77
3848.44	1138.75
3848.82	1108.38
3849.2	1127.95
3849.59	1129.77
3849.97	1108.51
3850.35	1125.32
3850.73	1139.65
3851.11	1164.72
3851.49	1138.62
3851.87	1117.51
3852.26	1123.59
3852.64	1138.88
3853.02	1121.62
3853.4	1102.19
3853.78	1150.58
3854.16	1113.69
3854.54	1088.86
3854.92	1103.14
3855.3	1139.27
3855.69	1133.51
3856.07	1138.8
3856.45	1124.6
3856.83	1142.86
3857.21	1150.55
3857.59	1111.74
3857.97	1119.57
3858.35	1150.04
3858.73	1109.05
3859.11	1139.45
3859.49	1110.76
3859.87	1139.33
3860.25	1185.79
3860.64	1159.28
3861.02	1151.78
3861.4	1163.68
3861.78	1170.4
3862.16	1098.79
3862.54	1128.62
3862.92	1110.38
3863.3	1096.34
3863.68	1109.25
3864.06	1142.81
3864.44	1143.58
3864.82	1169.98
3865.2	1122.11
3865.58	1125.21
3865.96	1149.07
3866.34	1142.21
3866.72	1142.4
3867.1	1139.49
3867.48	1141.44
3867.86	1136.89
3868.24	1148.87
3868.62	1138.41
3869	1113.42
3869.38	1173.64
3869.76	1132.32
3870.14	1141.94
3870.52	1167.77
3870.9	1170.93
3871.28	1136.65
3871.66	1150.67
3872.04	1144.77
3872.41	1129.03
3872.79	1136.25
3873.17	1149.16
3873.55	1160.76
3873.93	1140.4
3874.31	1169.02
3874.69	1150.84
3875.07	1157.79
3875.45	1178.97
3875.83	1139.05
3876.21	1180.04
3876.59	1151.82
3876.97	1158.12
3877.34	1122.72
3877.72	1141
3878.1	1132.86
3878.48	1135.83
3878.86	1140.77
3879.24	1158.12
3879.62	1147.75
3880	1174.72
3880.37	1157.03
3880.75	1156.3
3881.13	1145.64
3881.51	1155.7
3881.89	1173.37
3882.27	1101.89
3882.65	1141.85
3883.02	1140.86
3883.4	1131.85
3883.78	1165.18
3884.16	1160.71
3884.54	1173.01
3884.92	1200.84
3885.3	1180.18
3885.67	1172.14
3886.05	1147.9
3886.43	1143.91
3886.81	1167.46
3887.19	1146.81
3887.56	1138.1
3887.94	1133.83
3888.32	1165.75
3888.7	1173.48
3889.08	1163.58
3889.45	1159.43
3889.83	1144.19
3890.21	1135.01
3890.59	1126.86
3890.97	1098.43
3891.34	1122.63
3891.72	1143.87
3892.1	1143.7
3892.48	1157.1
3892.85	1139.23
3893.23	1134.5
3893.61	1170.35
3893.99	1168.82
3894.36	1165.79
3894.74	1160.51
3895.12	1171.31
3895.5	1159.12
3895.87	1184.03
3896.25	1140.52
3896.63	1135.88
3897.01	1158.53
3897.38	1169.82
3897.76	1186.7
3898.14	1172.96
3898.51	1182.93
3898.89	1195.24
3899.27	1190.53
3899.64	1179.4
3900.02	1175.22
3900.4	1156.46
3900.78	1134.85
3901.15	1150.37
3901.53	1173.65
3901.91	1150.86
3902.28	1195.88
3902.66	1173.85
3903.04	1164.9
3903.41	1178.23
3903.79	1213.09
3904.17	1173.99
3904.54	1185.7
3904.92	1163.57
3905.29	1145.48
3905.67	1141.75
3906.05	1151.31
3906.42	1115.28
3906.8	1167.71
3907.18	1110.94
3907.55	1159.22
3907.93	1159.83
3908.31	1178.89
3908.68	1170.54
3909.06	1154.74
3909.43	1133.5
3909.81	1182.12
3910.19	1171.11
3910.56	1146.04
3910.94	1155.87
3911.31	1153.65
3911.69	1160.56
3912.06	1200.63
3912.44	1180.83
3912.82	1182.46
3913.19	1187.02
3913.57	1150.62
3913.94	1161.02
3914.32	1169.61
3914.7	1149.77
3915.07	1188.93
3915.45	1184.25
3915.82	1160.45
3916.2	1171.81
3916.57	1172.76
3916.95	1173.83
3917.32	1217.92
3917.7	1188.21
3918.07	1150.05
3918.45	1194.41
3918.82	1160.71
3919.2	1158.33
3919.57	1174.32
3919.95	1161.38
3920.32	1155.39
3920.7	1163.85
3921.07	1173.1
3921.45	1141.19
3921.82	1176
3922.2	1178.31
3922.57	1162.6
3922.95	1135.87
3923.32	1192.71
3923.7	1174.59
3924.07	1178.56
3924.45	1144.37
3924.82	1163.65
3925.2	1158.31
3925.57	1165.81
3925.95	1205.5
3926.32	1173.52
3926.69	1186.45
3927.07	1184.66
3927.45	1204.1
3927.82	1168.03
3928.19	1217.91
3928.57	1177.92
3928.94	1163.37
3929.32	1158.73
3929.69	1144.15
3930.06	1146.4
3930.44	1170.54
3930.81	1167.61
3931.19	1189.93
3931.56	1174.41
3931.94	1171.22
3932.31	1152.31
3932.68	1191.26
3933.06	1194.08
3933.43	1188.15
3933.8	1159.68
3934.18	1168.14
3934.55	1125.9
3934.93	1167.64
3935.3	1188.13
3935.67	1179.21
3936.05	1148.78
3936.42	1161.86
3936.79	1188.75
3937.17	1205.84
3937.54	1159.51
3937.91	1187.08
3938.29	1158.36
3938.66	1186.28
3939.03	1191.92
3939.41	1166.88
3939.78	1164.98
3940.15	1165.89
3940.53	1189.88
3940.9	1192.3
3941.27	1187.78
3941.65	1171.17
3942.02	1183.8
3942.39	1182.69
3942.77	1189.67
3943.14	1170.7
3943.51	1155.2
3943.88	1222.53
3944.26	1171.93
3944.63	1175.06
3945	1183.65
3945.38	1175.54
3945.75	1208.25
3946.12	1143.6
3946.49	1145.78
3946.87	1189.64
3947.24	1169.02
3947.61	1134.52
3947.98	1164.39
3948.36	1172.72
3948.73	1187.96
3949.1	1168.99
3949.47	1225.19
3949.85	1205.93
3950.22	1185.56
3950.59	1216.78
3950.96	1206.27
3951.34	1207.71
3951.71	1195.82
3952.08	1188.26
3952.45	1181.62
3952.82	1197.48
3953.2	1186.38
3953.57	1179.42
3953.94	1208.17
3954.31	1194.41
3954.68	1221.25
3955.06	1222.92
3955.43	1217.09
3955.8	1259.72
3956.17	1231.43
3956.54	1210.06
3956.91	1174.8
3957.29	1193.23
3957.66	1201.41
3958.03	1188.23
3958.4	1179.16
3958.77	1224.94
3959.14	1216.06
3959.52	1235.57
3959.89	1264.39
3960.26	1233.74
3960.63	1184.52
3961	1270.98
3961.37	1228.67
3961.74	1162.25
3962.12	1208.43
3962.49	1172.36
3962.86	1128.97
3963.23	1239.83
3963.6	1189.71
3963.97	1200.79
3964.34	1225.9
3964.71	1236.15
3965.08	1230.66
3965.45	1200.49
3965.82	1211.88
3966.2	1173.75
3966.57	1142.64
3966.94	1190.08
3967.31	1196.26
3967.68	1231.66
3968.05	1262.01
3968.42	1147.21
3968.79	1238.73
3969.16	1227.93
3969.53	1216.49
3969.9	1196.82
3970.27	1194.96
3970.64	1215.04
3971.01	1164.43
3971.38	1175.01
3971.75	1164.5
3972.12	1127.63
3972.49	1167.85
3972.87	1238.95
3973.23	1176.4
3973.61	1199.79
3973.98	1185.39
3974.34	1194.32
3974.72	1226.83
3975.09	1225.96
3975.46	1206.94
3975.83	1190.35
3976.19	1208.03
3976.57	1205.65
3976.94	1231.14
3977.3	1194.82
3977.68	1233.7
3978.04	1250.7
3978.41	1223.12
3978.78	1229.27
3979.15	1237.92
3979.52	1242.53
3979.89	1236.89
3980.26	1218.52
3980.63	1202.37
3981	1173.21
3981.37	1190.17
3981.74	1205.09
3982.11	1218.31
3982.48	1210.43
3982.85	1229.99
3983.22	1193.01
3983.59	1200.15
3983.96	1227.05
3984.33	1247.54
3984.69	1244.86
3985.06	1238.03
3985.43	1213.27
3985.8	1198.55
3986.17	1187.15
3986.54	1194.73
3986.91	1185.8
3987.28	1183.25
3987.65	1193.13
3988.02	1180.96
3988.38	1231.84
3988.75	1273.5
3989.12	1210.35
3989.49	1238.3
3989.86	1219.22
3990.23	1241.7
3990.6	1227.33
3990.96	1216.14
3991.33	1207.53
3991.7	1194.28
3992.07	1228.17
3992.44	1267.22
3992.81	1254.4
3993.17	1252.42
3993.38	1228.42
3993.75	1230.42
3994.12	1254.42
3994.49	1251.42
3994.87	1208.42
3995.24	1240.42
3995.61	1207.42
3995.98	1213.42
3996.36	1217.42
3996.73	1223.42
3997.1	1292.42
3997.47	1272.42
3997.85	1250.42
3998.22	1243.42
3998.59	1274.42
3998.96	1257.42
3999.33	1225.42
3999.71	1182.42
4000.08	1225.42
