14.9578	10979
15.6345	11326
16.3112	11616
16.9878	11969
17.6644	12760
18.341	12937
19.0175	13355
19.6939	13935
20.3726	14407
21.049	14543
21.7253	14734
22.4015	14999
23.0778	15210
23.7539	15503
24.4301	15643
25.1061	15694
25.7822	16086
26.4581	16370
27.1341	16662
27.81	16967
28.4858	17216
29.1616	17671
29.8373	17668
30.513	17756
31.1887	17919
31.8643	18272
32.5398	18600
33.2131	18570
33.8885	18875
34.5639	19184
35.2393	19039
35.9146	19774
36.5899	19835
37.2651	20488
37.9403	20627
38.6155	20719
39.2882	21200
39.9633	21078
40.6383	21010
41.3132	21454
41.9881	21537
42.6607	21393
43.3355	21968
44.0103	22020
44.685	21971
45.3596	22358
46.0319	22537
46.7065	22842
47.381	22893
48.0555	22861
48.7277	22812
49.402	22455
50.0764	22725
50.7484	22948
51.4226	22974
52.0968	23064
52.7687	23066
53.4428	22954
54.1168	22777
54.7885	22804
55.4625	23073
56.1364	23083
56.808	23096
57.4818	22848
58.1556	23356
58.827	23383
59.5007	23286
60.1721	23255
60.8456	23508
61.5169	23543
62.1904	23600
62.8615	23744
63.5349	23561
64.2083	23497
64.8793	23110
65.5526	23110
66.2235	23041
66.8967	22691
67.5675	22710
68.2383	22820
68.9113	22541
69.582	22628
70.2549	22757
70.9255	22892
71.5984	22987
72.2689	22766
72.9416	22782
73.612	23095
74.2824	23231
74.955	23646
75.6253	23118
76.2955	23181
76.968	23078
77.6381	22836
78.3082	22817
78.9805	23246
79.6505	22969
80.3205	22348
80.9927	22315
81.6625	22454
82.3323	22278
83.0044	22456
83.6741	22582
84.3438	22837
85.0134	22688
85.6852	22402
86.3548	22312
87.0242	22558
87.6937	22266
88.3654	22155
89.0347	22183
89.704	21923
90.3733	22212
91.0425	22106
91.7116	22038
92.383	22302
93.0521	22164
93.7211	22464
94.3901	22082
95.059	22188
95.7279	22030
96.3967	21926
97.0655	21929
97.7365	21689
98.4052	21962
99.0739	21607
99.7425	21310
100.411	21350
101.08	21152
101.748	21503
102.416	21176
103.085	21473
103.753	21422
104.421	21330
105.09	20972
105.758	21055
106.426	21478
107.094	21295
107.762	21305
108.43	21218
109.098	21356
109.766	20835
110.432	20674
111.099	20813
111.767	20626
112.435	20432
113.103	20406
113.77	20246
114.438	20115
115.105	20123
115.771	19872
116.438	20120
117.105	20014
117.773	20182
118.44	20316
119.107	20178
119.772	20276
120.439	19790
121.107	20086
121.774	20198
122.438	19782
123.105	19859
123.772	19729
124.439	19638
125.104	19864
125.771	20090
126.437	19702
127.104	19815
127.769	19619
128.435	19429
129.102	19404
129.766	19116
130.432	19545
131.099	19391
131.763	18886
132.429	18942
133.093	19031
133.76	18613
134.426	18617
135.09	18704
135.756	18766
136.42	18380
137.086	18574
137.752	18579
138.415	18526
139.081	18636
139.745	18356
140.411	18773
141.074	18644
141.74	18462
142.403	18212
143.069	18475
143.732	18248
144.398	17890
145.061	17864
145.724	17754
146.389	17899
147.052	17515
147.718	17553
148.381	17886
149.046	17855
149.709	17583
150.371	17544
151.037	17735
151.699	17453
152.362	17447
153.027	17595
153.69	17268
154.354	17183
155.017	17281
155.679	17390
156.342	17064
157.006	17198.4
157.669	17180
158.331	17264
158.996	16998
159.658	16753
160.32	16434
160.982	16295
161.646	16336
162.308	16281
162.97	16574
163.632	16328
164.294	16524
164.958	16412
165.62	16748
166.282	16535
166.943	16375
167.605	16503
168.267	16566
168.931	16535
169.592	16503
170.254	16476
170.915	16182
171.576	16403
172.238	16241
172.899	16130
173.56	16411
174.221	16166
174.883	15937
175.544	15888
176.207	15841
176.868	16266
177.529	16112
178.19	15896
178.851	15654
179.512	15748
180.172	15659
180.833	15713
181.494	15525
182.152	15726
182.813	15782
183.473	15774
184.134	15774
184.794	15650
185.455	15692
186.115	15580
186.776	15932
187.436	15595
188.096	15823
188.756	15802
189.414	15668
190.074	15831
190.734	15682
191.394	15567
192.054	15858
192.714	15396
193.372	15904
194.032	15661
194.692	15598
195.351	15563
196.011	15749
196.668	15557
197.328	15534
197.988	15617
198.647	15316
199.304	15554
199.964	15304
200.623	15534
201.28	15524
201.94	15539
202.599	15333
203.256	15661
203.915	15350
204.574	15620
205.231	15538
205.89	15419
206.549	15529
207.206	15542
207.864	15499
208.521	15402
209.18	15526
209.839	15430
210.495	15399
211.154	15385
211.81	15279
212.469	15451
213.125	15390
213.783	15516
214.44	15460
215.098	15651
215.754	15490
216.412	15489
217.068	15376
217.727	15466
218.382	15272
219.041	15481
219.696	15392
220.354	15221
221.01	15400
221.666	15592.3
222.324	15596.4
222.979	15600.8
223.637	15610.1
224.293	15316
224.948	15263
225.606	15399
226.261	15404
226.919	15409
227.574	15239
228.229	15438
228.885	15476
229.542	15560
230.197	15691
230.852	15850
231.509	15703
232.164	15802
232.819	15720
233.474	16120
234.131	15698
234.786	15848
235.441	15995
236.096	15766
236.752	15753
237.407	15712
238.062	15861
238.716	15907
239.371	15854
240.027	15649
240.682	15823
241.336	16018
241.99	15983
242.645	16137
243.299	16021
243.953	16278
244.607	15870
245.261	16108
245.918	15976
246.572	16126
247.225	15902
247.879	15983
248.533	16178
249.187	16143
249.841	16043
250.495	16118
251.148	16126
251.802	16110
252.455	16442
253.109	16054
253.762	16123
254.416	16338
255.069	16222
255.723	16165
256.376	16366
257.029	16390
257.68	16351
258.334	16358
258.987	16228
259.64	16302
260.293	16502
260.946	16416
261.599	16446
262.252	16580
262.902	16418
263.555	16176
264.208	16389
264.861	16350
265.513	16359
266.166	16705
266.816	16574
267.469	16504
268.122	16513
268.774	16748
269.424	16572
270.077	16662
270.729	16819
271.381	16463
272.031	16986
272.684	16646
273.336	16896
273.986	16537
274.638	17044
275.29	16899
275.939	16979
276.591	16892
277.243	16712
277.893	16928
278.545	16841
279.197	16713
279.846	17179
280.498	17011
281.147	16965
281.799	17012
282.45	17291
283.099	16867
283.751	16970
284.4	17076
285.051	17330
285.701	17546
286.352	16976
287.001	17398
287.652	17050
288.301	17158
288.952	17074
289.601	17056
290.252	17161.7
290.901	17184.9
291.552	17206.4
292.2	17228.4
292.849	17246.6
293.5	16824
294.148	17156
294.799	17282
295.447	17102
296.096	17430
296.746	17406
297.395	17424
298.043	17417
298.693	17418
299.341	17410
299.99	17564
300.64	17494
301.288	17353
301.936	17575
302.586	17579
303.234	17438
303.882	17422
304.53	17990
305.18	17414
305.827	17350
306.475	17342
307.123	17544
307.773	17518
308.42	17830
309.068	17761
309.715	17795
310.362	17458
311.01	17811
311.659	17974
312.307	17707
312.954	17744
313.601	17780
314.248	17933
314.895	17966
315.542	18114
316.189	18100
316.836	17909
317.486	18243
318.133	18168
318.779	18086
319.426	17792
320.073	18040
320.72	18067
321.366	17989.5
322.013	18161.8
322.66	18059.1
323.306	18248.9
323.953	18412.7
324.599	18110
325.245	18293.1
325.892	18235.6
326.538	18336
327.182	18148.7
327.828	18103.3
328.475	18258.4
329.121	18180.5
329.767	18332.6
330.413	18429.2
331.059	18571.7
331.705	18392.4
332.351	18746.5
332.995	18387.6
333.64	18891.2
334.286	18628.4
334.932	18462.4
335.578	18656.3
336.223	18864.5
336.867	18697.5
337.512	18720.8
338.158	18863.1
338.803	18819
339.447	18902.3
340.092	18856.2
340.737	19087.3
341.383	18987.8
342.026	18930.1
342.671	18924.2
343.316	18934.9
343.959	19036.6
344.604	19196.6
345.249	19281.3
345.892	19187.5
346.537	19278.8
347.182	19262.9
347.825	19391.3
348.469	19180.6
349.114	19247.5
349.757	19295.1
350.401	19349
351.044	19310.2
351.689	19302.6
352.333	19500.2
352.975	19423
353.62	19412.1
354.262	19654.9
354.907	19418.4
355.549	19784.3
356.193	19742.1
356.835	19646.1
357.479	20006.3
358.121	19664.4
358.765	19656.9
359.407	19723.4
360.051	19858.6
360.693	19693.3
361.337	19850.9
361.979	19913.1
362.62	19854.1
363.264	19987.3
363.906	20104
364.55	20247.9
365.191	20117.5
365.833	20275
366.476	20324.5
367.118	20364.3
367.759	20387.7
368.402	20279.5
369.044	20524.5
369.685	20577
370.328	20499.6
370.969	20627.8
371.61	20426.3
372.251	20400
372.895	20580.4
373.535	20605.8
374.176	20491
374.819	20594.6
375.46	20598.1
376.101	20497.2
376.742	20670.5
377.382	20775
378.025	20838.4
378.666	21166.9
379.306	21048.8
379.947	21265.2
380.587	21148.1
381.228	20982.2
381.87	21139.5
382.511	21106.2
383.151	21415.3
383.791	21195.7
384.431	21095.3
385.072	21586.1
385.712	21305.2
386.352	21538.1
386.992	21707.7
387.632	21511.5
388.272	21596.1
388.912	21754.2
389.551	21737
390.191	21707.1
390.831	21754.6
391.471	21564.5
392.11	21758.3
392.75	21918.7
393.39	21867.4
394.029	21814.3
394.669	21790.4
395.308	22090.8
395.948	22370.9
396.587	22146.3
397.226	22362.7
397.866	22108.3
398.505	22320
399.144	22388.5
399.783	22393.3
400.42	22403.1
401.059	22477.2
401.698	22474.2
402.337	22657.4
402.976	22842.6
403.615	22655.3
404.252	22499.2
404.891	22730.5
405.529	22759.5
406.168	22762.2
406.805	23078.8
407.443	23027.2
408.082	23211.7
408.72	23191.2
409.357	23295.8
409.995	23327.2
410.634	23401.2
411.272	23310
411.908	23454.7
412.547	23594.3
413.185	23558.6
413.821	23555.6
414.459	23724.2
415.097	23618
415.733	23591.3
416.371	23957.9
417.007	23700.3
417.645	23858.6
418.283	23629.8
418.918	24064.2
419.556	24055.6
420.192	23930.4
420.83	24043.3
421.467	24112.1
422.103	24252.7
422.74	24391.9
423.376	24612
424.013	24855.7
424.649	24932.7
425.286	25275.8
425.921	25286.3
426.559	25246.4
427.194	25320.4
427.829	25283.9
428.466	25531.3
429.101	25596.5
429.738	25597.4
430.373	25952.9
431.01	25921
431.645	26057.3
432.28	26005.8
432.917	26324.9
433.552	26147.8
434.188	26388.7
434.823	26492
435.458	26453.8
436.094	26565.3
436.729	26623.3
437.363	26780.8
437.998	26909.5
438.634	26969.8
439.268	27095.1
439.903	27084
440.539	27278.5
441.173	27192.9
441.808	27409.3
442.442	27388.1
443.078	27638.9
443.712	27808.7
444.346	27871.3
444.98	27772.9
445.614	27836.7
446.25	28155.9
446.884	27953.1
447.517	28240.8
448.151	28455.2
448.785	28749.8
449.418	28685
450.052	28711.8
450.688	28885.3
451.321	28821.1
451.955	29046.3
452.588	29004.9
453.222	29118.1
453.855	29427
454.488	29511.6
455.121	29423.6
455.755	29350.9
456.388	29372.7
457.021	29753.6
457.654	29670.4
458.287	30028.8
458.92	29829.4
459.553	29790.4
460.186	29971.4
460.819	29860.1
461.452	29900.6
462.084	30300.2
462.717	30180.3
463.35	30337.5
463.983	30218.7
464.615	30473
465.246	30359.7
465.878	30635.4
466.511	30681.2
467.143	30829.9
467.776	31095.5
468.408	31207.2
469.04	31218
469.67	30685.5
470.303	31103.7
470.935	31320
471.567	31166.8
472.199	31470.4
472.829	31449.9
473.461	31173
474.093	31230.4
474.725	31288.7
475.355	31223
475.986	31496.9
476.618	31743.2
477.25	31637
477.88	31639.3
478.511	31447
479.143	31493.4
479.772	31425.9
480.404	31561.5
481.035	31416.5
481.665	31766.9
482.296	31654.3
482.925	31682.3
483.557	31702.6
484.188	31620.3
484.817	31418.1
485.448	31628.2
486.077	31511.3
486.709	32071.5
487.34	31777
487.969	31670.2
488.6	31621.1
489.228	31614.7
489.859	31422.8
490.488	31700.2
491.119	31639.4
491.748	31460.8
492.378	31515.4
493.007	31132.6
493.638	31056.4
494.266	30946.8
494.894	31073.2
495.525	30733.4
496.153	30789.4
496.784	30511.4
497.412	30294.5
498.04	29934.4
498.671	29795
499.299	29474.4
499.929	29370.2
500.557	29196.9
501.185	29005
501.815	28812
502.443	28448.6
503.071	28106.7
503.701	28302.2
504.329	28303.4
504.957	27749.7
505.584	27709
506.214	27489.2
506.842	26884.5
507.469	26575.4
508.097	26409.6
508.727	26004.8
509.354	25611.6
509.981	25554.2
510.609	25209.2
511.236	24576.8
511.866	24386
512.493	23992.2
513.12	23650.8
513.747	23562.2
514.374	23345.5
515.001	22817.7
515.628	22545.9
516.258	22248.3
516.885	21691.3
517.511	21632.7
518.138	21366
518.765	21003.2
519.392	20685.4
520.019	20386.7
520.645	20050.4
521.272	19800.3
521.899	19358.5
522.525	19140.8
523.152	18844.7
523.778	18783.5
524.405	18402.7
525.031	18065.2
525.658	17953.3
526.284	17690.1
526.91	17562.6
527.536	17322.3
528.163	17160.3
528.789	16985.9
529.415	16725.5
530.041	16483.3
530.665	16387
531.291	16133.5
531.917	16178
532.543	15932.5
533.169	15966.9
533.795	15559.6
534.418	15401.3
535.044	15241.1
535.67	15080
536.295	14686.4
536.921	14770.1
537.544	14631.3
538.17	14353.8
538.795	14439.6
539.421	14231
540.044	13926.3
540.669	14023.1
541.295	13815.1
541.92	13741.7
542.543	13624.4
543.168	13321
543.794	13444.4
544.417	13209.4
545.042	13029.1
545.667	13132.5
546.29	13096.5
546.915	13034.4
547.539	13042
548.162	12714.2
548.787	12705
549.41	12682.7
550.034	12573.7
550.659	12477.4
551.282	12454.4
551.906	12251.4
552.529	12192
553.153	12343.7
553.776	12276.1
554.4	12195
555.022	12285.7
555.647	12082.6
556.269	12045.9
556.893	12078.5
557.515	12041
558.14	11876.7
558.762	11993.2
559.386	11913.4
560.008	11812.4
560.629	11907.8
561.253	11898.8
561.875	11796.2
562.499	11848.2
563.121	11843.1
563.743	11692.2
564.366	11747.3
564.988	11746.7
565.61	11790.8
566.233	11701
566.855	11810.6
567.476	11766
568.1	11670.1
568.721	11595.6
569.342	11733.8
569.964	11484.6
570.587	11509.2
571.208	11674.6
571.829	11510.2
572.451	11470.6
573.074	11509.5
573.695	11490.9
574.316	11543.3
574.937	11477.7
575.558	11389.5
576.181	11477.2
576.802	11298
577.422	11238.7
578.043	11286.9
578.664	11359.9
579.284	11249.8
579.905	11164.2
580.526	10960.1
581.148	11078.3
581.769	10959.8
582.389	10926.4
583.01	10838.2
583.63	10950.2
584.25	10659.9
584.871	10695.1
585.491	10438
586.111	10574.9
586.731	10502.1
587.351	10328.1
587.971	10156.1
588.592	9937.72
589.212	10058.9
589.832	9989.68
590.451	9923.93
591.071	10006
591.691	9772.32
592.311	9917.46
592.929	9933.26
593.548	9782.52
594.168	9919.26
594.788	9746.84
595.407	9720.12
596.027	9642.8
596.646	9510.66
597.264	9510.02
597.883	9517.57
598.502	9424.97
599.122	9381.35
599.741	9224.23
600.358	9264.87
600.977	9003.22
601.597	9091.59
602.216	9087.05
602.835	9000.44
603.452	8815.22
604.071	8743.18
604.69	8728.25
605.307	8789.38
605.925	8555.82
606.544	8649.08
607.161	8669.38
607.78	8485.07
608.399	8589.34
609.015	8363.35
609.634	8334.63
610.252	8338.36
610.869	8172.31
611.487	8113.93
612.106	8075.97
612.722	8030.16
613.341	8144.94
613.957	8055.22
614.575	7953.13
615.191	7912.88
615.809	7865.15
616.426	7788.57
617.044	7743.1
617.66	7762.63
618.278	7755.9
618.894	7574.45
619.512	7628.75
620.128	7498.73
620.745	7466.34
621.361	7626.18
621.979	7539.33
622.595	7384.56
623.212	7362.56
623.828	7452.03
624.444	7403.27
625.061	7513
625.677	7266.65
626.292	7560.79
626.91	7345.1
627.525	7508.56
628.142	7325.97
628.758	7252.35
629.373	7316.89
629.988	7262.63
630.605	7184.67
631.22	7169.79
631.835	7169.19
632.453	7202.46
633.068	7095.3
633.682	6982.61
634.297	7051.87
634.914	7121.99
635.529	7127.16
636.144	6940.13
636.759	7066.75
637.373	6964.39
637.99	6941.81
638.605	6755.87
639.219	6971.46
639.834	6821.15
640.448	6883.55
641.063	6982.59
641.677	6869.16
642.294	6928.92
642.908	6624.07
643.522	6836.68
644.136	6773.37
644.751	6821.86
645.365	6683.62
645.979	6530.29
646.593	6669.43
647.207	6698.19
647.821	6564.63
648.435	6621.2
649.049	6621.21
649.663	6611.58
650.277	6546.61
650.89	6551.96
651.504	6415.24
652.118	6513.32
652.732	6392.81
653.345	6374.45
653.959	6309.6
654.572	6412.61
655.186	6337
655.797	6479.56
656.411	6376.85
657.024	6262.65
657.637	6232.75
658.251	6275.03
658.864	6281.99
659.477	6180.93
660.088	6340.16
660.701	6258.4
661.315	6221.34
661.928	6200.37
662.541	6249.94
663.152	6240.94
663.765	6236.18
664.377	6162.32
664.99	6166.78
665.601	6015.36
666.214	6066.19
666.827	5990.02
667.437	5978.25
668.05	6022.47
668.662	6045.45
668.901	6029.44
669.524	6043.18
670.146	5965.55
670.769	5946.81
671.39	5917.76
672.013	5992.15
672.634	5874.61
673.257	6045.92
673.878	6004.36
674.501	5942.34
675.122	5891.34
675.745	5777.96
676.365	5831.66
676.986	5783.09
677.609	5858.93
678.229	5827
678.852	5990.23
679.473	5765.25
680.095	5712.87
680.716	5674.95
681.336	5641.46
681.959	5810.3
682.579	5781.67
683.199	5741.4
683.822	5729.26
684.442	5740.67
685.062	5720.2
685.684	5548.96
686.304	5685.17
686.924	5538.11
687.547	5585.88
688.166	5652
688.786	5685.13
689.406	5655.07
690.028	5573.08
690.648	5460.39
691.268	5607.75
691.887	5494.96
692.509	5509.14
693.129	5627.53
693.748	5564.99
694.368	5592.38
694.987	5412.5
695.609	5567.3
696.228	5449.97
696.848	5440.91
697.467	5447.43
698.086	5397.83
698.706	5430.62
699.325	5393.41
699.946	5505.63
700.565	5389.12
701.184	5509.89
701.803	5395.86
702.422	5422.52
703.041	5350.2
703.66	5492.38
704.279	5371.93
704.898	5418.91
705.517	5380.87
706.136	5367.86
706.754	5411.11
707.373	5314.18
707.992	5355.09
708.61	5328.27
709.229	5374.3
709.847	5258.32
710.466	5402.58
711.084	5276.5
711.703	5254
712.321	5401.41
712.939	5290.06
713.558	5284.12
714.176	5267.02
714.794	5346.82
715.41	5297.62
716.028	5333.75
716.646	5260.99
717.264	5340.84
717.882	5239.65
718.5	5290.67
719.118	5343.4
719.734	5285.99
720.352	5328.79
720.969	5346.29
721.587	5252.85
722.205	5324.11
722.82	5231.25
723.438	5292.37
724.055	5341.98
724.673	5355.91
725.288	5449.03
725.906	5388.16
726.523	5195.38
727.138	5341.99
727.756	5214.6
728.373	5257
728.99	5394.01
729.605	5246.34
730.223	5256.14
730.84	5257.18
731.455	5350.07
732.072	5229.47
732.689	5258.73
733.304	5374.61
733.92	5299.34
734.535	5370.31
735.152	5343.06
735.769	5170.66
736.383	5263.57
737	5218.44
737.615	5218.89
738.231	5327.62
738.846	5298.31
739.462	5216.57
740.077	5255.38
740.693	5247.29
741.308	5255.77
741.924	5261.87
742.538	5250.4
743.155	5303.32
743.769	5224.89
744.385	5295.85
744.999	5320.55
745.615	5245.19
746.229	5237.52
746.845	5315.4
747.459	5233.32
748.073	5350.25
748.689	5257.08
749.303	5217.86
749.916	5177.88
750.532	5196.95
751.146	5219.9
751.762	5202.08
752.375	5253.1
752.989	5202.13
753.604	5243.39
754.218	5223.84
754.831	5256.95
755.445	5214.26
756.06	5203.26
756.673	5214.31
757.287	5209.39
757.902	5200.83
758.515	5253.37
759.128	5229.47
759.741	5243.82
760.354	5287.8
760.97	5282.44
761.583	5293.52
762.195	5280.49
762.808	5300.65
763.421	5232.42
764.036	5344.48
764.649	5291.43
765.262	5317.68
765.874	5298.31
766.487	5373.91
767.1	5219.56
767.712	5374.85
768.327	5322.67
768.939	5356.98
769.552	5351.59
770.164	5193.36
770.777	5290.38
771.389	5276.57
772.001	5401.15
772.613	5273.85
773.226	5380.37
773.838	5248.82
774.45	5250.74
775.062	5367.65
775.674	5341.62
776.286	5294.26
776.898	5390.23
777.51	5368.83
778.122	5411.95
778.734	5378.33
779.346	5305.51
779.957	5354.45
780.569	5400.56
781.181	5434.01
781.79	5470.65
782.402	5399.53
783.013	5336.48
783.625	5497.25
784.236	5453.29
784.848	5350.88
785.459	5373.63
786.071	5422.02
786.68	5373.84
787.291	5317.35
787.902	5370.56
788.514	5216.54
789.125	5288.16
789.734	5312.63
790.345	5329.14
790.956	5313.63
791.567	5330.08
792.176	5225.51
792.787	5176.44
793.398	5286.5
794.008	5288.62
794.617	5322.91
795.228	5271.84
795.839	5195.2
796.447	5257.44
797.058	5227.83
797.668	5133.59
798.277	5131.05
798.887	5080.46
799.498	5122.51
800.106	5040.24
800.717	5115.54
801.325	5045.72
801.935	4984.04
802.545	5074.5
803.154	4990.22
803.764	5020.27
804.372	4963.06
804.982	4947.49
805.59	4910.05
806.2	4947.1
806.808	4882.1
807.418	4832.44
808.026	4858.2
808.635	4788.12
809.243	4760.19
809.853	4677.8
810.461	4662.11
811.07	4497.6
811.678	4562
812.288	4559.16
812.895	4533.86
813.505	4462.44
814.112	4539.7
814.719	4446.34
815.329	4374.44
815.936	4366.22
816.546	4333.65
817.153	4255.94
817.76	4283.35
818.369	4224.9
818.976	4244.27
819.583	4148.11
820.193	4157.54
820.799	4074
821.406	3961.59
822.015	4060.51
822.622	3940.04
823.229	3913.69
823.836	3982.97
824.445	3873.28
825.051	3919.42
825.658	3824.85
826.265	3744.21
826.873	3686.49
827.48	3733.79
828.086	3718.88
828.693	3611.12
829.299	3620.42
829.906	3518
830.514	3519.05
831.12	3500.75
831.727	3442.76
832.333	3504.04
832.939	3450.7
833.545	3400.41
834.151	3375.21
834.757	3477.5
835.366	3379.3
835.972	3375.21
836.578	3364.52
837.183	3283.23
837.789	3280.55
838.395	3322.23
839.001	3319.29
839.607	3295.84
840.212	3263.18
840.818	3334.47
841.424	3294.67
842.029	3265.87
842.635	3281.8
843.24	3311.37
843.846	3330.81
844.451	3403.77
845.057	3277.39
845.662	3345.76
846.265	3306.57
846.87	3463.46
847.476	3384.16
848.081	3368.8
848.686	3400.34
849.291	3310.18
849.896	3368.68
850.501	3392.8
851.106	3403.7
851.709	3458.43
852.314	3553.57
852.919	3503.83
853.524	3500.92
854.129	3569.2
854.731	3607.81
855.336	3691.62
855.941	3595.41
856.545	3646.05
857.148	3693.19
857.752	3702.89
858.357	3730.85
858.961	3808.83
859.564	3777.32
860.168	3755.84
860.773	3918.09
861.375	3902.53
861.979	3963.39
862.583	3929.74
863.185	3910.46
863.79	3966.03
864.394	3978.64
864.996	3991.74
865.6	4038.88
866.204	3968.92
866.806	4039.2
867.41	4042.73
868.011	4080.71
868.615	4059.62
869.217	4190.34
869.821	4113.93
870.424	4241.09
871.026	4169.2
871.63	4274.99
872.231	4200.31
872.835	4317.52
873.436	4226.54
874.04	4166.78
874.641	4326.78
875.245	4206.28
875.846	4255.85
876.447	4290.62
877.05	4261.39
877.652	4388.23
878.255	4407.64
878.856	4499.07
879.459	4481.1
880.06	4560.73
880.661	4501.38
881.264	4552.6
881.865	4554.57
882.466	4462.43
883.069	4530.12
883.67	4536.88
884.27	4584.23
884.873	4582
885.474	4624.07
886.074	4628.18
886.677	4582.13
887.278	4522.56
887.878	4501.7
888.479	4532.23
889.081	4568.45
889.682	4638.79
890.282	4627.51
890.882	4535.68
891.485	4588.62
892.085	4602.17
892.685	4638.93
893.285	4541.04
893.885	4673.64
894.488	4604.15
895.088	4572.08
895.688	4640.74
896.288	4662.67
896.887	4540.23
897.487	4740.81
898.087	4583
898.687	4632.41
899.287	4605.49
899.889	4583
900.488	4624.33
901.088	4665.21
901.688	4594.9
902.287	4539.55
902.887	4590.99
903.486	4702.25
904.086	4484.13
904.685	4590.72
905.284	4587.72
905.884	4568.14
906.483	4442.51
907.082	4624.05
907.682	4461.62
908.281	4464.24
908.88	4495.42
909.479	4461.68
910.076	4541.86
910.675	4546.84
911.274	4526.34
911.873	4430.48
912.472	4443.42
913.071	4453.38
913.67	4401.51
914.268	4443.2
914.865	4286.24
915.464	4377.62
916.063	4358.31
916.661	4417.17
917.26	4379.94
917.858	4410.54
918.455	4349.83
919.053	4362.5
919.652	4256.92
920.25	4320.68
920.846	4364.38
921.445	4337.86
922.043	4344.44
922.641	4360.46
923.237	4236.33
923.836	4334.04
924.434	4334.11
925.03	4183.46
925.628	4184.22
926.226	4220.88
926.822	4222.85
927.42	4252.2
928.018	4219.15
928.613	4230.27
929.211	4118.4
929.807	4091.65
930.405	4136.59
931.003	4233.22
931.598	4181.15
932.196	4125.06
932.791	4122.48
933.389	4091
933.984	4214.03
934.582	4145.4
935.177	4133.01
935.774	4267.15
936.37	4122.42
936.967	4180.57
937.562	4126.85
938.16	4137.69
938.755	4107.03
939.352	4242.34
939.947	4174.17
940.544	4192.68
941.139	4075.8
941.736	4127
942.331	4174.19
942.926	4121.94
943.523	4184.55
944.117	4223.12
944.712	4202.47
945.309	4338.14
945.904	4269.87
946.5	4278.62
947.095	4232.79
947.69	4291.07
948.284	4366.06
948.881	4290.15
949.475	4419.91
950.07	4411.36
950.666	4239.8
951.26	4288.27
951.855	4444.58
952.449	4324.26
953.045	4426.4
953.639	4358.47
954.233	4487.85
954.828	4508.5
955.422	4594.91
956.018	4634.79
956.612	4523.99
957.206	4633.23
957.8	4582.57
958.393	4638.36
958.987	4681.71
959.583	4787.82
960.177	4609.78
960.771	4775.41
961.364	4790.28
961.958	4801.29
962.552	4778.89
963.145	4832.86
963.739	4841.27
964.332	4872.34
964.926	4904.49
965.519	4983.68
966.112	4853.48
966.706	5023.55
967.299	5055.01
967.892	4989.2
968.485	5072.99
969.079	5114.03
969.672	5147.52
970.265	5000.78
970.858	5213.7
971.451	5154.33
972.044	5238.86
972.637	5250.7
973.23	5343.21
973.823	5302.76
974.415	5300.03
975.006	5294.27
975.599	5329.86
976.192	5360.9
976.784	5292.37
977.377	5380.72
977.97	5424.31
978.56	5448.69
979.153	5467.06
979.745	5501.48
980.338	5507.8
980.93	5509.89
981.52	5660.81
982.113	5501.54
982.705	5640.38
983.297	5694.42
983.887	5664.5
984.48	5613.49
985.072	5642.03
985.664	5675.26
986.254	5655
986.846	5757.62
987.438	5794.17
988.028	5810.75
988.62	5762.32
989.212	5766.53
989.801	5767.84
990.393	5876.72
990.983	5889.95
991.575	5769.52
992.166	5875.04
992.756	5893.15
993.348	5877.66
993.937	5737.21
994.529	5853.77
995.118	5883.37
995.71	5785.53
996.299	5861.98
996.89	5965.32
997.48	5960.16
998.071	5976.27
998.66	6043.54
999.251	6095.99
999.84	6203.36
1000.43	6142.37
1001.02	6235.36
1001.61	6082.48
1002.2	6111.16
1002.79	6045.22
1003.38	6144
1003.97	6144.92
1004.56	6164.23
1005.15	6156.82
1005.74	6171.72
1006.33	6157.72
1006.92	6108.8
1007.51	6160.78
1008.1	6205.6
1008.69	6115.28
1009.28	6081.72
1009.86	6226.88
1010.45	6202.13
1011.04	6244.57
1011.63	6128.13
1012.22	6222.12
1012.81	6210.33
1013.4	6156.24
1013.99	6111.72
1014.58	6290.26
1015.16	6247.4
1015.75	6327.97
1016.34	6324.31
1016.93	6173.32
1017.52	6240.16
1018.11	6235.99
1018.69	6331.61
1019.28	6300.93
1019.87	6268.65
1020.46	6200.16
1021.05	6308.46
1021.63	6176.33
1022.22	6260.78
1022.81	6383.47
1023.4	6301.02
1023.99	6248.45
1024.57	6289.92
1025.16	6349.97
1025.75	6446.76
1026.34	6332.2
1026.92	6288.73
1027.51	6280.05
1028.1	6368.6
1028.68	6317.14
1029.27	6311.87
1029.86	6282.37
1030.45	6378.75
1031.03	6391.59
1031.62	6357.16
1032.21	6287.55
1032.79	6318.84
1033.38	6396.22
1033.97	6421.55
1034.56	6319.23
1035.14	6337.31
1035.73	6310.22
1036.31	6356.14
1036.9	6340.97
1037.49	6366.6
1038.07	6428.9
1038.66	6405.41
1039.25	6525.36
1039.83	6365.29
1040.42	6442.68
1041	6413.91
1041.59	6442.04
1042.18	6566.55
1042.76	6485.51
1043.35	6457.63
1043.93	6515.19
1044.52	6495.03
1045.11	6568.02
1045.69	6444.42
1046.28	6483.7
1046.86	6531.09
1047.45	6518.84
1048.03	6532.59
1048.62	6612.67
1049.2	6638.85
1049.79	6497.77
1050.37	6579.05
1050.96	6588.41
1051.54	6557.83
1052.13	6547.61
1052.71	6695.19
1053.3	6608.52
1053.88	6685.96
1054.47	6576.82
1055.05	6600.05
1055.64	6545.85
1056.22	6741.04
1056.81	6722.32
1057.39	6776.57
1057.98	6711.9
1058.56	6843.19
1059.14	6737.07
1059.73	6820.96
1060.31	6858.6
1060.9	6885.98
1061.48	6826.23
1062.07	6981.05
1062.65	6911.63
1063.23	6978.46
1063.82	6965.52
1064.4	6956.75
1064.98	6985.54
1065.57	6988.11
1066.15	6962.17
1066.73	6931.84
1067.32	7081.5
1067.9	6994.93
1068.49	6984.45
1069.07	7130.34
1069.65	7091.55
1070.24	7120.13
1070.82	7179.37
1071.4	7273.96
1071.98	7297.32
1072.57	7382.54
1073.15	7238.74
1073.73	7269.36
1074.32	7344.41
1074.9	7442.39
1075.48	7438.35
1076.06	7396
1076.65	7447.55
1077.23	7423.64
1077.81	7521.86
1078.39	7454.19
1078.98	7466.61
1079.56	7535.94
1080.14	7705.47
1080.72	7624.13
1081.3	7532.61
1081.89	7652.76
1082.47	7669.87
1083.05	7829.23
1083.63	7709.85
1084.21	7673.67
1084.8	7683.88
1085.38	7866.67
1085.96	7836.34
1086.54	7805.72
1087.12	7766.13
1087.7	7831.21
1088.29	7724.05
1088.87	7772.18
1089.45	7716.39
1090.03	7897.77
1090.61	7863.9
1091.19	7785.81
1091.77	7861.2
1092.35	7767.08
1092.93	7850.93
1093.51	7869.37
1094.1	7901.09
1094.68	7948.2
1095.26	7827.04
1095.84	7988.06
1096.42	7867.34
1097	7952.9
1097.58	7996
1098.16	7993.58
1098.74	8113.86
1099.32	7959.17
1099.9	8142.72
1100.48	8094.89
1101.06	8064.21
1101.64	8003.35
1102.22	8112.9
1102.8	8012.47
1103.38	8216.63
1103.96	8085.06
1104.54	8005.82
1105.12	7995.5
1105.7	8089.88
1106.28	7940.59
1106.86	8016.05
1107.44	8015.97
1108.02	7983.74
1108.6	8011.54
1109.18	8051.6
1109.76	8113.98
1110.34	7926.37
1110.92	8030.29
1111.49	8004.08
1112.07	7885.06
1112.65	7993.78
1113.23	7787.33
1113.81	7864.26
1114.39	7861.57
1114.97	7954.48
1115.55	7675.87
1116.13	7764.53
1116.7	7776.23
1117.28	7839.5
1117.86	7855.53
1118.44	7841.88
1119.02	7882.2
1119.6	7722.95
1120.17	7648.66
1120.75	7627.83
1121.33	7685.51
1121.91	7713.23
1122.49	7767.45
1123.07	7627.13
1123.64	7603.92
1124.22	7531.64
1124.8	7535.33
1125.38	7420.19
1125.95	7485.06
1126.53	7427.42
1127.11	7460.97
1127.69	7433.54
1128.26	7319.54
1128.84	7394.13
1129.42	7313.87
1130	7345.5
1130.57	7353.59
1131.15	7315.9
1131.73	7286.47
1132.31	7252.72
1132.88	7270.61
1133.46	7270.43
1134.04	7053.29
1134.61	7029.56
1135.19	7083.38
1135.77	7149.01
1136.34	6885.74
1136.92	7109.52
1137.5	6994.47
1138.07	6964.25
1138.65	7125.6
1139.23	7090.54
1139.8	6829.35
1140.38	6686.62
1140.95	6756.16
1141.53	6750.79
1142.11	6724.12
1142.68	6710.34
1143.26	6718.39
1143.83	6661.8
1144.41	6678.79
1144.99	6563.34
1145.56	6566.19
1146.14	6591.1
1146.71	6464.05
1147.29	6463.35
1147.86	6487.19
1148.44	6231.27
1149.02	6338.52
1149.59	6322.89
1150.17	6138.54
1150.74	6011.34
1151.32	5928.57
1151.89	5900.64
1152.47	5963.54
1153.04	5963.28
1153.62	5844.36
1154.19	5935.91
1154.77	6069.92
1155.34	5987.9
1155.92	5987.24
1156.49	5854.63
1157.07	5887.44
1157.64	5818.18
1158.22	6291.43
1158.79	5826.47
1159.36	5656.05
1159.94	5694.56
1160.51	5619
1161.09	5691.82
1161.66	5617.42
1162.23	5547.45
1162.81	5528.68
1163.38	5423.91
1163.96	5330.52
1164.53	5383.12
1165.1	5231.47
1165.68	5345.85
1166.25	5216.16
1166.83	5355.07
1167.4	5272.59
1167.97	5146.98
1168.55	5238.93
1169.12	5130.41
1169.69	5104.08
1170.27	5122.24
1170.84	5010.97
1171.41	4897.88
1171.99	4900.49
1172.56	4802.93
1173.13	4788.39
1173.71	4803.67
1174.28	4722.66
1174.85	4702.85
1175.42	4727.96
1176	4730.26
1176.57	4677.66
1177.14	4498.08
1177.71	4620.67
1178.29	4477.73
1178.86	4543.17
1179.43	4398.83
1180.01	4529.68
1180.58	4315.62
1181.15	4356.48
1181.72	4296.49
1182.29	4305.83
1182.86	4183.93
1183.44	4223.12
1184.01	4110.07
1184.58	4171.58
1185.15	4013.23
1185.72	4024.71
1186.3	3982.31
1186.87	3952.22
1187.44	3958.47
1188.01	3944.02
1188.58	3918.95
1189.16	3819.84
1189.73	3777.21
1190.3	3807.13
1190.87	3791.21
1191.44	3656.96
1192.01	3685.63
1192.58	3624.15
1193.15	3670.36
1193.72	3563.91
1194.29	3562.6
1194.87	3640.59
1195.44	3426.37
1196.01	3458.02
1196.58	3347.47
1197.15	3390.47
1197.72	3306.43
1198.29	3394.68
1198.86	3328.12
1199.43	3217.4
1200	3230.69
1200.57	3114.7
1201.14	3141.56
1201.71	3146.64
1202.28	3058.44
1202.85	3045.33
1203.42	3095.59
1203.99	3006.97
1204.56	2989.62
1205.13	2919.92
1205.7	2889.3
1206.27	2961.35
1206.84	2799.57
1207.41	2891.76
1207.98	2824.16
1208.55	2811.86
1209.12	2723.7
1209.69	2685.41
1210.26	2630.93
1210.83	2769.07
1211.4	2630.44
1211.97	2606.78
1212.54	2622.48
1213.11	2513.01
1213.67	2605.64
1214.24	2463.47
1214.81	2473.32
1215.38	2413.34
1215.95	2412.77
1216.52	2368.22
1217.09	2423.26
1217.66	2393.99
1218.22	2298.61
1218.79	2204.62
1219.36	2217.17
1219.93	2216.69
1220.5	2263.68
1221.07	2234.53
1221.64	2199.35
1222.2	2154.49
1222.77	2238.11
1223.34	2167.46
1223.91	2135.77
1224.48	2046
1224.52	2023
1225.1	2015
1225.67	2060
1226.24	1973
1226.82	1914
1227.39	1980
1227.96	1945
1228.54	1944
1229.11	1965
1229.68	1992
1230.25	1949
1230.83	1853
1231.4	1901
1231.97	1889
1232.55	1901
1233.12	1839
1233.69	1821
1234.26	1834
1234.83	1859
1235.41	1790
1235.98	1782
1236.55	1788
1237.12	1887
1237.7	1790
1238.27	1799
1238.84	1726
1239.41	1748
1239.98	1732
1240.55	1694
1241.13	1694
1241.7	1677
1242.27	1693
1242.84	1683
1243.41	1719
1243.99	1731
1244.56	1708
1245.13	1675
1245.7	1616
1246.27	1605
1246.84	1738
1247.41	1659
1247.98	1628
1248.55	1685
1249.13	1677
1249.7	1723
1250.27	1693
1250.84	1690
1251.41	1598
1251.98	1804
1252.55	1629
1253.12	1686
1253.69	1674
1254.26	1659
1254.83	1584
1255.4	1624
1255.97	1570
1256.54	1621
1257.11	1618
1257.68	1548
1258.25	1639
1258.82	1621
1259.39	1667
1259.96	1516
1260.53	1630
1261.1	1647
1261.67	1566
1262.24	1568
1262.81	1710
1263.38	1609.4
1263.95	1618
1264.52	1571
1265.09	1563
1265.66	1587
1266.23	1549
1266.8	1556
1267.37	1606
1267.94	1535
1268.5	1594
1269.07	1558
1269.64	1599
1270.21	1600
1270.78	1580
1271.35	1648
1271.92	1526
1272.49	1522
1273.06	1572
1273.62	1523
1274.19	1528
1274.76	1548
1275.33	1565
1275.9	1510
1276.47	1526
1277.03	1569
1277.6	1560
1278.17	1601
1278.74	1564
1279.31	1478
1279.87	1576
1280.44	1490
1281.01	1567
1281.58	1507
1282.15	1534
1282.71	1496
1283.28	1542
1283.85	1521
1284.42	1467
1284.98	1461
1285.55	1514
1286.12	1528
1286.69	1530
1287.25	1580
1287.82	1522
1288.39	1506
1288.95	1553
1289.52	1566
1290.09	1527
1290.65	1539
1291.22	1544
1291.79	1514
1292.35	1485
1292.92	1509
1293.49	1474
1294.05	1546
1294.62	1509
1295.19	1457
1295.75	1560
1296.32	1527
1296.89	1507
1297.45	1478
1298.02	1541
1298.58	1525
1299.15	1494
1299.72	1463
1300.28	1487
1300.85	1529
1301.41	1613
1301.98	1524
1302.55	1439
1303.11	1459
1303.68	1468
1304.24	1555
1304.81	1490
1305.37	1484
1305.94	1534
1306.51	1516
1307.07	1509
1307.64	1496
1308.2	1513
1308.77	1493
1309.33	1483
1309.9	1506
1310.46	1544
1311.03	1488
1311.59	1557
1312.16	1456
1312.72	1498
1313.28	1541
1313.85	1487
1314.42	1485
1314.98	1491
1315.54	1499
1316.11	1509
1316.67	1531
1317.24	1481
1317.8	1403
1318.36	1460
1318.93	1515
1319.49	1495
1320.06	1552
1320.62	1534
1321.18	1583
1321.75	1384
1322.31	1586
1322.88	1524
1323.44	1496
1324	1553
1324.57	1486
1325.13	1568
1325.7	1519
1326.26	1539
1326.82	1541
1327.38	1471
1327.95	1509
1328.51	1499
1329.07	1488
1329.64	1563
1330.2	1507
1330.76	1436
1331.33	1499
1331.89	1484
1332.45	1528
1333.01	1496
1333.58	1444
1334.14	1457
1334.7	1487
1335.27	1555
1335.83	1457
1336.39	1493
1336.95	1522
1337.52	1442
1338.08	1488
1338.64	1467
1339.2	1496
1339.76	1544
1340.33	1510
1340.89	1443
1341.45	1448
1342.01	1473
1342.57	1477
1343.14	1458
1343.7	1608
1344.26	1553
1344.82	1556
1345.38	1463
1345.94	1492
1346.5	1526
1347.07	1524
1347.63	1503
1348.19	1560
1348.75	1481
1349.31	1590
1349.87	1496
1350.43	1518
1351	1598
1351.56	1547
1352.12	1438
1352.68	1500
1353.24	1447
1353.8	1559
1354.36	1514
1354.92	1561
1355.48	1487
1356.04	1578
1356.6	1532
1357.16	1556
1357.72	1472
1358.28	1520
1358.84	1573
1359.4	1524
1359.96	1521
1360.52	1493
1361.08	1438
1361.64	1505
1362.2	1487
1362.76	1587
1363.32	1535
1363.88	1587
1364.44	1523
1365	1560
1365.56	1509
1366.12	1493
1366.68	1494
1367.24	1541
1367.8	1558
1368.36	1470
1368.92	1507
1369.48	1476
1370.04	1535
1370.6	1580
1371.15	1466
1371.71	1519
1372.27	1498
1372.83	1536
1373.39	1577
1373.95	1528
1374.51	1536
1375.07	1532
1375.62	1594
1376.18	1562
1376.74	1592
1377.3	1539
1377.86	1515
1378.42	1551
1378.98	1598
1379.53	1564
1380.09	1563
1380.65	1599
1381.21	1590
1381.77	1592
1382.32	1536
1382.88	1552
1383.44	1520
1384	1528
1384.56	1568
1385.11	1610
1385.67	1576
1386.23	1529
1386.79	1581
1387.34	1564
1387.9	1437
1388.46	1564
1389.02	1508
1389.57	1564
1390.13	1550
1390.69	1602
1391.24	1527
1391.8	1612
1392.36	1532
1392.92	1516
1393.47	1505
1394.03	1575
1394.59	1515
1395.14	1458
1395.7	1541
1396.26	1522
1396.81	1451
1397.37	1509
1397.92	1549
1398.48	1520
1399.04	1493
1399.59	1598
1400.15	1560
1400.71	1559
1401.26	1522
1401.82	1448
1402.38	1489
1402.93	1517
1403.49	1461
1404.04	1575
1404.6	1535
1405.15	1480
1405.71	1520
1406.26	1474
1406.82	1554
1407.38	1502
1407.93	1505
1408.49	1475
1409.04	1559
1409.6	1511
1410.15	1553
1410.71	1509
1411.26	1525
1411.82	1593
1412.37	1526
1412.93	1556
1413.48	1584
1414.04	1497
1414.59	1512
1415.15	1494
1415.7	1578
1416.26	1543
1416.81	1566
1417.37	1454
1417.92	1561
1418.48	1511
1419.03	1498
1419.58	1572
1420.14	1587
1420.69	1575
1421.25	1564
1421.8	1563
1422.36	1536
1422.91	1556
1423.46	1525
1424.02	1512
1424.57	1483
1425.12	1598
1425.68	1461
1426.23	1534
1426.78	1536
1427.34	1502
1427.89	1555
1428.44	1502
1429	1472
1429.55	1569
1430.11	1520
1430.66	1442
1431.21	1504
1431.77	1532
1432.32	1567
1432.87	1529
1433.42	1546
1433.98	1554
1434.53	1570
1435.08	1605
1435.64	1477
1436.19	1530
1436.74	1611
1437.29	1554
1437.85	1529
1438.4	1564
1438.95	1532
1439.5	1477
1440.06	1569
1440.61	1518
1441.16	1605
1441.71	1506
1442.26	1529
1442.82	1555
1443.37	1549
1443.92	1591
1444.47	1578
1445.02	1540
1445.57	1550
1446.13	1468
1446.68	1531
1447.23	1515
1447.78	1573
1448.33	1584
1448.88	1518
1449.44	1606
1449.99	1554
1450.54	1568
1451.09	1587
1451.64	1566
1452.19	1576
1452.74	1606
1453.29	1566
1453.85	1531
1454.4	1594
1454.95	1634
1455.5	1615
1456.05	1566
1456.6	1581
1457.15	1625
1457.7	1608
1458.25	1576
1458.8	1524
1459.35	1605
1459.9	1601
1460.45	1581
1461	1565
1461.55	1531
1462.1	1534
1462.65	1578
1463.2	1634
1463.75	1585
1464.3	1541
1464.85	1527
1465.4	1572
1465.95	1574
1466.5	1546
1467.05	1596
1467.6	1556
1468.15	1577
1468.7	1529
1469.25	1584
1469.8	1604
1470.35	1557
1470.9	1520
1471.45	1657
1472	1544
1472.55	1580
1473.1	1580
1473.64	1548
1474.19	1509
1474.74	1520
1475.29	1575
1475.84	1572
1476.39	1513
1476.94	1544
1477.49	1588
1478.03	1623
1478.58	1575
1479.13	1586
1479.68	1503
1480.23	1570
2799.9	1890.82
2800.36	1890.82
2800.82	1890.82
2801.28	1890.82
2801.74	1890.82
2802.2	1883.39
2802.66	1875.96
2803.12	1875.96
2803.58	1875.96
2804.04	1875.96
2804.5	1883.39
2804.96	1809
2805.42	1870
2805.88	1983
2806.34	1858
2806.8	1876
2807.26	1904
2807.71	1864
2808.17	1940
2808.63	1845
2809.09	1803
2809.55	1882
2810.01	1953
2810.47	1906
2810.93	1897
2811.39	1807
2811.85	1837
2812.31	1822
2812.77	1848
2813.23	1935
2813.69	1869
2814.14	1921
2814.6	1786
2815.06	1876
2815.52	1941
2815.98	1828
2816.44	1856
2816.9	1885
2817.36	1854
2817.81	1973
2818.27	1884
2818.73	1935
2819.19	1828
2819.65	1947
2820.11	1880
2820.57	1834
2821.02	1873
2821.48	1912
2821.94	1854
2822.4	1833
2822.86	1851
2823.31	1908
2823.77	1830
2824.23	1945
2824.69	1948
2825.15	1833
2825.61	1890
2826.06	1860
2826.52	1898
2826.98	1911
2827.44	1887
2827.9	1903
2828.35	1908
2828.81	1957
2829.27	1941
2829.72	1935
2830.18	1935
2830.64	1885
2831.1	1906
2831.56	1974
2832.01	1945
2832.47	1894
2832.93	1934
2833.38	1913
2833.84	2005
2834.3	1875
2834.76	1914
2835.21	1964
2835.67	1877
2836.13	1888
2836.58	1851
2837.04	1815
2837.5	1968
2837.95	1871
2838.41	1910
2838.87	1908
2839.33	1863
2839.78	1965
2840.24	1932
2840.69	1920
2841.15	1898
2841.61	1951
2842.06	2014
2842.52	1957
2842.98	1869
2843.43	1952
2843.89	1971
2844.35	1924
2844.8	2026
2845.26	1917
2845.71	2008
2846.17	1814
2846.63	1949
2847.08	1967
2847.54	1948
2847.99	1988
2848.45	1989
2848.91	1941
2849.36	2046
2849.82	1939
2850.27	1980
2850.73	1991
2851.18	2048
2851.64	2004
2852.09	1916
2852.55	2005
2853.01	2035
2853.46	2055
2853.92	2020
2854.37	2012
2854.83	1917
2855.28	2085
2855.74	1937
2856.19	2013
2856.65	2009
2857.1	2075
2857.56	2068
2858.01	2045
2858.47	1981
2858.92	1973
2859.38	2000
2859.83	2012
2860.29	2005
2860.74	2001
2861.2	2041
2861.65	2032
2862.11	2026
2862.56	2018
2863.02	2098
2863.47	2038
2863.92	1981
2864.38	2013
2864.83	1951
2865.29	1956
2865.74	1999
2866.2	1922
2866.65	1968
2867.1	2019
2867.56	1975
2868.01	2073
2868.47	1957
2868.92	1969
2869.38	1944
2869.83	2014
2870.28	1968
2870.74	2042
2871.19	2024
2871.64	2053
2872.1	1951
2872.55	2043
2873.01	2037
2873.46	1974
2873.91	2017
2874.37	2024
2874.82	2013
2875.27	2060
2875.73	2035
2876.18	2096
2876.63	2098
2877.09	2071
2877.54	2101
2877.99	2100
2878.44	2075
2878.9	2071
2879.35	2113
2879.8	2085
2880.26	2090
2880.71	2154
2881.16	2107
2881.62	2030
2882.07	2010
2882.52	2004
2882.97	2090
2883.43	2181
2883.88	2052
2884.33	2002
2884.79	2130
2885.24	2137
2885.69	2048
2886.14	2124
2886.59	2104
2887.05	2093
2887.5	2095
2887.95	2115
2888.4	2119
2888.86	2057
2889.31	2134
2889.76	2128
2890.21	2192
2890.66	2099
2891.12	2107
2891.57	2099
2892.02	2057
2892.47	2111
2892.92	2142
2893.38	2101
2893.83	2153
2894.28	2117
2894.73	2197
2895.18	2138
2895.63	2193
2896.09	2121
2896.54	2119
2896.99	2134
2897.44	2147
2897.89	2156
2898.34	2150
2898.79	2162
2899.24	2090
2899.7	2167
2900.15	2126
2900.6	2174
2901.05	2161
2901.5	2150
2901.95	2075
2902.4	2151
2902.85	2104
2903.3	2192
2903.75	2180
2904.21	2241
2904.66	2280
2905.11	2202
2905.56	2178
2906.01	2237
2906.46	2152
2906.91	2166
2907.36	2156
2907.81	2202
2908.26	2176
2908.71	2203
2909.16	2178
2909.61	2148
2910.06	2167
2910.51	2243
2910.96	2167
2911.41	2133
2911.86	2196
2912.31	2198
2912.76	2207
2913.21	2177
2913.66	2173
2914.11	2175
2914.56	2187
2915.01	2247
2915.46	2193
2915.91	2170
2916.36	2161
2916.81	2191
2917.26	2272
2917.71	2248
2918.16	2224
2918.61	2224
2919.06	2254
2919.51	2229
2919.96	2242
2920.41	2321
2920.85	2186
2921.3	2245
2921.75	2261
2922.2	2201
2922.65	2251
2923.1	2243
2923.55	2249
2924	2220
2924.45	2186
2924.9	2185
2925.34	2180
2925.79	2276
2926.24	2258
2926.69	2216
2927.14	2252
2927.59	2245
2928.04	2144
2928.49	2276
2928.93	2236
2929.38	2261
2929.83	2337
2930.28	2247
2930.73	2209
2931.18	2182
2931.62	2197
2932.07	2280
2932.52	2183
2932.97	2225
2933.42	2359
2933.86	2353
2934.31	2195
2934.76	2287
2935.21	2315
2935.66	2328
2936.1	2211
2936.55	2309
2937	2264
2937.45	2310
2937.9	2208
2938.34	2259
2938.79	2330
2939.24	2264
2939.69	2198
2940.13	2241
2940.58	2251
2941.03	2290
2941.48	2238
2941.92	2282
2942.37	2299
2942.82	2303
2943.26	2190
2943.71	2211
2944.16	2224
2944.61	2156
2945.05	2141
2945.5	2272
2945.95	2239
2946.39	2298
2946.84	2338
2947.29	2359
2947.74	2364
2948.18	2315
2948.63	2308
2949.07	2329
2949.52	2337
2949.97	2298
2950.41	2327
2950.86	2305
2951.31	2275
2951.75	2325
2952.2	2306
2952.65	2311
2953.09	2347
2953.54	2322
2953.98	2242
2954.43	2225
2954.88	2389
2955.32	2312
2955.77	2329
2956.22	2315
2956.66	2334
2957.11	2402
2957.55	2338
2958	2343
2958.44	2371
2958.89	2148
2959.34	2329
2959.78	2412
2960.23	2330
2960.67	2266
2961.12	2277
2961.56	2373
2962.01	2296
2962.46	2367
2962.9	2327
2963.35	2319
2963.79	2316
2964.24	2320
2964.68	2341
2965.13	2376
2965.57	2346
2966.02	2332
2966.46	2480
2966.91	2319
2967.35	2402
2967.8	2468
2968.24	2332
2968.69	2366
2969.13	2416
2969.58	2392
2970.02	2354
2970.47	2302
2970.91	2321
2971.36	2403
2971.8	2388
2972.24	2455
2972.69	2369
2973.13	2389
2973.58	2409
2974.02	2430
2974.47	2482
2974.91	2394
2975.36	2443
2975.8	2347
2976.24	2393
2976.69	2421
2977.13	2361
2977.58	2402
2978.02	2408
2978.46	2454
2978.91	2470
2979.35	2369
2979.8	2336
2980.24	2510
2980.68	2514
2981.13	2463
2981.57	2414
2982.01	2462
2982.46	2483
2982.9	2503
2983.34	2498
2983.79	2345
2984.23	2252
2984.67	2460
2985.12	2465
2985.56	2431
2986	2357
2986.45	2402
2986.89	2369
2987.33	2392
2987.78	2392
2988.22	2312
2988.66	2274
2989.11	2436
2989.55	2309
2989.99	2451
2990.44	2471
2990.88	2401
2991.32	2511
2991.76	2487
2992.21	2489
2992.65	2546
2993.09	2480
2993.53	2406
2993.98	2568
2994.42	2525
2994.86	2497
2995.3	2393
2995.75	2438
2996.19	2485
2996.63	2396
2997.07	2528
2997.52	2485
2997.96	2499
2998.4	2416
2998.84	2409
2999.28	2472
2999.73	2455
3000.17	2477
3000.61	2461
3001.05	2551
3001.49	2466
3001.94	2512
3002.38	2544
3002.82	2515
3003.26	2554
3003.7	2559
3004.14	2459
3004.59	2500
3005.03	2592
3005.47	2543
3005.91	2574
3006.35	2449
3006.79	2608
3007.23	2558
3007.67	2545
3008.12	2544
3008.56	2507
3009	2643
3009.44	2550
3009.88	2588
3010.32	2578.46
3010.76	2443.65
3011.2	2584.49
3011.64	2561.31
3012.09	2578.34
3012.53	2623.79
3012.97	2505.02
3013.41	2606.17
3013.85	2570.5
3014.29	2593.41
3014.73	2625.79
3015.17	2582.18
3015.61	2571.46
3016.05	2583.64
3016.49	2744.43
3016.93	2621.77
3017.37	2625.53
3017.81	2573.36
3018.25	2662.51
3018.69	2568.29
3019.13	2694.82
3019.57	2621.08
3020.01	2508.21
3020.45	2712.12
3020.89	2579.34
3021.33	2636.99
3021.77	2593.06
3022.21	2615.91
3022.65	2675.83
3023.09	2631.31
3023.53	2607.64
3023.97	2674.17
3024.41	2634.72
3024.85	2649.35
3025.29	2735.03
3025.73	2643.45
3026.17	2644.7
3026.61	2687.57
3027.05	2660.61
3027.49	2711.18
3027.93	2695.77
3028.37	2647.79
3028.81	2656.46
3029.25	2771.44
3029.69	2728.8
3030.12	2747.57
3030.56	2657.92
3031	2762.49
3031.44	2747.41
3031.88	2763.87
3032.32	2790.93
3032.76	2766.38
3033.2	2693.81
3033.64	2744.75
3034.08	2703.08
3034.51	2733.53
3034.95	2712.59
3035.39	2688.02
3035.83	2705.11
3036.27	2784.88
3036.71	2716.74
3037.15	2823.2
3037.59	2698.14
3038.02	2706.82
3038.46	2660.89
3038.9	2727.3
3039.34	2841
3039.78	2793.19
3040.22	2777.17
3040.65	2776.82
3041.09	3014.03
3041.53	2702.85
3041.97	2810.7
3042.41	2798.4
3042.84	2778.13
3043.28	2822.49
3043.72	2818.3
3044.16	2837.64
3044.6	2771.59
3045.03	2816.56
3045.47	2797.25
3045.91	2814.22
3046.35	2797.46
3046.79	2729.41
3047.22	2703.23
3047.66	2799.06
3048.1	2789.75
3048.53	2785.98
3048.97	2865.97
3049.41	2878.45
3049.85	2906.76
3050.28	2858.98
3050.72	2830.9
3051.16	2830.9
3051.6	2912.26
3052.03	2788.92
3052.47	2918.62
3052.91	2879.86
3053.34	2824.69
3053.78	2911.94
3054.22	2838.65
3054.65	2899.53
3055.09	2887.63
3055.53	2945.1
3055.97	2839.4
3056.4	2846.31
3056.84	2941.2
3057.28	2920.63
3057.71	2886.2
3058.15	2863.15
3058.59	2775.06
3059.02	2856.84
3059.46	2911.81
3059.9	3010.77
3060.33	3021.74
3060.77	2940.08
3061.2	2863.09
3061.64	2865
3062.08	2900.2
3062.51	2874.71
3062.95	2984.26
3063.39	2993.94
3063.82	2907.4
3064.26	2977.61
3064.69	2996.17
3065.13	2917.35
3065.57	2974.56
3066	2926.48
3066.44	2981.47
3066.87	2968.66
3067.31	2981
3067.74	3020.16
3068.18	2947.6
3068.62	2985.55
3069.05	3007.12
3069.49	3050.08
3069.92	2966.51
3070.36	3076.74
3070.79	2935.02
3071.23	2907.86
3071.66	3002.52
3072.1	2907.61
3072.54	2969.34
3072.97	3025
3073.4	2975.35
3073.84	3016.51
3074.28	2940.95
3074.71	2970.28
3075.15	2975.04
3075.58	2925.15
3076.02	2946.92
3076.45	2994.04
3076.89	2860.74
3077.32	2877.66
3077.75	2924.02
3078.19	2945.7
3078.62	3009.7
3079.06	3027.61
3079.49	3024.13
3079.93	3127.23
3080.36	3004.37
3080.8	3080.57
3081.23	2999
3081.67	3081.08
3082.1	3079.52
3082.53	3035.1
3082.97	3049.85
3083.4	3099.94
3083.84	3087.03
3084.27	3056.92
3084.71	3039.41
3085.14	3093.45
3085.57	3038.9
3086.01	3073.03
3086.44	3041.59
3086.88	3101.95
3087.31	3068.05
3087.74	3155.74
3088.18	3123.86
3088.61	3101.68
3089.04	3183.51
3089.48	3113.34
3089.91	3041.92
3090.35	3126.9
3090.78	3061.17
3091.21	3069.33
3091.65	3085.93
3092.08	3072.69
3092.51	3168.4
3092.95	3108.97
3093.38	3112.35
3093.81	3135.61
3094.25	3174.58
3094.68	3111.99
3095.11	3135.37
3095.55	3155.36
3095.98	3119.33
3096.41	3152.25
3096.85	3181.71
3097.28	3237.93
3097.71	3167.36
3098.14	3210.29
3098.58	3211.87
3099.01	3175.1
3099.44	3230.85
3099.88	3189.06
3100.31	3266.06
3100.74	3255.98
3101.17	3280.47
3101.61	3232.66
3102.04	3175.02
3102.47	3125.52
3102.9	3304.09
3103.34	3257.17
3103.77	3334.42
3104.2	3213.82
3104.63	3262.77
3105.06	3340.2
3105.5	3198.45
3105.93	3258.89
3106.36	3243.93
3106.79	3296.83
3107.23	3284.76
3107.66	3331.55
3108.09	3223.75
3108.52	3294.49
3108.95	3174.16
3109.38	3218.45
3109.82	3189.53
3110.25	3310.97
3110.68	3224.43
3111.11	3298.69
3111.54	3353.75
3111.98	3324.65
3112.41	3334.66
3112.84	3279.8
3113.27	3298.39
3113.7	3296.57
3114.13	3281.63
3114.56	3283.95
3115	3361.72
3115.43	3377.85
3115.86	3366.63
3116.29	3394.87
3116.72	3428.4
3117.15	3406.23
3117.58	3360.81
3118.01	3347.11
3118.44	3354.53
3118.88	3286.72
3119.31	3307.13
3119.74	3381.47
3120.17	3353.41
3120.6	3354.25
3121.03	3450.84
3121.46	3444.57
3121.89	3476.5
3122.32	3362.81
3122.75	3377.01
3123.18	3379.78
3123.61	3466.62
3124.05	3419.32
3124.48	3417.88
3124.91	3497.01
3125.34	3517.33
3125.77	3429.82
3126.2	3396.17
3126.63	3435.09
3127.06	3409.69
3127.49	3475.08
3127.92	3431.1
3128.35	3393.76
3128.78	3487.87
3129.21	3485.32
3129.64	3525.6
3130.07	3441.57
3130.5	3513.17
3130.93	3484.25
3131.36	3463.6
3131.79	3411.49
3132.22	3483.12
3132.65	3465.74
3133.08	3472.27
3133.51	3474.15
3133.93	3507.97
3134.36	3477.42
3134.79	3510.01
3135.22	3601.54
3135.65	3630.36
3136.08	3624.92
3136.51	3544.25
3136.94	3575.38
3137.37	3587.14
3137.8	3505.37
3138.23	3604.47
3138.66	3560.62
3139.09	3575.61
3139.52	3563.02
3139.95	3616.71
3140.37	3566.3
3140.8	3546.12
3141.23	3599.93
3141.66	3675.01
3142.09	3595.01
3142.52	3595.02
3142.95	3658.91
3143.38	3657.88
3143.8	3633.43
3144.23	3597.69
3144.66	3642.07
3145.09	3669.6
3145.52	3606.97
3145.95	3685.97
3146.38	3654.28
3146.8	3686.52
3147.23	3598.2
3147.66	3669.19
3148.09	3650.74
3148.52	3639.72
3148.94	3620.91
3149.37	3669.68
3149.8	3684.1
3150.23	3682.42
3150.66	3679.43
3151.08	3630.8
3151.51	3634.8
3151.94	3643.23
3152.37	3828
3152.8	3759.16
3153.22	3829.36
3153.65	3786.29
3154.08	3796
3154.51	3759.17
3154.93	3719.03
3155.36	3722.68
3155.79	3761.4
3156.22	3704.42
3156.65	3727.85
3157.07	3765.64
3157.5	3745.1
3157.93	3777.38
3158.35	3767.33
3158.78	3838.62
3159.21	3821.12
3159.64	3772.79
3160.06	3809.9
3160.49	3782.34
3160.92	3853.49
3161.34	3804.89
3161.77	3778.96
3162.2	3860.27
3162.62	3823.92
3163.05	3814.43
3163.48	3877.8
3163.91	3881.38
3164.33	3900.68
3164.76	3835.96
3165.19	3784.46
3165.61	3936.28
3166.04	3798.7
3166.46	3906.66
3166.89	3906.45
3167.32	3964.77
3167.74	3921.32
3168.17	3889.34
3168.6	3867.46
3169.02	3900.1
3169.45	3893.91
3169.88	4011.42
3170.3	3893.39
3170.73	3927.77
3171.15	3972.82
3171.58	3987.75
3172.01	3976.03
3172.43	3897.07
3172.86	3967.1
3173.28	3904.55
3173.71	4036.64
3174.14	4042.37
3174.56	3995.79
3174.99	4004.35
3175.41	3897.4
3175.84	3937.6
3176.26	3972.23
3176.69	3935.69
3177.11	3993.07
3177.54	4041.26
3177.97	4052.6
3178.39	4047.2
3178.82	4013.03
3179.24	4075.88
3179.67	3988.79
3180.09	4046.51
3180.52	4046
3180.94	4027.09
3181.37	4120.22
3181.79	4017.29
3182.22	4140.97
3182.64	4092.82
3183.07	4020.87
3183.49	4060.32
3183.92	4116.06
3184.34	4046.67
3184.77	4032.27
3185.19	4061.12
3185.62	4094.05
3186.04	4121.54
3186.47	4160.98
3186.89	4120.14
3187.32	4186.39
3187.74	4263.59
3188.16	4254.96
3188.59	4161.5
3189.01	4235.83
3189.44	4111.14
3189.86	4230.35
3190.29	4221.9
3190.71	4135.16
3191.14	4196.88
3191.56	4241.24
3191.98	4262.35
3192.41	4205.68
3192.83	4095.02
3193.26	4090.66
3193.68	4059.48
3194.1	4110.2
3194.53	4183.08
3194.95	4179
3195.38	4255.7
3195.8	4269.16
3196.22	4248.32
3196.65	4287.81
3197.07	4318.68
3197.49	4345.03
3197.92	4236.72
3198.34	4268.42
3198.77	4269.74
3199.19	4259.57
3199.61	4362.31
3200.03	4406.78
3200.46	4280.5
3200.88	4213.68
3201.31	4452.01
3201.73	4426.58
3202.15	4356.57
3202.57	4288.63
3203	4303.98
3203.42	4308.23
3203.84	4394.95
3204.27	4406.11
3204.69	4444.51
3205.11	4393.28
3205.54	4529.81
3205.96	4516.95
3206.38	4490.58
3206.8	4444.01
3207.23	4470.31
3207.65	4452.35
3208.07	4462.11
3208.5	4440.89
3208.92	4438.38
3209.34	4575.82
3209.76	4552.34
3210.18	4517.41
3210.61	4532.99
3211.03	4587.39
3211.45	4564.13
3211.87	4548.65
3212.3	4527.67
3212.72	4582.62
3213.14	4594.17
3213.56	4621.08
3213.99	4485.15
3214.41	4637.25
3214.83	4613.79
3215.25	4559.6
3215.67	4661.8
3216.1	4699.33
3216.52	4624.68
3216.94	4595.47
3217.36	4637.38
3217.78	4677.1
3218.2	4629.32
3218.63	4648.26
3219.05	4686.89
3219.47	4693.91
3219.89	4816.9
3220.31	4699.52
3220.73	4759.76
3221.15	4692.69
3221.58	4819.37
3222	4635.36
3222.42	4806.88
3222.84	4695.95
3223.26	4769.5
3223.68	4734.9
3224.1	4650.78
3224.52	4939.74
3224.95	4880.11
3225.37	4757.67
3225.79	4779.46
3226.21	4808.35
3226.63	4862.56
3227.05	4709.54
3227.47	4719.18
3227.89	4833.2
3228.31	4822.96
3228.73	4803.15
3229.15	4980.67
3229.58	5005.85
3230	4964.5
3230.42	4828.17
3230.84	5055.08
3231.26	4867.37
3231.68	4955.86
3232.1	4944.32
3232.52	4986.92
3232.94	4986.32
3233.36	4902.85
3233.78	5133.25
3234.2	4916.23
3234.62	5023.22
3235.04	4965.47
3235.46	4983.19
3235.88	5009.53
3236.3	4879.02
3236.72	4984.56
3237.14	4909.68
3237.56	4997.2
3237.98	4909.29
3238.4	4942.45
3238.82	4961.38
3239.24	5092.57
3239.66	4951.94
3240.08	5075.34
3240.5	4981.38
3240.92	4987.65
3241.34	5020.1
3241.76	4987.69
3242.18	5030.9
3242.6	5044.13
3243.01	5095.02
3243.43	5087.57
3243.85	5153.69
3244.27	5081.32
3244.69	5028.08
3245.11	4962.51
3245.53	5042.4
3245.95	5038.32
3246.37	4951.07
3246.72	5150.8
3247.15	5153.1
3247.58	5062.72
3248.01	5090.25
3248.43	5092.55
3248.86	5139.17
3249.29	5147.83
3249.72	5096.06
3250.15	5132.54
3250.57	5172.69
3251	5080.47
3251.43	5132.81
3251.85	5202.49
3252.28	5199.33
3252.71	5146.81
3253.14	5265.86
3253.56	5140.88
3253.99	5099.54
3254.42	5225.59
3254.85	5189.38
3255.27	5150.03
3255.7	5158.79
3256.13	5104.76
3256.55	5174.77
3256.98	5175.92
3257.41	5276.97
3257.84	5179.4
3258.26	5179.11
3258.69	5095.01
3259.11	5257.31
3259.54	5308.97
3259.97	5173.88
3260.4	5229.98
3260.82	5214.81
3261.25	5225.69
3261.68	5255.97
3262.1	5280.01
3262.53	5216.96
3262.95	5155.8
3263.38	5268.99
3263.81	5180.96
3264.23	5253.82
3264.66	5201.67
3265.09	5330.21
3265.51	5283.23
3265.94	5164.69
3266.37	5254.59
3266.79	5306.82
3267.22	5334.15
3267.64	5334.11
3268.07	5412.85
3268.5	5280.58
3268.92	5283.68
3269.35	5258.87
3269.77	5326.93
3270.2	5381.49
3270.62	5423.19
3271.05	5383.44
3271.47	5267.54
3271.9	5355
3272.33	5457.07
3272.75	5445.85
3273.18	5310.6
3273.6	5328.43
3274.03	5278.73
3274.45	5395.47
3274.88	5369.71
3275.3	5434.89
3275.73	5358.9
3276.15	5429.47
3276.58	5502.74
3277.01	5424.97
3277.43	5376.39
3277.86	5322.93
3278.28	5333.5
3278.71	5251
3279.13	5297.85
3279.56	5320.21
3279.98	5324.23
3280.41	5488.96
3280.83	5542.7
3281.25	5506.09
3281.68	5505.04
3282.1	5454.87
3282.53	5431.31
3282.95	5505.46
3283.38	5511.97
3283.8	5408.01
3284.23	5529.67
3284.65	5546.22
3285.08	5461.67
3285.5	5475.69
3285.92	5464.44
3286.35	5563.48
3286.77	5558.85
3287.2	5566.33
3287.62	5485.77
3288.05	5516.9
3288.47	5788.46
3288.89	5541.97
3289.32	5578.38
3289.74	5587.09
3290.17	5550.73
3290.59	5534.31
3291.01	5541.2
3291.44	5566.89
3291.86	5578.87
3292.28	5586.7
3292.71	5667.87
3293.13	5643.25
3293.56	5623.67
3293.98	5613.76
3294.4	5618.14
3294.83	5633.1
3295.25	5558.77
3295.67	5712.04
3296.1	5658.84
3296.52	5624.64
3296.94	5671.87
3297.37	5593.03
3297.79	5693.32
3298.21	5652.24
3298.64	5705.54
3299.06	5778.4
3299.48	5781.96
3299.91	5741.69
3300.33	5752.89
3300.75	5622.27
3301.18	5744.04
3301.6	5683.2
3302.02	5700.25
3302.44	5721.84
3302.87	5726.81
3303.29	5766.79
3303.71	5701.72
3304.13	5790.77
3304.56	5807.56
3304.98	5777.42
3305.4	5702.86
3305.83	5695.89
3306.25	5744.29
3306.67	5817.64
3307.09	5678.32
3307.52	5833.95
3307.94	5639.04
3308.36	5752.38
3308.78	5776.48
3309.2	5907.04
3309.63	5858.26
3310.05	5863.63
3310.47	5822.27
3310.89	5815.85
3311.32	5807.28
3311.74	5778.53
3312.16	5899.37
3312.58	5809.96
3313	5815.27
3313.43	5816.33
3313.85	5848.75
3314.27	5829.42
3314.69	5761.2
3315.11	5960.39
3315.53	5855.04
3315.96	5836.99
3316.38	5965.44
3316.8	5820.7
3317.22	5915.22
3317.64	5777.89
3318.06	5951.15
3318.48	6067.3
3318.91	5937.25
3319.33	5887.38
3319.75	5863.04
3320.17	5902.91
3320.59	5912.33
3321.01	5840.88
3321.43	5913.56
3321.85	5927.56
3322.28	5938.44
3322.7	6088.62
3323.12	5948.28
3323.54	6037.42
3323.96	5970.01
3324.38	6075.73
3324.8	6065.32
3325.22	6052.81
3325.64	6093.73
3326.06	6153.89
3326.48	6017.8
3326.9	6075.96
3327.33	6108.46
3327.75	6072.58
3328.17	6199.2
3328.59	6211.61
3329.01	6156.82
3329.43	6159
3329.85	5964.32
3330.27	6031.34
3330.69	6027.56
3331.11	6080.2
3331.53	6027.95
3331.95	6140.71
3332.37	6193.34
3332.79	6095.45
3333.21	6231.36
3333.63	6186.02
3334.05	6209.65
3334.47	6227.93
3334.89	6270.47
3335.31	6169.14
3335.73	6188.43
3336.15	6247.97
3336.57	6034.57
3336.99	6327.59
3337.41	6251.68
3337.83	6177.25
3338.25	6253.01
3338.67	6242.88
3339.09	6284.26
3339.51	6306.74
3339.93	6289.09
3340.35	6281.08
3340.76	6329.96
3341.18	6304.08
3341.6	6358.16
3342.02	6334.62
3342.44	6437
3342.86	6342.47
3343.28	6462.14
3343.7	6261.86
3344.12	6412.62
3344.54	6391.73
3344.96	6287.93
3345.37	6351.34
3345.79	6433.58
3346.21	6365.09
3346.63	6397.53
3347.05	6383.73
3347.47	6459.01
3347.89	6461.54
3348.31	6338.45
3348.73	6335.56
3349.14	6471.26
3349.56	6407.33
3349.98	6307.61
3350.4	6441.98
3350.82	6620.28
3351.24	6537.66
3351.65	6508.86
3352.07	6415.92
3352.49	6548.13
3352.91	6554.66
3353.33	6643.78
3353.75	6615.4
3354.16	6643.42
3354.58	6654.7
3355	6580.67
3355.42	6598.29
3355.84	6650.84
3356.25	6687.92
3356.67	6717.05
3357.09	6660.58
3357.51	6578.59
3357.93	6666.59
3358.34	6704.53
3358.76	6677.16
3359.18	6691.74
3359.6	6731.67
3360.01	6780.94
3360.43	6726.34
3360.85	6848.66
3361.27	6883.72
3361.69	6718.82
3362.1	6825.29
3362.52	6782.55
3362.94	6670.41
3363.35	6744.48
3363.77	6739.67
3364.19	6690.87
3364.61	6755.94
3365.02	6754.45
3365.44	6753.08
3365.86	6937.88
3366.27	6800.62
3366.69	6792.11
3367.11	6910.49
3367.53	6852.99
3367.94	6812.55
3368.36	6820.5
3368.78	6887.1
3369.19	6961.37
3369.61	6984.16
3370.03	7004.81
3370.44	7050.32
3370.86	7028.03
3371.28	7048.41
3371.69	7025.26
3372.11	7044.62
3372.52	6953.86
3372.94	7001.02
3373.36	6924.53
3373.78	6939.43
3374.19	7073.86
3374.61	7108.94
3375.02	6994.37
3375.44	7119.76
3375.86	7223.08
3376.27	7067.82
3376.69	7175.77
3377.1	7175.87
3377.52	7197.54
3377.94	7110
3378.35	7103.02
3378.77	7193.38
3379.19	7206.13
3379.6	7183.38
3380.02	7283.28
3380.43	7103.99
3380.85	7245.71
3381.26	7186.93
3381.68	7228.88
3382.09	6995.58
3382.51	7276.16
3382.93	7165
3383.34	7248.31
3383.76	7252.26
3384.17	7273.35
3384.59	7243.75
3385	7257.26
3385.42	7378.57
3385.83	7385.04
3386.25	7389.21
3386.66	7308.1
3387.08	7348.94
3387.49	7286.34
3387.91	7286.99
3388.32	7347.47
3388.74	7283.45
3389.15	7363.77
3389.57	7305.37
3389.98	7125.52
3390.4	7080.35
3390.81	7217.99
3391.23	7307.38
3391.64	7305.03
3392.06	7357.19
3392.47	7525.91
3392.89	7437.04
3393.3	7550.65
3393.72	7589.47
3394.13	7589.58
3394.55	7617.53
3394.96	7604.27
3395.37	7770.23
3395.79	7618.17
3396.2	7564.9
3396.62	7631.2
3397.03	7599.26
3397.45	7597.66
3397.86	7633.59
3398.27	7697.48
3398.69	7652.41
3399.1	7653.14
3399.52	7705.45
3399.93	7713.94
3400.34	7542.47
3400.76	7590.26
3401.17	7721.82
3401.59	7786.23
3402	7836.81
3402.41	7743.71
3402.83	7681.94
3403.24	7837.62
3403.65	7822.51
3404.07	7783.78
3404.48	7817.04
3404.89	7832.27
3405.31	7738.44
3405.72	7910.51
3406.14	7936.64
3406.55	7823.47
3406.96	7886.13
3407.38	7822.35
3407.79	7981.48
3408.2	7967.37
3408.62	8035.77
3409.03	7920.72
3409.44	7955.34
3409.85	7842.28
3410.27	8054.6
3410.68	7875.07
3411.09	7894.81
3411.51	8128.18
3411.92	8064.98
3412.33	8055.25
3412.75	8341.05
3413.16	7992.91
3413.57	8139.9
3413.98	8173.89
3414.4	8146.9
3414.81	8043.5
3415.22	8094.06
3415.63	8050.73
3416.05	8120.69
3416.46	8394.99
3416.87	8159.13
3417.28	8260.29
3417.7	8421.38
3418.11	8193.91
3418.52	8209.91
3418.93	8234.14
3419.35	8219.33
3419.76	8069.88
3420.17	8424.99
3420.58	8284.93
3420.99	8279.69
3421.41	8436.88
3421.82	8396.06
3422.23	8478.06
3422.64	8526.79
3423.05	8348.08
3423.47	8359.55
3423.88	8437.12
3424.29	8374.27
3424.7	8505.89
3425.11	8326.43
3425.52	8434.44
3425.94	8430.84
3426.35	8512.65
3426.76	8470.78
3427.17	8518.89
3427.58	8507.57
3427.99	8483.23
3428.4	8525.43
3428.81	8530.41
3429.23	8617.77
3429.64	8452.08
3430.05	8569.46
3430.46	8610.73
3430.87	8506.04
3431.28	8656.01
3431.69	8630.86
3432.1	8621.15
3432.52	8685.58
3432.93	8682.81
3433.34	8527
3433.75	8613.29
3434.16	8496.79
3434.57	8610.69
3434.98	8680.27
3435.39	8704.92
3435.8	8688.26
3436.21	8791.54
3436.62	8674.07
3437.03	8756
3437.45	8834.75
3437.86	8780.11
3438.27	8624.85
3438.68	8877.38
3439.09	8802.03
3439.5	8862.45
3439.91	8740.28
3440.32	8916.68
3440.73	8987.72
3441.14	9002.41
3441.55	8977.63
3441.96	8923.3
3442.37	8884.88
3442.78	8916.84
3443.19	8801.7
3443.6	8853.18
3444.01	8858.17
3444.42	8799.03
3444.83	9067.06
3445.24	9064.34
3445.65	9105.59
3446.06	9180.78
3446.47	9118.31
3446.88	9238.81
3447.29	9058.72
3447.7	9187.85
3448.11	9034.51
3448.52	9091.22
3448.93	9066.47
3449.33	9175.91
3449.74	9251.96
3450.15	9254
3450.56	9257.19
3450.97	9312.68
3451.38	9293.67
3451.79	9417
3452.2	9318.89
3452.61	9275.68
3453.02	9304.49
3453.43	9061.9
3453.84	9407.65
3454.25	9339.34
3454.65	9438.62
3455.06	9297.68
3455.47	9436.76
3455.88	9441.54
3456.29	9448.72
3456.7	9350.42
3457.11	9314.62
3457.52	9352.29
3457.93	9371.95
3458.33	9423.49
3458.74	9470.93
3459.15	9493.63
3459.56	9367.5
3459.97	9671.85
3460.38	9602.35
3460.78	9674.58
3461.19	9520.25
3461.6	9512.9
3462.01	9620.87
3462.42	9545.05
3462.83	9564.08
3463.24	9560.27
3463.64	9607.25
3464.05	9620.27
3464.46	9641.71
3464.87	9677.41
3465.27	9708.79
3465.68	9623.07
3466.09	9636.99
3466.5	9918.04
3466.91	9653.39
3467.31	9726.33
3467.72	9715.15
3468.13	9737
3468.54	9743.55
3468.95	9842.78
3469.35	9852.54
3469.76	9845.36
3470.17	9855.74
3470.58	9748.42
3470.98	9729.05
3471.39	9862.11
3471.8	9800.94
3472.2	9630.08
3472.61	9640.7
3473.02	9627.17
3473.43	9550.8
3473.83	9650.92
3474.24	9855.39
3474.65	9955.49
3475.06	9879.77
3475.46	10020.2
3475.87	10015.5
3476.28	10209.6
3476.68	9908.1
3477.09	9998.69
3477.5	9943.09
3477.9	9981.6
3478.31	10057
3478.72	10158.3
3479.12	10111.5
3479.53	10114
3479.94	10082.9
3480.34	10222.6
3480.75	10086.8
3481.16	10282.1
3481.56	10137.1
3481.97	10098.3
3482.38	10056.4
3482.78	10164.4
3483.19	10315.8
3483.6	10244.2
3484	10386
3484.41	10347.2
3484.81	10261.3
3485.22	10341.9
3485.63	10357.2
3486.03	10116.1
3486.44	10274.2
3486.85	10284.1
3487.25	10414
3487.66	10372.2
3488.06	10277.8
3488.47	10473.6
3488.88	10396.6
3489.28	10623.5
3489.69	10458
3490.09	10430.7
3490.5	10470.2
3490.9	10397
3491.31	10475.4
3491.72	10602.1
3492.12	10603.9
3492.53	10505.4
3492.93	10685.4
3493.34	10770
3493.74	10725.9
3494.15	10719.8
3494.55	10504.7
3494.96	10701.5
3495.36	10658.4
3495.77	10561.7
3496.17	10649.1
3496.58	10692.1
3496.98	10625.8
3497.39	10593.6
3497.79	10709.3
3498.2	10690.7
3498.6	10629.2
3499.01	10719.8
3499.41	10640.9
3499.82	10715.1
3500.22	10706.4
3500.63	10639.7
3501.03	10752.1
3501.44	10758.3
3501.84	10763.4
3502.25	10788.3
3502.65	11029.1
3503.06	10881.2
3503.46	10892.8
3503.86	10977.6
3504.27	10897.6
3504.67	10849.5
3505.08	10956.4
3505.48	10917
3505.89	10983.1
3506.29	10882
3506.69	10944.8
3507.1	11005.2
3507.5	10973.9
3507.91	11035.4
3508.31	11043.5
3508.72	11039.1
3509.12	11148.3
3509.52	11129.7
3509.93	11025.2
3510.33	10937.4
3510.74	11094.6
3511.14	11191.2
3511.54	11250.7
3511.95	11152.4
3512.35	11177.8
3512.75	11047.9
3513.16	11122
3513.56	10922
3513.96	11135.9
3514.37	11022.1
3514.77	11086.5
3515.17	11052.2
3515.58	11177.4
3515.98	11131.3
3516.38	11312.5
3516.79	11319.2
3517.19	11275.6
3517.59	11280.5
3518	11195.3
3518.4	11412.7
3518.8	11325.6
3519.21	11207.4
3519.61	11163.1
3520.01	11364
3520.42	11256
3520.82	11466.1
3521.22	11510.7
3521.62	11476.9
3522.03	11412.7
3522.43	11470.1
3522.83	11347.5
3523.23	11222.7
3523.64	11280.1
3524.04	11139.7
3524.44	11130.5
3524.84	11260.5
3525.25	11487.6
3525.65	11433.5
3526.05	11477.4
3526.45	11460.5
3526.86	11687.1
3527.26	11554.5
3527.66	11531.8
3528.06	11609.1
3528.47	11548.9
3528.87	11618.6
3529.27	11465.5
3529.67	11462.8
3530.07	11422.6
3530.48	11583.7
3530.88	11544.8
3531.28	11535
3531.68	11694.7
3532.08	11518.9
3532.49	11567.5
3532.89	11571
3533.29	11507.4
3533.69	11687.2
3534.09	11498.7
3534.5	11522.3
3534.9	11558.4
3535.3	11594.1
3535.7	11704
3536.1	11642.2
3536.5	11633
3536.9	11663.4
3537.3	11606
3537.71	11705.7
3538.11	11517.4
3538.51	11435.6
3538.91	11570.2
3539.31	11483.3
3539.71	11598.4
3540.11	11482.8
3540.51	11676.9
3540.92	11694.4
3541.32	11531.9
3541.72	11481.4
3542.12	11654.5
3542.52	11498.7
3542.92	11471.7
3543.32	11579.4
3543.72	11729
3544.12	11709.6
3544.52	11867.3
3544.92	11817.9
3545.32	11720.6
3545.72	11843
3546.12	11868.7
3546.53	11648.5
3546.93	11735.3
3547.33	11642.2
3547.73	11722.5
3548.13	11633.6
3548.53	11653
3548.93	11842.8
3549.33	11947.8
3549.73	11780.7
3550.13	11790.9
3550.53	11654.7
3550.93	11673.1
3551.33	11726.8
3551.73	11619.4
3552.13	11708.1
3552.53	11848.5
3552.93	11769.4
3553.33	11740.5
3553.73	11788.7
3554.13	11773.2
3554.53	11564.6
3554.93	11767.4
3555.33	11723.1
3555.73	11734.4
3556.13	11696.5
3556.53	11564.9
3556.93	11527
3557.33	11515
3557.73	11636.6
3558.12	11779.1
3558.52	11730.1
3558.92	11895.4
3559.32	11747.1
3559.72	11856.9
3560.12	11754.2
3560.52	11613.2
3560.92	11813.5
3561.32	11677.6
3561.72	11564.9
3562.12	11708.7
3562.52	11659.8
3562.92	11811.3
3563.31	11683.3
3563.71	11667.2
3564.11	11686.7
3564.51	11735.8
3564.91	11666.5
3565.31	11754.7
3565.71	11623.1
3566.11	11498.6
3566.51	11554.5
3566.9	11735.5
3567.3	11585.5
3567.7	11554.9
3568.1	11639.8
3568.5	11677.2
3568.9	11598.4
3569.29	11679.4
3569.69	11628.5
3570.09	11640.9
3570.49	11556.5
3570.89	11538.6
3571.29	11397.6
3571.68	11521.5
3572.08	11459.6
3572.48	11416.5
3572.88	11579.7
3573.28	11405.1
3573.67	11550.1
3574.07	11405.3
3574.47	11476.3
3574.87	11338.6
3575.27	11500.1
3575.66	11325.3
3576.06	11360.3
3576.46	11399.7
3576.86	11370.6
3577.25	11428.5
3577.65	11455
3578.05	11420.4
3578.45	11395.5
3578.84	11548.1
3579.24	11400.2
3579.64	11260.3
3580.04	11271.8
3580.43	11207.6
3580.83	10979.6
3581.23	10801.3
3581.63	10753.8
3582.02	10776.9
3582.42	10976.6
3582.82	11218.8
3583.22	11160.3
3583.61	11091.7
3584.01	11364.4
3584.41	11265.9
3584.8	11017.5
3585.2	11249.6
3585.6	11291.4
3585.99	11172.6
3586.39	11067
3586.79	11153.4
3587.19	11295.4
3587.58	11270.9
3587.98	11236.1
3588.37	11259.9
3588.77	11025.4
3589.17	11021.1
3589.56	10847.1
3589.96	11091.2
3590.36	11053.1
3590.75	11118.2
3591.15	10963.6
3591.55	11025.7
3591.94	11073.5
3592.34	10999.9
3592.74	10965
3593.13	10990.2
3593.53	11052
3593.92	10874.1
3594.32	10853
3594.72	10794.6
3595.11	10662.4
3595.51	10821.7
3595.9	10790.5
3596.3	10663.3
3596.7	10914.9
3597.09	10835.4
3597.49	11048.5
3597.88	10689.3
3598.28	10802.9
3598.67	10650.9
3599.07	10574.5
3599.47	10742.3
3599.86	10550.2
3600.26	10724.8
3600.65	10586.3
3601.05	10776.6
3601.44	10823.5
3601.84	10691
3602.23	10663.6
3602.63	10557.9
3603.02	10400.6
3603.42	10446.7
3603.82	10433.5
3604.21	10326.9
3604.6	10331.3
3605	10256.9
3605.4	10370.3
3605.79	10507.8
3606.18	10415.9
3606.58	10544.2
3606.98	10440.5
3607.37	10436.6
3607.76	10344.1
3608.16	10195.8
3608.55	10257.6
3608.95	10273.3
3609.34	10185.9
3609.74	10549.4
3610.13	10434.7
3610.53	10256
3610.92	10371.9
3611.32	10295.4
3611.71	10228
3612.11	10276.1
3612.5	10186.9
3612.89	10239.8
3613.29	10093.3
3613.68	10059
3614.08	10043.9
3614.47	10058.8
3614.87	10063.4
3615.26	9943.56
3615.65	10046
3616.05	10037.5
3616.44	9952.6
3616.84	9949.97
3617.23	10056.4
3617.62	9855.14
3618.02	9697.51
3618.41	9838.34
3618.8	9817.49
3619.2	9816.29
3619.59	9970.01
3619.99	9864.58
3620.38	9802.36
3620.77	9840.76
3621.17	9852.38
3621.56	9764.03
3621.95	9582.81
3622.35	9379.92
3622.74	9598.29
3623.14	9586.91
3623.53	9687.69
3623.92	9533.2
3624.31	9514.12
3624.71	9428.79
3625.1	9489.73
3625.49	9626.59
3625.89	9596.34
3626.28	9400.34
3626.67	9387.52
3627.07	9354.04
3627.46	9353.84
3627.85	9065.79
3628.25	9366.2
3628.64	9384.2
3629.03	9227.78
3629.42	9242.04
3629.82	9289.7
3630.21	9153.99
3630.6	9108.45
3631	9088.88
3631.39	8936.89
3631.78	9123.75
3631.82	9088.53
3632.22	8921.4
3632.62	8872.05
3633.01	8878.19
3633.41	8858.83
3633.81	8978.3
3634.21	8871.68
3634.6	8831.82
3635	8824.79
3635.4	8912.25
3635.79	8631.51
3636.19	8846.57
3636.59	8911.15
3636.98	8608.22
3637.38	8514.64
3637.78	8645.3
3638.17	8475.3
3638.57	8433.12
3638.97	8583.94
3639.36	8644.81
3639.76	8473.93
3640.15	8397.08
3640.55	8363.89
3640.95	8273.26
3641.34	8426.58
3641.74	8291.95
3642.14	8254.16
3642.53	8189.03
3642.93	8273.79
3643.32	8158.93
3643.72	8072.97
3644.12	8105.9
3644.51	8062.25
3644.91	8043.67
3645.3	8076.3
3645.7	8079.37
3646.1	7935.63
3646.49	7815.25
3646.89	7856.79
3647.28	7940.24
3647.68	7889.98
3648.08	7755.27
3648.47	7758.9
3648.87	7772.72
3649.26	7761.48
3649.66	7665.63
3650.05	7657.94
3650.45	7605.27
3650.84	7552.7
3651.24	7635.47
3651.63	7440.96
3652.03	7414.93
3652.42	7289.1
3652.82	7422
3653.22	7325.14
3653.61	7353.33
3654	7359.85
3654.4	7261.05
3654.79	7132.8
3655.19	7077.24
3655.58	7132.29
3655.98	7152.12
3656.38	6976.6
3656.77	7108.68
3657.16	7057.61
3657.56	6992.77
3657.95	6965.1
3658.35	6938.92
3658.74	6892.99
3659.14	6671.6
3659.53	6683.32
3659.93	6726.12
3660.32	6692.66
3660.72	6520.69
3661.11	6500.67
3661.5	6557.4
3661.9	6514.71
3662.29	6523.09
3662.69	6545.77
3663.08	6416.74
3663.48	6530.84
3663.87	6535.94
3664.26	6565.46
3664.66	6348.1
3665.05	6389.01
3665.45	6330.31
3665.84	6320.17
3666.23	6338.37
3666.63	6287.86
3667.02	6191.49
3667.42	6305.67
3667.81	6237.57
3668.2	6165.92
3668.6	6205.76
3668.99	6012.78
3669.39	5996.15
3669.78	6104.09
3670.17	6053.77
3670.57	6013.9
3670.96	6086.64
3671.35	5873.43
3671.75	5930.31
3672.14	5897.27
3672.53	5856.51
3672.93	5920.78
3673.32	5845.14
3673.71	5747.86
3674.11	5753.54
3674.5	5652.59
3674.89	5718.98
3675.29	5591.3
3675.68	5640.67
3676.07	5746.83
3676.47	5537.38
3676.86	5576.37
3677.25	5539.89
3677.64	5610.42
3678.04	5553.58
3678.43	5377.36
3678.82	5407.89
3679.21	5423.57
3679.61	5294.14
3680	5454.83
3680.39	5305.21
3680.79	5329.71
3681.18	5414.11
3681.57	5490.74
3681.96	5322.53
3682.36	5295.45
3682.75	5293
3683.14	5122.94
3683.53	5182.2
3683.93	5133.2
3684.32	5161.02
3684.71	5181.15
3685.1	5108.62
3685.49	5123.12
3685.89	5114.33
3686.28	5050.83
3686.67	5063.19
3687.06	5036.98
3687.45	4976.4
3687.85	5025.28
3688.24	4930.46
3688.63	4845.46
3689.02	4956.34
3689.41	4873.53
3689.81	4910.43
3690.2	4859.48
3690.59	4953.2
3690.98	4897.96
3691.37	4979.3
3691.77	4882.35
3692.16	4835.99
3692.55	4947.94
3692.94	4867.41
3693.33	4850
3693.72	4739.28
3694.11	4835.51
3694.5	4742.99
3694.9	4747.61
3695.29	4612.75
3695.68	4760.06
3696.07	4639.62
3696.46	4759.4
3696.85	4710.07
3697.24	4735.46
3697.63	4678.72
3698.03	4629.7
3698.42	4590.38
3698.81	4615.69
3699.2	4507.88
3699.59	4567.73
3699.98	4541.61
3700.37	4613.85
3700.76	4537.93
3701.15	4621.16
3701.54	4571.58
3701.93	4666.11
3702.33	4488.89
3702.72	4484.2
3703.11	4394.25
3703.5	4454.36
3703.89	4510.38
3704.28	4492.57
3704.67	4465.98
3705.06	4519.47
3705.45	4479.76
3705.84	4522.01
3706.23	4592.6
3706.62	4472.6
3707.01	4447.96
3707.4	4468.39
3707.79	4364.25
3708.18	4343.84
3708.57	4358.13
3708.96	4448
3709.35	4370.54
3709.74	4353.99
3710.13	4361.11
3710.52	4349
3710.91	4359.12
3711.3	4369.5
3711.69	4296.33
3712.08	4313.65
3712.47	4243.48
3712.86	4303.32
3713.25	4334.31
3713.64	4214.56
3714.03	4321.44
3714.42	4278.38
3714.81	4371.15
3715.2	4351.91
3715.59	4436.11
3715.98	4312.82
3716.37	4344.92
3716.75	4341.61
3717.14	4304.91
3717.53	4214.14
3717.92	4259.22
3718.31	4299.17
3718.7	4207.6
3719.09	4202.77
3719.48	4276.02
3719.87	4220.19
3720.26	4323.75
3720.65	4366.9
3721.03	4210.35
3721.42	4265.35
3721.81	4242.6
3722.2	4189.27
3722.59	4274.61
3722.98	4240.48
3723.37	4214.87
3723.76	4286.79
3724.15	4331.17
3724.53	4276.13
3724.92	4118.97
3725.31	4176.43
3725.7	4214.64
3726.09	4247.31
3726.48	4179.43
3726.86	4202.75
3727.25	4113.46
3727.64	4043.81
3728.03	4125.4
3728.42	4125.38
3728.81	4180.78
3729.19	4243.46
3729.58	4191.59
3729.97	4186.99
3730.36	4257.24
3730.75	4249.79
3731.13	4202.87
3731.52	4197.8
3731.91	4165.85
3732.3	4152.1
3732.69	4101.38
3733.07	4175.1
3733.46	4140
3733.85	4278.74
3734.24	4181.24
3734.62	4292.47
3735.01	4164.54
3735.4	4207.11
3735.79	4260.1
3736.17	4113.61
3736.56	4104.98
3736.95	4036.56
3737.34	4075.2
3737.73	4173.57
3738.11	4111.81
3738.5	4226.75
3738.89	4193.64
3739.27	4201.5
3739.66	4021.24
3740.05	4227.11
3740.44	4178.31
3740.82	4057.19
3741.21	4087.11
3741.6	4116.77
3741.98	4089.59
3742.37	4170.18
3742.76	4093.32
3743.15	4174.58
3743.53	4157.88
3743.92	4182.57
3744.31	4152.73
3744.69	4086.03
3745.08	4144.22
3745.47	4204.7
3745.85	4111.6
3746.24	4111.6
3746.63	4209.95
3747.01	4136.73
3747.4	4204.11
3747.78	4203.83
3748.17	4172.23
3748.56	4143.83
3748.94	4185.52
3749.33	4159.98
3749.72	4159.33
3750.1	4132.43
3750.49	4105.32
3750.88	4107.41
3751.26	4166.88
3751.65	4090.7
3752.03	4106.38
3752.42	4138.34
3752.81	4125.79
3753.19	4175.36
3753.58	4167.03
3753.96	4116.68
3754.35	4155.14
3754.73	4122.16
3755.12	4108.49
3755.51	4115.83
3755.89	4039.33
3756.28	4137.91
3756.66	4123.29
3757.05	4161.48
3757.43	4137.68
3757.82	4091.7
3758.21	4200.79
3758.59	4134.61
3758.98	4152.61
3759.36	4151.48
3759.75	4079.04
3760.13	4082.77
3760.52	4117.71
3760.9	4131.83
3761.29	4114.57
3761.67	4187.25
3762.06	4247.23
3762.44	4167.38
3762.83	4207.52
3763.21	4167.06
3763.6	4078.24
3763.98	4131.85
3764.37	4152.68
3764.75	4087.31
3765.14	4123.7
3765.52	4095.8
3765.91	4086.93
3766.29	4029.27
3766.68	4001.01
3767.06	3942.3
3767.45	4034.27
3767.83	4035.99
3768.22	4162.56
3768.6	4307.93
3768.99	4160.99
3769.37	4064.78
3769.75	4163.24
3770.14	4167.25
3770.52	4118.75
3770.91	4135.34
3771.29	4165.26
3771.68	4183.45
3772.06	4283.29
3772.44	4252.91
3772.83	4185.33
3773.21	4185.98
3773.6	4230.61
3773.98	4135.6
3774.36	4223.14
3774.75	4106.78
3775.13	4132.76
3775.52	4119.29
3775.9	4240.36
3776.29	4131.21
3776.67	4147.62
3777.05	4163.03
3777.44	4256.71
3777.82	4164.67
3778.2	4111.77
3778.59	4198.12
3778.97	4122.31
3779.35	4125.16
3779.74	4097.35
3780.12	4167.18
3780.5	4202.2
3780.89	4268.9
3781.27	4224.86
3781.65	4215.64
3782.04	4365.56
3782.42	4198.39
3782.8	4518.27
3783.19	4166.64
3783.57	4225.61
3783.95	4204.76
3784.34	4251.63
3784.72	3957.59
3785.1	4288.93
3785.49	4082.26
3785.87	4382.78
3786.25	4168.19
3786.63	4240.35
3787.02	4240.11
3787.4	4235.13
3787.78	4150.46
3788.17	4096.31
3788.55	4190.46
3788.93	4209.18
3789.31	4221.7
3789.7	4234.39
3790.08	4259.75
3790.46	4246.79
3790.84	4348.66
3791.23	4168.88
3791.61	4291.81
3791.99	4219.7
3792.37	4282.97
3792.76	4237.17
3793.14	4137.89
3793.52	4163.2
3793.9	4276.15
3794.28	4260.28
3794.67	4245.65
3795.05	4252.14
3795.43	4198.09
3795.81	4271.98
3796.19	4309.94
3796.58	4209.21
3796.96	4273.74
3797.34	4314.99
3797.72	4204.38
3798.1	4301.87
3798.49	4296.31
3798.87	4196.53
3799.25	4224.6
3799.63	4217.1
3800.01	4316.55
3800.39	4198.29
3800.78	4283.34
3801.16	4419.41
3801.54	4323.02
3801.92	4262.93
3802.3	4377.07
3802.68	4271.39
3803.07	4156.19
3803.45	4238.07
3803.83	4207.24
3804.21	4318.46
3804.59	4271.66
3804.97	4345.34
3805.35	4291.54
3805.73	4370.1
3806.11	4258.58
3806.5	4316.42
3806.88	4178.97
3807.26	4149.12
3807.64	4255.04
3808.02	4230.37
3808.4	4186.27
3808.78	4268.72
3809.16	4374.25
3809.54	4283.71
3809.92	4330.74
3810.3	4343.79
3810.68	4326.12
3811.06	4340.52
3811.45	4316
3811.83	4204.42
3812.21	4368.08
3812.59	4282.27
3812.97	4314.33
3813.35	4156.02
3813.73	4249.03
3814.11	4350.44
3814.49	4352.9
3814.87	4328.72
3815.25	4260.6
3815.49	4272.7
3815.88	4233.71
3816.26	4288.89
3816.64	4246.52
3817.03	4311.26
3817.41	4196.25
3817.8	4274.16
3818.18	4202.37
3818.57	4422.47
3818.95	4352.71
3819.34	4325.74
3819.72	4345.33
3820.1	4347.84
3820.49	4251.55
3820.87	4351.04
3821.26	4394.3
3821.64	4293.39
3822.02	4284.96
3822.41	4335.37
3822.79	4284.21
3823.18	4350.1
3823.56	4297.26
3823.94	4329.64
3824.33	4382.47
3824.71	4354.65
3825.1	4325.97
3825.48	4344.09
3825.86	4311.49
3826.25	4273.13
3826.63	4333.43
3827.01	4316.85
3827.4	4329.3
3827.78	4428.41
3828.17	4347.86
3828.55	4355.36
3828.93	4392.85
3829.31	4454.69
3829.7	4362.9
3830.08	4332.67
3830.46	4332.15
3830.85	4271.59
3831.23	4395.24
3831.62	4394.68
3832	4349.14
3832.38	4377.37
3832.76	4434.21
3833.15	4488.94
3833.53	4420.94
3833.91	4496.06
3834.3	4436.94
3834.68	4382.89
3835.06	4358.18
3835.45	4324.49
3835.83	4453.95
3836.21	4380.15
3836.59	4388.27
3836.97	4391.87
3837.36	4407.01
3837.74	4413.99
3838.12	4468.75
3838.51	4418.27
3838.89	4387.65
3839.27	4322.17
3839.65	4364.76
3840.04	4333.54
3840.42	4386.95
3840.8	4387.74
3841.18	4372.56
3841.57	4392.97
3841.95	4374.43
3842.33	4383.96
3842.71	4352.59
3843.09	4473.88
3843.48	4393.35
3843.86	4282.89
3844.24	4245.66
3844.62	4358.14
3845	4260.67
3845.39	4352.86
3845.77	4379.93
3846.15	4386.76
3846.53	4322.31
3846.91	4486.97
3847.29	4485.74
3847.68	4461.4
3848.06	4465.73
3848.44	4518.38
3848.82	4480.41
3849.2	4483.94
3849.59	4460.61
3849.97	4438.88
3850.35	4358.93
3850.73	4397.98
3851.11	4413.41
3851.49	4417.37
3851.87	4528.91
3852.26	4521.55
3852.64	4446.15
3853.02	4491.8
3853.4	4360.97
3853.78	4488.84
3854.16	4418.92
3854.54	4410.34
3854.92	4318.16
3855.3	4523.8
3855.69	4471.53
3856.07	4476.73
3856.45	4468.25
3856.83	4496.4
3857.21	4491.18
3857.59	4497
3857.97	4539.05
3858.35	4392.4
3858.73	4443.76
3859.11	4467.24
3859.49	4443.68
3859.87	4519.03
3860.25	4529.96
3860.64	4388.11
3861.02	4429.21
3861.4	4442.65
3861.78	4469.27
3862.16	4429.85
3862.54	4491.35
3862.92	4516.06
3863.3	4486.22
3863.68	4465.25
3864.06	4489.97
3864.44	4488.16
3864.82	4409.37
3865.2	4583.29
3865.58	4474.94
3865.96	4540.51
3866.34	4511.28
3866.72	4544.32
3867.1	4550.29
3867.48	4483.46
3867.86	4488.18
3868.24	4513.98
3868.62	4466.17
3869	4450.59
3869.38	4457.82
3869.76	4456.87
3870.14	4532.49
3870.52	4512.93
3870.9	4552.54
3871.28	4541.51
3871.66	4429.33
3872.04	4543.51
3872.41	4562.34
3872.79	4558.11
3873.17	4449.15
3873.55	4542.35
3873.93	4482.83
3874.31	4644.8
3874.69	4542.02
3875.07	4526.15
3875.45	4576.58
3875.83	4625
3876.21	4536.69
3876.59	4580.32
3876.97	4607.1
3877.34	4593.48
3877.72	4561.43
3878.1	4559.59
3878.48	4491.36
3878.86	4476.05
3879.24	4631.91
3879.62	4604.86
3880	4567.82
3880.37	4596.34
3880.75	4554.06
3881.13	4626.24
3881.51	4580.53
3881.89	4547.82
3882.27	4563.15
3882.65	4460.51
3883.02	4538.03
3883.4	4550.28
3883.78	4569.55
3884.16	4613.67
3884.54	4502.8
3884.92	4630.91
3885.3	4667.19
3885.67	4620.12
3886.05	4591.12
3886.43	4558.8
3886.81	4523.16
3887.19	4546.88
3887.56	4612.11
3887.94	4552.58
3888.32	4576.97
3888.7	4623.6
3889.08	4587.53
3889.45	4693.04
3889.83	4526.26
3890.21	4723.27
3890.59	4573.99
3890.97	4581.09
3891.34	4531.3
3891.72	4652.61
3892.1	4571.26
3892.48	4625.13
3892.85	4537.34
3893.23	4681.56
3893.61	4608.84
3893.99	4673.31
3894.36	4695.65
3894.74	4582.99
3895.12	4686.28
3895.5	4792.65
3895.87	4588.32
3896.25	4705.27
3896.63	4711.01
3897.01	4579.4
3897.38	4565.91
3897.76	4668.83
3898.14	4721.22
3898.51	4687.03
3898.89	4638.27
3899.27	4605.7
3899.64	4643.12
3900.02	4698.19
3900.4	4689.17
3900.78	4674
3901.15	4645.46
3901.53	4614.58
3901.91	4688.5
3902.28	4591.48
3902.66	4704.78
3903.04	4612.91
3903.41	4784.63
3903.79	4692.18
3904.17	4663.94
3904.54	4737.38
3904.92	4622.73
3905.29	4643.25
3905.67	4612.46
3906.05	4587.83
3906.42	4658.95
3906.8	4559.03
3907.18	4527.51
3907.55	4631.62
3907.93	4595.08
3908.31	4638.76
3908.68	4602.47
3909.06	4730.03
3909.43	4644.62
3909.81	4739.56
3910.19	4697.28
3910.56	4646.21
3910.94	4629.86
3911.31	4622
3911.69	4650.68
3912.06	4717.69
3912.44	4716.2
3912.82	4716.33
3913.19	4722.02
3913.57	4742.16
3913.94	4745.28
3914.32	4867.96
3914.7	4766.57
3915.07	4772.87
3915.45	4719.22
3915.82	4709.5
3916.2	4743.83
3916.57	4650.91
3916.95	4779.97
3917.32	4746.26
3917.7	4751.53
3918.07	4729.59
3918.45	4708.02
3918.82	4786.27
3919.2	4828.07
3919.57	4741.93
3919.95	4809.33
3920.32	4659.76
3920.7	4837.12
3921.07	4749.33
3921.45	4732.63
3921.82	4766.52
3922.2	4738.38
3922.57	4640.71
3922.95	4683.33
3923.32	4846.94
3923.7	4874.67
3924.07	4805.08
3924.45	4761.73
3924.82	4790.59
3925.2	4731.29
3925.57	4825.92
3925.95	4821.45
3926.32	4729.56
3926.69	4667.82
3927.07	4770.52
3927.45	4759.71
3927.82	4824.03
3928.19	4895.33
3928.57	4778.64
3928.94	4763.62
3929.32	4773.4
3929.69	4768.06
3930.06	4759.99
3930.44	4628.95
3930.81	4783.32
3931.19	4800.9
3931.56	4818.88
3931.94	4908.82
3932.31	4860.93
3932.68	4946.26
3933.06	4844.23
3933.43	4823.8
3933.8	4877.11
3934.18	4713.05
3934.55	4834.48
3934.93	4731.8
3935.3	4782.9
3935.67	4872.84
3936.05	4834.82
3936.42	4872.35
3936.79	4782.41
3937.17	4845.43
3937.54	4741.85
3937.91	4972.84
3938.29	4887.54
3938.66	4942.37
3939.03	4756.84
3939.41	4806.98
3939.78	4827.28
3940.15	4866.22
3940.53	4832.18
3940.9	4849.99
3941.27	4804.68
3941.65	4973.18
3942.02	4855.29
3942.39	5013.55
3942.77	4874.05
3943.14	4935.77
3943.51	4892.62
3943.88	4748.27
3944.26	4865.08
3944.63	4857.65
3945	4825.59
3945.38	4735.14
3945.75	4702.7
3946.12	4718.58
3946.49	4714.35
3946.87	4700.83
3947.24	4758.61
3947.61	4863.06
3947.98	4874.15
3948.36	4900.43
3948.73	4902.76
3949.1	4866.13
3949.47	4897.26
3949.85	4796.43
3950.22	4914.28
3950.59	4894.62
3950.96	4859.05
3951.34	4907.63
3951.71	4851.43
3952.08	4946.25
3952.45	4997.83
3952.82	4892.56
3953.2	4956.3
3953.57	4824.73
3953.94	4790.19
3954.31	4875.96
3954.68	4850.66
3955.06	4904.96
3955.43	4872.34
3955.8	4948.02
3956.17	4834.81
3956.54	4826.06
3956.91	5035.53
3957.29	4980.83
3957.66	4822.58
3958.03	4911.58
3958.4	4854.88
3958.77	4970
3959.14	4916.92
3959.52	4952.36
3959.89	4925.65
3960.26	4985.29
3960.63	4990.09
3961	4948.12
3961.37	5015.31
3961.74	4955.35
3962.12	5073.92
3962.49	4930.64
3962.86	4900.38
3963.23	4983.04
3963.6	4863.06
3963.97	4842.66
3964.34	5003.74
3964.71	4939.53
3965.08	5032.99
3965.45	4951.46
3965.82	5093.64
3966.2	5039.22
3966.57	4991.94
3966.94	4994.96
3967.31	4862.31
3967.68	4979.11
3968.05	4861.71
3968.42	4943.12
3968.79	4945.33
3969.16	4978.16
3969.53	4953.22
3969.9	5081.48
3970.27	5182.08
3970.64	4926.31
3971.01	5029.18
3971.38	4995.76
3971.75	5044.83
3972.12	5121.16
3972.49	4905.47
3972.87	5038.96
3973.23	4943.72
3973.61	4951.17
3973.98	5036.16
3974.34	4944.97
3974.72	5022.7
3975.09	5076.82
3975.46	5052.9
3975.83	5066.51
3976.19	5164.4
3976.57	5168.92
3976.94	5112.27
3977.3	5054.38
3977.68	5044.44
3978.04	5029.91
3978.41	5031.8
3978.78	5044.79
3979.15	4960.48
3979.52	5086.13
3979.89	5145.51
3980.26	5090.23
3980.63	5053.33
3981	5160.76
3981.37	5006.39
3981.74	5027.89
3982.11	4993.73
3982.48	5063.84
3982.85	5019.85
3983.22	5043.63
3983.59	5121.94
3983.96	4982.73
3984.33	5135.24
3984.69	5069.38
3985.06	5112.43
3985.43	5047.71
3985.8	5097.91
3986.17	5071.19
3986.54	4974.92
3986.91	5025.7
3987.28	5006.93
3987.65	5125.92
3988.02	5069.14
3988.38	5004.25
3988.75	5122.2
3989.12	5104.87
3989.49	5291.71
3989.86	5144.27
3990.23	5104.33
3990.6	5266.62
3990.96	5053.09
3991.33	5017.41
3991.7	5066.48
3992.07	5148.38
3992.44	5083.29
3992.81	5141.5
3993.17	5123
3993.38	5109
3993.75	5119
3994.12	5199
3994.49	5190
3994.87	5121
3995.24	5191
3995.61	5093
3995.98	5354
3996.36	5119
3996.73	5070
3997.1	5026
3997.47	5109
3997.85	5089
3998.22	5167
3998.59	5278
3998.96	5251
3999.33	5194
3999.71	5240
4000.08	5084
