14.9578	1140
15.6345	1300
16.3112	1437
16.9878	1534
17.6644	1655
18.341	1832
19.0175	1984
19.6939	1989
20.3726	2195
21.049	2198
21.7253	2277
22.4015	2232
23.0778	2246
23.7539	2397
24.4301	2296
25.1061	2303
25.7822	2379
26.4581	2379
27.1341	2494
27.81	2530
28.4858	2608
29.1616	2629
29.8373	2689
30.513	2731
31.1887	2897
31.8643	2871
32.5398	3081
33.2131	3004
33.8885	3130
34.5639	3036
35.2393	3086
35.9146	3207
36.5899	3199
37.2651	3254
37.9403	3418
38.6155	3528
39.2882	3520
39.9633	3672
40.6383	3716
41.3132	3837
41.9881	3921
42.6607	3976
43.3355	4026
44.0103	4010
44.685	4059
45.3596	4121
46.0319	4245
46.7065	4494
47.381	4482
48.0555	4575
48.7277	4753
49.402	4772
50.0764	4727
50.7484	4782
51.4226	4832
52.0968	4990
52.7687	4958
53.4428	5098
54.1168	5067
54.7885	5097
55.4625	5249
56.1364	5244
56.808	5342
57.4818	5333
58.1556	5328
58.827	5352
59.5007	5419
60.1721	5503
60.8456	5416
61.5169	5507
62.1904	5592
62.8615	5617
63.5349	5719
64.2083	5673
64.8793	6016
65.5526	5900
66.2235	5898
66.8967	5856
67.5675	5793
68.2383	5692
68.9113	5817
69.582	5885
70.2549	5934
70.9255	5910
71.5984	5969
72.2689	5934
72.9416	5946
73.612	6117
74.2824	5996
74.955	6043
75.6253	6171
76.2955	6100
76.968	6211
77.6381	6214
78.3082	6284
78.9805	6326
79.6505	6318
80.3205	6314
80.9927	6259
81.6625	6300
82.3323	6168
83.0044	6154
83.6741	6246
84.3438	6308
85.0134	6079
85.6852	6251
86.3548	6242
87.0242	6308
87.6937	6417
88.3654	6329
89.0347	6371
89.704	6401
90.3733	6244
91.0425	6172
91.7116	6198
92.383	6112
93.0521	6300
93.7211	6210
94.3901	6125
95.059	6271
95.7279	6252
96.3967	6263
97.0655	6469
97.7365	6383
98.4052	6371
99.0739	6241
99.7425	6144
100.411	6222
101.08	6214
101.748	6170
102.416	6252
103.085	6062
103.753	6185
104.421	6144
105.09	6282
105.758	6278
106.426	6141
107.094	6192
107.762	6181
108.43	6156
109.098	6154
109.766	6010
110.432	6094
111.099	6235
111.767	6103
112.435	6268
113.103	6200
113.77	6058
114.438	6020
115.105	5998
115.771	5964
116.438	5971
117.105	5937
117.773	5920
118.44	5969
119.107	5928
119.772	6042
120.439	6269
121.107	6156
121.774	6253
122.438	6121
123.105	6111
123.772	6030
124.439	6053
125.104	6164
125.771	6154
126.437	6053
127.104	6084
127.769	6065
128.435	6100
129.102	6043
129.766	5985
130.432	5989
131.099	5929
131.763	6088
132.429	5909
133.093	5916
133.76	5945
134.426	5961
135.09	5954
135.756	5876
136.42	5978
137.086	5880
137.752	5874
138.415	5889
139.081	6032
139.745	5881
140.411	5962
141.074	5918
141.74	5999
142.403	5877
143.069	5977
143.732	5990
144.398	5957
145.061	5975
145.724	5969
146.389	5800
147.052	5884
147.718	6002
148.381	5894
149.046	5975
149.709	5965
150.371	5566
151.037	5668
151.699	5767
152.362	5825
153.027	5829
153.69	5826
154.354	5806
155.017	5755
155.679	5826
156.342	5799
157.006	5764
157.669	5772
158.331	5837
158.996	5696
159.658	5790
160.32	5667
160.982	5700
161.646	5722
162.308	5781
162.97	5669
163.632	5680
164.294	5696
164.958	5704
165.62	5706
166.282	5737
166.943	5691
167.605	5753
168.267	5768
168.931	5739
169.592	5671
170.254	5558
170.915	5588
171.576	5490
172.238	5696
172.899	5714
173.56	5713
174.221	5500
174.883	5643
175.544	5665
176.207	5702
176.868	5674
177.529	5635
178.19	5580
178.851	5657
179.512	5578
180.172	5485
180.833	5587
181.494	5545
182.152	5544
182.813	5638
183.473	5581
184.134	5583
184.794	5548
185.455	5507
186.115	5542
186.776	5619
187.436	5582
188.096	5400
188.756	5478
189.414	5464
190.074	5573
190.734	5490
191.394	5721
192.054	5606
192.714	5518
193.372	5383
194.032	5511
194.692	5463
195.351	5639
196.011	5601
196.668	5526
197.328	5441
197.988	5491
198.647	5457
199.304	5458
199.964	5506
200.623	5413
201.28	5500
201.94	5386
202.599	5443
203.256	5340
203.915	5511
204.574	5568
205.231	5570
205.89	5541
206.549	5558
207.206	5367
207.864	5436
208.521	5464
209.18	5384
209.839	5386
210.495	5514
211.154	5464
211.81	5308
212.469	5460
213.125	5460
213.783	5421
214.44	5575
215.098	5523
215.754	5446
216.412	5389
217.068	5443
217.727	5383
218.382	5439
219.041	5424
219.696	5496
220.354	5444
221.01	5295
221.666	5352
222.324	5338
222.979	5368
223.637	5468
224.293	5340
224.948	5209
225.606	5372
226.261	5338
226.919	5328
227.574	5414
228.229	5510
228.885	5399
229.542	5336
230.197	5458
230.852	5379
231.509	5458
232.164	5479
232.819	5520
233.474	5524
234.131	5487
234.786	5461
235.441	5307
236.096	5492
236.752	5366
237.407	5414
238.062	5537
238.716	5407
239.371	5371
240.027	5402
240.682	5414
241.336	5404
241.99	5451
242.645	5409
243.299	5391
243.953	5314
244.607	5414
245.261	5388
245.918	5386
246.572	5520
247.225	5398
247.879	5458
248.533	5381
249.187	5366
249.841	5374
250.495	5410
251.148	5478
251.802	5403
252.455	5465
253.109	5455
253.762	5314
254.416	5340
255.069	5465
255.723	5484
256.376	5438
257.029	5387
257.68	5391
258.334	5316
258.987	5280
259.64	5400
260.293	5514
260.946	5404
261.599	5483
262.252	5322
262.902	5295
263.555	5319
264.208	5133
264.861	5390
265.513	5374
266.166	5379
266.816	5332
267.469	5422
268.122	5312
268.774	5460
269.424	5457
270.077	5450
270.729	5556
271.381	5451
272.031	5317
272.684	5358
273.336	5430
273.986	5386
274.638	5464
275.29	5489
275.939	5386
276.591	5450
277.243	5460
277.893	5425
278.545	5460
279.197	5360
279.846	5464
280.498	5545
281.147	5391
281.799	5414
282.45	5423
283.099	5489
283.751	5355
284.4	5481
285.051	5420
285.701	5427
286.352	5288
287.001	5290
287.652	5308
288.301	5424
288.952	5439
289.601	5413
290.252	5468
290.901	5277
291.552	5264
292.2	5272
292.849	5369
293.5	5302
294.148	5340
294.799	5339
295.447	5335
296.096	5432
296.746	5377
297.395	5489
298.043	5426
298.693	5464
299.341	5519
299.99	5468
300.64	5348
301.288	5283
301.936	5358
302.586	5538
303.234	5415
303.882	5597
304.53	5432
305.18	5466
305.827	5250
306.475	5344
307.123	5439
307.773	5463
308.42	5511
309.068	5479
309.715	5400
310.362	5458
311.01	5450
311.659	5412
312.307	5478
312.954	5468
313.601	5544
314.248	5478
314.895	5496
315.542	5384
316.189	5406
316.836	5589
317.486	5546
318.133	5430
318.779	5448
319.426	5467
320.073	5529
320.72	5460
321.366	5497.42
322.013	5447.18
322.66	5451.41
323.306	5461.2
323.953	5282.37
324.599	5469.94
325.245	5652.81
325.892	5528.97
326.538	5547.76
327.182	5399.05
327.828	5335.01
328.475	5345.49
329.121	5371.47
329.767	5311.74
330.413	5512.38
331.059	5455.99
331.705	5367.56
332.351	5442.52
332.995	5495.68
333.64	5439.52
334.286	5433.5
334.932	5457.04
335.578	5435.81
336.223	5503.16
336.867	5428.21
337.512	5423.58
338.158	5558.41
338.803	5419.88
339.447	5423.1
340.092	5524.29
340.737	5520.18
341.383	5464.63
342.026	5425.28
342.671	5437.09
343.316	5337.14
343.959	5440.63
344.604	5483.7
345.249	5494.05
345.892	5516.51
346.537	5441.11
347.182	5415.78
347.825	5357.33
348.469	5450.41
349.114	5486.67
349.757	5480.03
350.401	5485.19
351.044	5445.02
351.689	5332.9
352.333	5477.96
352.975	5557.52
353.62	5435.78
354.262	5413.22
354.907	5480.23
355.549	5442.74
356.193	5475.33
356.835	5415.7
357.479	5344.75
358.121	5505.8
358.765	5521.64
359.407	5531.06
360.051	5473.76
360.693	5406.67
361.337	5541.63
361.979	5277.17
362.62	5475.22
363.264	5468.12
363.906	5492.03
364.55	5467.49
365.191	5447.84
365.833	5456.42
366.476	5466.6
367.118	5481.02
367.759	5561.7
368.402	5555.42
369.044	5560.06
369.685	5508.96
370.328	5447.08
370.969	5501
371.61	5524.32
372.251	5486.55
372.895	5410.54
373.535	5598.17
374.176	5500.92
374.819	5493.8
375.46	5487.08
376.101	5354.85
376.742	5494.31
377.382	5504.57
378.025	5455.79
378.666	5562.31
379.306	5496.24
379.947	5412.46
380.587	5414.22
381.228	5475.37
381.87	5547.63
382.511	5561.12
383.151	5424.04
383.791	5491.82
384.431	5504.66
385.072	5475.01
385.712	5457.29
386.352	5506.86
386.992	5567.55
387.632	5539.27
388.272	5513.48
388.912	5539.18
389.551	5443.21
390.191	5446.91
390.831	5517.77
391.471	5362.68
392.11	5520.21
392.75	5503.24
393.39	5528.91
394.029	5565.44
394.669	5488.59
395.308	5548.18
395.948	5575.66
396.587	5590.93
397.226	5492.62
397.866	5567.51
398.505	5456.3
399.144	5611.37
399.783	5488.29
400.42	5567.22
401.059	5517.69
401.698	5564.47
402.337	5548.51
402.976	5529.04
403.615	5560.33
404.252	5527.27
404.891	5387.32
405.529	5525.65
406.168	5604.2
406.805	5483.3
407.443	5570.12
408.082	5487.14
408.72	5504.2
409.357	5546.6
409.995	5524.23
410.634	5566.15
411.272	5596.78
411.908	5508.84
412.547	5415.01
413.185	5505.21
413.821	5484.95
414.459	5537.77
415.097	5612.13
415.733	5581.07
416.371	5598.24
417.007	5545.76
417.645	5594.78
418.283	5598.48
418.918	5559.4
419.556	5548.17
420.192	5465.49
420.83	5593.81
421.467	5567.94
422.103	5512.05
422.74	5539.79
423.376	5560.59
424.013	5704.99
424.649	5705.75
425.286	5678.34
425.921	5617.71
426.559	5659.75
427.194	5606.05
427.829	5612.91
428.466	5703.6
429.101	5756.98
429.738	5659.27
430.373	5711.72
431.01	5699.77
431.645	5546.93
432.28	5712.69
432.917	5740.06
433.552	5735.53
434.188	5730.73
434.823	5741.49
435.458	5747.19
436.094	5696.84
436.729	5652.57
437.363	5730.08
437.998	5847.74
438.634	5725.46
439.268	5770.9
439.903	5740.94
440.539	5726.46
441.173	5756.21
441.808	5741.81
442.442	5732.06
443.078	5839.43
443.712	5803.71
444.346	5857.41
444.98	5798.96
445.614	5718.69
446.25	5686.8
446.884	5861.74
447.517	5853.35
448.151	5873.66
448.785	5679.21
449.418	5844.41
450.052	5772.22
450.688	5755.88
451.321	5822.63
451.955	5890.16
452.588	5899.02
453.222	5926.96
453.855	5949.35
454.488	5871.06
455.121	5851.18
455.755	5856.89
456.388	5916.39
457.021	5969.58
457.654	5966.7
458.287	5959.24
458.92	5904.88
459.553	5902.13
460.186	5840.25
460.819	5959.09
461.452	6058.71
462.084	6072.04
462.717	5965.17
463.35	5923.99
463.983	6008.18
464.615	5927.88
465.246	5951.52
465.878	5999.61
466.511	6037.33
467.143	6011.51
467.776	6018.06
468.408	6026.99
469.04	5942.13
469.67	5947.6
470.303	6054
470.935	6092.06
471.567	6086.84
472.199	6022.27
472.829	6026.62
473.461	6090.94
474.093	6112.42
474.725	6067.75
475.355	6033.83
475.986	6107.47
476.618	6137.87
477.25	6199.57
477.88	6235.02
478.511	5995.76
479.143	6024.61
479.772	6112.78
480.404	6151.56
481.035	6099.74
481.665	6114.41
482.296	6228.86
482.925	6085.87
483.557	6193.08
484.188	6177.8
484.817	6178.3
485.448	6231.89
486.077	6224.64
486.709	6204.47
487.34	6110.25
487.969	6196.83
488.6	6241.11
489.228	6278.08
489.859	6377.44
490.488	6355.28
491.119	6378.89
491.748	6329.57
492.378	6121
493.007	6303.65
493.638	6292.47
494.266	6363.12
494.894	6297.21
495.525	6196.62
496.153	6402.4
496.784	6358.02
497.412	6300.72
498.04	6347.66
498.671	6250.81
499.299	6260.9
499.929	6288.13
500.557	6311.62
501.185	6332.8
501.815	6296.22
502.443	6316.86
503.071	6313.52
503.701	6383.03
504.329	6463
504.957	6379.25
505.584	6391.96
506.214	6468.07
506.842	6322.61
507.469	6440.08
508.097	6473.95
508.727	6455.1
509.354	6467.68
509.981	6332.24
510.609	6108.31
511.236	6337.44
511.866	6375.21
512.493	6397.85
513.12	6478.09
513.747	6441.27
514.374	6443.44
515.001	6461.97
515.628	6432.53
516.258	6359.35
516.885	6336.1
517.511	6528.59
518.138	6415.03
518.765	6398.95
519.392	6441.27
520.019	6279.54
520.645	6369.52
521.272	6318.62
521.899	6373.16
522.525	6442.28
523.152	6371.71
523.778	6364.46
524.405	6247
525.031	6241.49
525.658	6259.78
526.284	6411.33
526.91	6359.7
527.536	6376.93
528.163	6321.43
528.789	6231.97
529.415	6296.79
530.041	6238.69
530.665	6323.65
531.291	6308.88
531.917	6249.98
532.543	6301.31
533.169	6253.25
533.795	6182.99
534.418	6152.33
535.044	6208.58
535.67	6203.95
536.295	6177.38
536.921	6163.42
537.544	6170.25
538.17	6089.69
538.795	6104.26
539.421	6025.75
540.044	6068.18
540.669	6123.13
541.295	6160.19
541.92	6101.9
542.543	6040.44
543.168	6131.05
543.794	6064.51
544.417	6017.03
545.042	6063.42
545.667	6127.02
546.29	6082.5
546.915	6068.24
547.539	5930.01
548.162	5930.71
548.787	6018.97
549.41	6040.47
550.034	6000.24
550.659	5951.49
551.282	5968.38
551.906	5945.43
552.529	5968.05
553.153	5928.88
553.776	5916.53
554.4	5934.09
555.022	5848.65
555.647	5921.52
556.269	5899.66
556.893	5839.23
557.515	5805.53
558.14	5874.97
558.762	5881.18
559.386	5942.74
560.008	5868.25
560.629	5874.26
561.253	5892.7
561.875	5821.18
562.499	5845.22
563.121	5835.08
563.743	5742.08
564.366	5836.38
564.988	5773.98
565.61	5843.79
566.233	5809.73
566.855	5787.33
567.476	5801.34
568.1	5763
568.721	5813.38
569.342	5805.24
569.964	5800.3
570.587	5834.31
571.208	5711.45
571.829	5777.78
572.451	5811.33
573.074	5807.68
573.695	5792.21
574.316	5807.36
574.937	5816.21
575.558	5767.42
576.181	5681.85
576.802	5658.85
577.422	5746.15
578.043	5763.21
578.664	5799.32
579.284	5772.81
579.905	5708.03
580.526	5700.41
581.148	5574.06
581.769	5744.16
582.389	5649.97
583.01	5633.69
583.63	5706.9
584.25	5607.06
584.871	5535.51
585.491	5535.54
586.111	5493.97
586.731	5540.02
587.351	5512.98
587.971	5544.23
588.592	5428.19
589.212	5527.56
589.832	5349.61
590.451	5430.57
591.071	5395.72
591.691	5292.55
592.311	5385.86
592.929	5329.14
593.548	5366.2
594.168	5360.22
594.788	5307.18
595.407	5286.28
596.027	5285.23
596.646	5250.86
597.264	5317.11
597.883	5368.74
598.502	5242.45
599.122	5164.14
599.741	5075.08
600.358	5182.69
600.977	5123.22
601.597	5068.41
602.216	5188.67
602.835	5170.74
603.452	5090.33
604.071	5053.1
604.69	4996.69
605.307	5016.31
605.925	5052.27
606.544	5034.56
607.161	5053.89
607.78	4981.66
608.399	4882.88
609.015	4834.47
609.634	4846.09
610.252	4848.77
610.869	4898.73
611.487	4886.06
612.106	4853.49
612.722	4792.74
613.341	4819.96
613.957	4788.8
614.575	4752.51
615.191	4629.61
615.809	4715.35
616.426	4599.99
617.044	4651.67
617.66	4699.8
618.278	4667.3
618.894	4635.48
619.512	4649.25
620.128	4469.29
620.745	4458.38
621.361	4576.97
621.979	4586.1
622.595	4576.59
623.212	4518.43
623.828	4461.57
624.444	4500.78
625.061	4444.47
625.677	4486.13
626.292	4484.23
626.91	4474.18
627.525	4516.13
628.142	4523.08
628.758	4440.75
629.373	4425.89
629.988	4505.08
630.605	4414.86
631.22	4409.42
631.835	4419.34
632.453	4331.39
633.068	4348.79
633.682	4356.82
634.297	4268.27
634.914	4453.08
635.529	4293.64
636.144	4353.54
636.759	4390.07
637.373	4386.31
637.99	4408.42
638.605	4337.07
639.219	4410.01
639.834	4410.28
640.448	4329.36
641.063	4358.34
641.677	4268.17
642.294	4372.11
642.908	4277.47
643.522	4402.9
644.136	4390.11
644.751	4329.66
645.365	4292.59
645.979	4368.67
646.593	4301.42
647.207	4280.47
647.821	4328.45
648.435	4357.51
649.049	4359.78
649.663	4293.64
650.277	4417.27
650.89	4288.09
651.504	4311.56
652.118	4251
652.732	4360.28
653.345	4315.78
653.959	4327.07
654.572	4322.58
655.186	4395.77
655.797	4328.24
656.411	4272.96
657.024	4300.45
657.637	4292.77
658.251	4330.39
658.864	4299.51
659.477	4329.25
660.088	4250.3
660.701	4225.33
661.315	4371.53
661.928	4302.59
662.541	4332.42
663.152	4398.73
663.765	4345.96
664.377	4354.39
664.99	4269.8
665.601	4343.24
666.214	4264.22
666.827	4345.04
667.437	4411.45
668.05	4367.79
668.662	4424.64
668.901	4318.04
669.524	4330.38
670.146	4370.35
670.769	4302.2
671.39	4422.07
672.013	4394.97
672.634	4362.79
673.257	4424.46
673.878	4356.15
674.501	4378.29
675.122	4327.2
675.745	4362.52
676.365	4389.3
676.986	4443.13
677.609	4401.71
678.229	4388.35
678.852	4407.15
679.473	4434.41
680.095	4419.36
680.716	4349.16
681.336	4470.18
681.959	4497.7
682.579	4429.34
683.199	4521.16
683.822	4442.57
684.442	4402.26
685.062	4387.66
685.684	4486.91
686.304	4474.63
686.924	4510.66
687.547	4413.62
688.166	4451.63
688.786	4386.12
689.406	4339.32
690.028	4406.59
690.648	4479.82
691.268	4452.89
691.887	4491.04
692.509	4480.48
693.129	4404.5
693.748	4351.58
694.368	4253.06
694.987	4434.41
695.609	4412.05
696.228	4479.17
696.848	4505.77
697.467	4433.83
698.086	4444.69
698.706	4348.87
699.325	4410.53
699.946	4413.49
700.565	4426.03
701.184	4449.05
701.803	4424.06
702.422	4439.54
703.041	4379.2
703.66	4386.27
704.279	4434.27
704.898	4477.15
705.517	4461.02
706.136	4445.78
706.754	4394.24
707.373	4316.6
707.992	4345.78
708.61	4371.13
709.229	4419.4
709.847	4411.32
710.466	4431.39
711.084	4332.01
711.703	4286.57
712.321	4334.13
712.939	4328.48
713.558	4359.48
714.176	4281.95
714.794	4389.2
715.41	4007.78
716.028	4385.93
716.646	4250.85
717.264	4373.69
717.882	4384.33
718.5	4471.92
719.118	4422.36
719.734	4475.6
720.352	4483.57
720.969	4349.1
721.587	4358.37
722.205	4426.68
722.82	4426.42
723.438	4468.22
724.055	4380.88
724.673	4449.6
725.288	4442.45
725.906	4389.56
726.523	4445.37
727.138	4361.09
727.756	4398.37
728.373	4482.26
728.99	4413.95
729.605	4395.59
730.223	4353.46
730.84	4363.03
731.455	4393.37
732.072	4370.68
732.689	4444.64
733.304	4405.96
733.92	4436.66
734.535	4563.52
735.152	4391.39
735.769	4321.9
736.383	4494.99
737	4368.96
737.615	4379.92
738.231	4485.06
738.846	4521.09
739.462	4452.91
740.077	4448.12
740.693	4427.32
741.308	4451.3
741.924	4461.99
742.538	4560.34
743.155	4479.15
743.769	4465.24
744.385	4458.32
744.999	4512.71
745.615	4481.01
746.229	4474.03
746.845	4452.16
747.459	4442.11
748.073	4538.57
748.689	4418.99
749.303	4460.85
749.916	4415.07
750.532	4516.3
751.146	4523.31
751.762	4519.35
752.375	4534.59
752.989	4578.38
753.604	4476.08
754.218	4494.77
754.831	4422.12
755.445	4499.43
756.06	4588.4
756.673	4532.44
757.287	4492.86
757.902	4521.36
758.515	4461.79
759.128	4488.25
759.741	4468.89
760.354	4585.58
760.97	4543.5
761.583	4547.03
762.195	4606.78
762.808	4531.1
763.421	4539.29
764.036	4404.03
764.649	4525.74
765.262	4627.41
765.874	4592.91
766.487	4634.83
767.1	4494.61
767.712	4601.79
768.327	4446.93
768.939	4529.52
769.552	4531.73
770.164	4638.21
770.777	4612.84
771.389	4678.87
772.001	4626.94
772.613	4456.97
773.226	4582.59
773.838	4582.25
774.45	4558.32
775.062	4706.74
775.674	4628.09
776.286	4642.06
776.898	4579.83
777.51	4661.07
778.122	4647.12
778.734	4661.67
779.346	4695.32
779.957	4680.31
780.569	4677.58
781.181	4711.45
781.79	4624.1
782.402	4681.46
783.013	4629.68
783.625	4731.45
784.236	4765.54
784.848	4728.47
785.459	4673.2
786.071	4714.84
786.68	4640.39
787.291	4674.87
787.902	4675.62
788.514	4740.49
789.125	4778.75
789.734	4717.15
790.345	4649.52
790.956	4641.01
791.567	4747.75
792.176	4636.96
792.787	4838.77
793.398	4675.21
794.008	4826.91
794.617	4780.12
795.228	4715.39
795.839	4725.84
796.447	4793.48
797.058	4679.26
797.668	4798.08
798.277	4867.45
798.887	4817.71
799.498	4875.88
800.106	4823.37
800.717	4734.5
801.325	4803.65
801.935	4788.48
802.545	4826.48
803.154	4805.53
803.764	4833.98
804.372	4852.15
804.982	4885.99
805.59	4836.87
806.2	4743.18
806.808	4829.23
807.418	4861.06
808.026	4892.68
808.635	4893.78
809.243	4918.59
809.853	4871.48
810.461	4828.7
811.07	4872.35
811.678	4913.19
812.288	4840.6
812.895	4908.3
813.505	4904.3
814.112	4820.22
814.719	4867.41
815.329	4899.45
815.936	4979.94
816.546	5011.15
817.153	5068.23
817.76	5036.2
818.369	4988.32
818.976	5049.47
819.583	4936.73
820.193	5012.89
820.799	4999.4
821.406	5131.94
822.015	5050.53
822.622	5137.7
823.229	5050.89
823.836	5090.43
824.445	5011.72
825.051	5120.99
825.658	5042.34
826.265	5144.62
826.873	5164.36
827.48	5201.31
828.086	5128.38
828.693	5065.08
829.299	5138.54
829.906	5115.9
830.514	5130.12
831.12	5185.4
831.727	5240.19
832.333	5303.16
832.939	5225.23
833.545	5208.1
834.151	5147.63
834.757	5152.98
835.366	5141.36
835.972	5320.71
836.578	5273.12
837.183	5204.25
837.789	5234.92
838.395	5170.48
839.001	5269.3
839.607	5323.34
840.212	5352.33
840.818	5314.58
841.424	5314.93
842.029	5310.4
842.635	5306.88
843.24	5393.54
843.846	5286.64
844.451	5332.87
845.057	5440.83
845.662	5465.26
846.265	5483.22
846.87	5362.75
847.476	5369.97
848.081	5313.67
848.686	5331.93
849.291	5417.02
849.896	5388.34
850.501	5527.69
851.106	5361.93
851.709	5497.82
852.314	5366.54
852.919	5438.75
853.524	5458.55
854.129	5541.67
854.731	5548.17
855.336	5550.04
855.941	5504.43
856.545	5432.31
857.148	5403.35
857.752	5472.39
858.357	5567.82
858.961	5511.69
859.564	5509.84
860.168	5528.46
860.773	5539.53
861.375	5515.87
861.979	5571.11
862.583	5524.39
863.185	5614.41
863.79	5578.93
864.394	5614.73
864.996	5535.28
865.6	5674.01
866.204	5483.55
866.806	5601.48
867.41	5683.33
868.011	5588.5
868.615	5644.03
869.217	5662.9
869.821	5631.12
870.424	5499.01
871.026	5515.96
871.63	5543.62
872.231	5617.95
872.835	5534.89
873.436	5541.09
874.04	5533.43
874.641	5570.6
875.245	5506.67
875.846	5408.42
876.447	5548.14
877.05	5611.54
877.652	5722.62
878.255	5733.11
878.856	5621.47
879.459	5641.02
880.06	5714.89
880.661	5716
881.264	5578.84
881.865	5655.51
882.466	5793.95
883.069	5728.86
883.67	5801.02
884.27	5639.35
884.873	5622.95
885.474	5762.41
886.074	5657.02
886.677	5775.04
887.278	5762.89
887.878	5755.8
888.479	5787.44
889.081	5706.69
889.682	5675.48
890.282	5711.74
890.882	5634.34
891.485	5735.3
892.085	5784.53
892.685	5765.24
893.285	5831.77
893.885	5781.61
894.488	5721.91
895.088	5635.47
895.688	5753.55
896.288	5859.76
896.887	5838.35
897.487	5883.41
898.087	5857.48
898.687	5853.33
899.287	5702.78
899.889	5682.34
900.488	5819.63
901.088	5812.72
901.688	5758.09
902.287	5851.75
902.887	5821.05
903.486	5766.1
904.086	5807.22
904.685	5812.83
905.284	5934.52
905.884	5938.85
906.483	5864.74
907.082	5839.69
907.682	5702.28
908.281	5759.92
908.88	5629.7
909.479	5770.76
910.076	5842.29
910.675	5876.53
911.274	5899.05
911.873	5898.73
912.472	5750.37
913.071	5861.32
913.67	5826.35
914.268	5935.64
914.865	5865
915.464	5840.99
916.063	5852.05
916.661	5958.6
917.26	5864.31
917.858	5863.12
918.455	5764.39
919.053	5908.11
919.652	5992.97
920.25	5857.08
920.846	5937.97
921.445	5908.7
922.043	5909.43
922.641	5801.25
923.237	5786.12
923.836	5969.44
924.434	5900.48
925.03	5883.17
925.628	5931.55
926.226	5868.74
926.822	5813.71
927.42	5825.23
928.018	5876.35
928.613	5932.24
929.211	5900.11
929.807	5938.21
930.405	5874.25
931.003	5763.01
931.598	5918.56
932.196	5773.44
932.791	5847.81
933.389	5930.23
933.984	5829.99
934.582	5897.58
935.177	5950.88
935.774	5887.48
936.37	5850.26
936.967	5840.13
937.562	5876.25
938.16	5793.61
938.755	5966.5
939.352	5966.82
939.947	5792.6
940.544	5773.81
941.139	5788.39
941.736	5915.04
942.331	5937.42
942.926	5875.52
943.523	5921.87
944.117	6025.25
944.712	5906.03
945.309	5918.46
945.904	5827.93
946.5	5928.2
947.095	5914.62
947.69	6005.73
948.284	6041.61
948.881	5903.29
949.475	5773.9
950.07	5907.53
950.666	5863.09
951.26	5822.51
951.855	5760.88
952.449	5886.71
953.045	5860.41
953.639	5990.35
954.233	5839
954.828	5886.67
955.422	5825.33
956.018	5848.38
956.612	5866.71
957.206	5955.97
957.8	5894.41
958.393	5960.88
958.987	5860.23
959.583	5918.32
960.177	5884.47
960.771	5772.84
961.364	5903.46
961.958	5956.6
962.552	5949.15
963.145	5952.85
963.739	5906.5
964.332	5782.52
964.926	5844.01
965.519	5763.15
966.112	5864.02
966.706	5879.55
967.299	5913.75
967.892	5796.32
968.485	5835.79
969.079	5872.06
969.672	5753.86
970.265	5785.01
970.858	5842.65
971.451	5913.13
972.044	6006.43
972.637	5938.52
973.23	5854.74
973.823	5836.04
974.415	5835.42
975.006	5864.77
975.599	5847.83
976.192	5820.89
976.784	5877.5
977.377	5754.09
977.97	5847.46
978.56	5845.32
979.153	5875.25
979.745	5789.12
980.338	5822.06
980.93	5803.85
981.52	5821.75
982.113	5917.82
982.705	5878.75
983.297	5788.47
983.887	5736.7
984.48	5817.34
985.072	5877.06
985.664	5751.02
986.254	5896.7
986.846	5787.37
987.438	5778.89
988.028	5681.49
988.62	5756.58
989.212	5651.45
989.801	5722.09
990.393	5746.97
990.983	5762.34
991.575	5754.89
992.166	5691.47
992.756	5758.19
993.348	5614.86
993.937	5753.01
994.529	5712.81
995.118	5663.2
995.71	5755.5
996.299	5644.07
996.89	5548.88
997.48	5567.57
998.071	5673.27
998.66	5691.01
999.251	5697.81
999.84	5759.63
1000.43	5735.23
1001.02	5773.38
1001.61	5671.99
1002.2	5701.21
1002.79	5621.59
1003.38	5700.59
1003.97	5577.15
1004.56	5746.33
1005.15	5659.77
1005.74	5696.71
1006.33	5629.01
1006.92	5578.33
1007.51	5540.8
1008.1	5707.67
1008.69	5715.53
1009.28	5782.68
1009.86	5570.12
1010.45	5672.5
1011.04	5479.11
1011.63	5561.21
1012.22	5538.92
1012.81	5552.92
1013.4	5616.4
1013.99	5579.83
1014.58	5557.58
1015.16	5532.78
1015.75	5438.02
1016.34	5489.16
1016.93	5548.67
1017.52	5465.35
1018.11	5586.88
1018.69	5553.66
1019.28	5554.25
1019.87	5474.06
1020.46	5487
1021.05	5482.05
1021.63	5468.83
1022.22	5466.46
1022.81	5481.47
1023.4	5450.98
1023.99	5466.7
1024.57	5357.69
1025.16	5382.78
1025.75	5280.54
1026.34	5222.96
1026.92	5357.52
1027.51	5476.38
1028.1	5421.68
1028.68	5304.06
1029.27	5390.26
1029.86	5290.87
1030.45	5267.85
1031.03	5284.54
1031.62	5257.97
1032.21	5200.36
1032.79	5316.9
1033.38	5291.07
1033.97	5168.49
1034.56	5156.29
1035.14	5131.77
1035.73	5113.78
1036.31	5146.54
1036.9	5079.12
1037.49	5095.48
1038.07	4990
1038.66	5137.16
1039.25	5096.08
1039.83	4975.35
1040.42	4970.88
1041	5040.72
1041.59	4985.46
1042.18	5040.98
1042.76	4993.53
1043.35	4990.02
1043.93	4967.33
1044.52	4900.11
1045.11	4965.33
1045.69	4942.81
1046.28	4809.15
1046.86	4960.79
1047.45	4942.25
1048.03	4902.57
1048.62	4825.13
1049.2	4736.04
1049.79	4663.15
1050.37	4775.56
1050.96	4773.44
1051.54	4791.76
1052.13	4787.04
1052.71	4662.72
1053.3	4690.47
1053.88	4668.63
1054.47	4684.65
1055.05	4554.98
1055.64	4653.98
1056.22	4612.35
1056.81	4682.44
1057.39	4635.61
1057.98	4602.02
1058.56	4529.2
1059.14	4484.05
1059.73	4508.2
1060.31	4511.38
1060.9	4513.83
1061.48	4450.27
1062.07	4421.67
1062.65	4441.47
1063.23	4407.21
1063.82	4368.71
1064.4	4357.53
1064.98	4328.71
1065.57	4373.96
1066.15	4334.89
1066.73	4258.36
1067.32	4221.76
1067.9	4234.13
1068.49	4174.6
1069.07	4160.59
1069.65	4181.7
1070.24	4191.23
1070.82	4151.86
1071.4	4127.17
1071.98	4177.49
1072.57	4085.72
1073.15	4076.65
1073.73	4070.86
1074.32	4014.96
1074.9	4060.28
1075.48	4035.23
1076.06	4053.3
1076.65	4045.5
1077.23	4006.31
1077.81	3913.31
1078.39	3941.01
1078.98	3884.93
1079.56	3891.35
1080.14	3832.46
1080.72	3841.52
1081.3	3789.14
1081.89	3722.88
1082.47	3767.54
1083.05	3766.73
1083.63	3739.7
1084.21	3800.26
1084.8	3713.46
1085.38	3638.93
1085.96	3653.84
1086.54	3634.6
1087.12	3624.63
1087.7	3611.78
1088.29	3617.27
1088.87	3584.62
1089.45	3579.89
1090.03	3514.04
1090.61	3505.42
1091.19	3482.74
1091.77	3471.4
1092.35	3519.7
1092.93	3488.1
1093.51	3444.68
1094.1	3430.94
1094.68	3450.3
1095.26	3377.81
1095.84	3367.95
1096.42	3294.69
1097	3379.42
1097.58	3275.27
1098.16	3315.68
1098.74	3362.97
1099.32	3294.07
1099.9	3228.51
1100.48	3242.98
1101.06	3197.35
1101.64	3170.91
1102.22	3205.47
1102.8	3181.48
1103.38	3143.81
1103.96	3174.84
1104.54	3087.85
1105.12	3004.95
1105.7	3020.34
1106.28	3082.36
1106.86	3030.97
1107.44	3055.94
1108.02	3064.95
1108.6	2995.97
1109.18	2954.89
1109.76	2971.34
1110.34	2918.18
1110.92	2954.14
1111.49	2936.38
1112.07	2948.31
1112.65	2940.65
1113.23	2884.15
1113.81	2826
1114.39	2851
1114.97	2814.39
1115.55	2832.22
1116.13	2781.21
1116.7	2774.03
1117.28	2812.44
1117.86	2814.09
1118.44	2731.76
1119.02	2744.03
1119.6	2707.32
1120.17	2754.34
1120.75	2648.9
1121.33	2716.04
1121.91	2697.21
1122.49	2633.4
1123.07	2590.61
1123.64	2612.64
1124.22	2606.53
1124.8	2564.07
1125.38	2616.3
1125.95	2621.99
1126.53	2594.48
1127.11	2524.34
1127.69	2546.86
1128.26	2503.03
1128.84	2447.7
1129.42	2522.15
1130	2511.17
1130.57	2479.46
1131.15	2507.6
1131.73	2467.14
1132.31	2483.01
1132.88	2422.42
1133.46	2397.49
1134.04	2375.43
1134.61	2422.8
1135.19	2328.9
1135.77	2353.9
1136.34	2366.51
1136.92	2393.92
1137.5	2410.72
1138.07	2325.15
1138.65	2288.96
1139.23	2337.48
1139.8	2417.68
1140.38	2341.45
1140.95	2359.24
1141.53	2302.68
1142.11	2266.14
1142.68	2199.43
1143.26	2221.8
1143.83	2236.37
1144.41	2288.49
1144.99	2313.37
1145.56	2253.42
1146.14	2206.05
1146.71	2194.85
1147.29	2188.41
1147.86	2196.95
1148.44	2168.41
1149.02	2206.97
1149.59	2163.48
1150.17	2157.89
1150.74	2158.78
1151.32	2093
1151.89	2056.48
1152.47	2070.3
1153.04	2115.9
1153.62	2060.33
1154.19	2080.82
1154.77	2086.06
1155.34	2122.54
1155.92	2084.74
1156.49	2043.71
1157.07	2065.96
1157.64	2099.83
1158.22	2091.09
1158.79	2049.54
1159.36	2081.39
1159.94	2066.11
1160.51	2017.59
1161.09	2017.15
1161.66	2036.09
1162.23	2053.48
1162.81	1990.66
1163.38	2046.99
1163.96	1964.46
1164.53	2010.06
1165.1	2057.73
1165.68	2004.52
1166.25	1937.36
1166.83	1905.12
1167.4	1957.87
1167.97	1997.32
1168.55	1978.68
1169.12	2035.24
1169.69	1965.75
1170.27	1895.62
1170.84	1947.52
1171.41	1901.23
1171.99	1925.15
1172.56	1936.14
1173.13	1921.13
1173.71	1925.91
1174.28	1914.38
1174.85	1883.33
1175.42	1839.96
1176	1878.63
1176.57	1798.22
1177.14	1870.86
1177.71	1864.46
1178.29	1861.18
1178.86	1898.46
1179.43	1853.31
1180.01	1847.37
1180.58	1885.64
1181.15	1863.76
1181.72	1890
1182.29	1833.5
1182.86	1873.4
1183.44	1852.41
1184.01	1816.47
1184.58	1792.56
1185.15	1768.2
1185.72	1791.87
1186.3	1831.69
1186.87	1832.07
1187.44	1802.51
1188.01	1822.09
1188.58	1836.88
1189.16	1745.4
1189.73	1748.23
1190.3	1778.61
1190.87	1786.16
1191.44	1771.71
1192.01	1816.52
1192.58	1792.07
1193.15	1736.7
1193.72	1708.5
1194.29	1766.1
1194.87	1732.55
1195.44	1715.28
1196.01	1762.27
1196.58	1764.64
1197.15	1754.88
1197.72	1705.23
1198.29	1708.03
1198.86	1683.48
1199.43	1722.07
1200	1706.77
1200.57	1739.2
1201.14	1737.44
1201.71	1721.95
1202.28	1642.56
1202.85	1716.44
1203.42	1715.73
1203.99	1695.18
1204.56	1685.72
1205.13	1633.06
1205.7	1695.76
1206.27	1661.41
1206.84	1756.66
1207.41	1690.81
1207.98	1705.29
1208.55	1611.06
1209.12	1731.09
1209.69	1642.46
1210.26	1675.92
1210.83	1648.54
1211.4	1658.4
1211.97	1657.01
1212.54	1622.26
1213.11	1612.86
1213.67	1626.59
1214.24	1575.32
1214.81	1682.38
1215.38	1633.74
1215.95	1636.25
1216.52	1659.08
1217.09	1670.76
1217.66	1644.38
1218.22	1623.82
1218.79	1644.27
1219.36	1644.03
1219.93	1643.85
1220.5	1687.37
1221.07	1580.53
1221.64	1616.24
1222.2	1595.62
1222.77	1649.11
1223.34	1634.28
1223.91	1625.46
1224.48	1709.5
1224.52	1661.5
1225.1	1606.5
1225.67	1635.5
1226.24	1637.5
1226.82	1602.5
1227.39	1629.5
1227.96	1623.5
1228.54	1605.5
1229.11	1610.5
1229.68	1664.5
1230.25	1624.5
1230.83	1590.5
1231.4	1607.5
1231.97	1617.5
1232.55	1550.5
1233.12	1641.5
1233.69	1616.5
1234.26	1631.5
1234.83	1636.5
1235.41	1592.5
1235.98	1535.5
1236.55	1628.5
1237.12	1625.5
1237.7	1648.5
1238.27	1581.5
1238.84	1642.5
1239.41	1594.5
1239.98	1605.5
1240.55	1565.5
1241.13	1552.5
1241.7	1548.5
1242.27	1598.5
1242.84	1584.5
1243.41	1606.5
1243.99	1638.5
1244.56	1615.5
1245.13	1647.5
1245.7	1606.5
1246.27	1611.5
1246.84	1646.5
1247.41	1597.5
1247.98	1635.5
1248.55	1571.5
1249.13	1497.5
1249.7	1588.5
1250.27	1640.5
1250.84	1580.5
1251.41	1649.5
1251.98	1591.5
1252.55	1627.5
1253.12	1611.5
1253.69	1648.5
1254.26	1587.5
1254.83	1570.5
1255.4	1578.5
1255.97	1613.5
1256.54	1616.5
1257.11	1628.5
1257.68	1592.5
1258.25	1597.5
1258.82	1601.5
1259.39	1560.5
1259.96	1602.5
1260.53	1623.5
1261.1	1550.5
1261.67	1595.5
1262.24	1603.5
1262.81	1542.5
1263.38	1637.5
1263.95	1558.5
1264.52	1589.5
1265.09	1593.5
1265.66	1553.5
1266.23	1578.5
1266.8	1592.5
1267.37	1539.5
1267.94	1636.5
1268.5	1529.5
1269.07	1556.5
1269.64	1590.5
1270.21	1593.5
1270.78	1581.5
1271.35	1616.5
1271.92	1617.5
1272.49	1607.5
1273.06	1557.5
1273.62	1623.5
1274.19	1501.5
1274.76	1547.5
1275.33	1607.5
1275.9	1573.5
1276.47	1583.5
1277.03	1614.5
1277.6	1607.5
1278.17	1559.5
1278.74	1556.5
1279.31	1659.5
1279.87	1656.5
1280.44	1620.5
1281.01	1613.5
1281.58	1601.5
1282.15	1598.5
1282.71	1611.5
1283.28	1581.5
1283.85	1533.5
1284.42	1646.5
1284.98	1617.5
1285.55	1570.5
1286.12	1595.5
1286.69	1626.5
1287.25	1614.5
1287.82	1607.5
1288.39	1554.5
1288.95	1583.5
1289.52	1589.5
1290.09	1579.5
1290.65	1647.5
1291.22	1637.5
1291.79	1622.5
1292.35	1654.5
1292.92	1601.5
1293.49	1535.5
1294.05	1596.5
1294.62	1596.5
1295.19	1639.5
1295.75	1522.5
1296.32	1600.5
1296.89	1596.5
1297.45	1525.5
1298.02	1599.5
1298.58	1597.5
1299.15	1592.5
1299.72	1597.5
1300.28	1586.5
1300.85	1586.5
1301.41	1554.5
1301.98	1527.5
1302.55	1561.5
1303.11	1630.5
1303.68	1613.5
1304.24	1594.5
1304.81	1601.5
1305.37	1588.5
1305.94	1587.5
1306.51	1621.5
1307.07	1547.5
1307.64	1595.5
1308.2	1652.5
1308.77	1568.5
1309.33	1622.5
1309.9	1587.5
1310.46	1578.5
1311.03	1546.5
1311.59	1612.5
1312.16	1608.5
1312.72	1650.5
1313.28	1631.5
1313.85	1547.5
1314.42	1604.5
1314.98	1628.5
1315.54	1631.5
1316.11	1541.5
1316.67	1549.5
1317.24	1581.5
1317.8	1643.5
1318.36	1660.5
1318.93	1630.5
1319.49	1622.5
1320.06	1581.5
1320.62	1625.5
1321.18	1572.5
1321.75	1629.5
1322.31	1612.5
1322.88	1673.5
1323.44	1631.5
1324	1543.5
1324.57	1566.5
1325.13	1645.5
1325.7	1590.5
1326.26	1631.5
1326.82	1572.5
1327.38	1551.5
1327.95	1554.5
1328.51	1598.5
1329.07	1534.5
1329.64	1549.5
1330.2	1578.5
1330.76	1650.5
1331.33	1592.5
1331.89	1580.5
1332.45	1667.5
1333.01	1627.5
1333.58	1600.5
1334.14	1576.5
1334.7	1579.5
1335.27	1608.5
1335.83	1604.5
1336.39	1619.5
1336.95	1585.5
1337.52	1552.5
1338.08	1541.5
1338.64	1611.5
1339.2	1560.5
1339.76	1538.5
1340.33	1603.5
1340.89	1548.5
1341.45	1640.5
1342.01	1602.5
1342.57	1615.5
1343.14	1633.5
1343.7	1622.5
1344.26	1577.5
1344.82	1588.5
1345.38	1566.5
1345.94	1637.5
1346.5	1625.5
1347.07	1643.5
1347.63	1591.5
1348.19	1596.5
1348.75	1628.5
1349.31	1603.5
1349.87	1586.5
1350.43	1653.5
1351	1655.5
1351.56	1627.5
1352.12	1648.5
1352.68	1612.5
1353.24	1673.5
1353.8	1617.5
1354.36	1603.5
1354.92	1634.5
1355.48	1588.5
1356.04	1600.5
1356.6	1634.5
1357.16	1606.5
1357.72	1542.5
1358.28	1599.5
1358.84	1611.5
1359.4	1610.5
1359.96	1608.5
1360.52	1639.5
1361.08	1614.5
1361.64	1630.5
1362.2	1548.5
1362.76	1685.5
1363.32	1623.5
1363.88	1588.5
1364.44	1701.5
1365	1638.5
1365.56	1652.5
1366.12	1646.5
1366.68	1645.5
1367.24	1610.5
1367.8	1626.5
1368.36	1633.5
1368.92	1623.5
1369.48	1591.5
1370.04	1617.5
1370.6	1660.5
1371.15	1619.5
1371.71	1620.5
1372.27	1616.5
1372.83	1573.5
1373.39	1577.5
1373.95	1670.5
1374.51	1646.5
1375.07	1589.5
1375.62	1618.5
1376.18	1642.5
1376.74	1603.5
1377.3	1596.5
1377.86	1591.5
1378.42	1657.5
1378.98	1670.5
1379.53	1649.5
1380.09	1635.5
1380.65	1637.5
1381.21	1622.5
1381.77	1644.5
1382.32	1626.5
1382.88	1640.5
1383.44	1583.5
1384	1626.5
1384.56	1660.5
1385.11	1654.5
1385.67	1637.5
1386.23	1641.5
1386.79	1574.5
1387.34	1649.5
1387.9	1668.5
1388.46	1616.5
1389.02	1606.5
1389.57	1607.5
1390.13	1655.5
1390.69	1665.5
1391.24	1617.5
1391.8	1592.5
1392.36	1611.5
1392.92	1638.5
1393.47	1601.5
1394.03	1670.5
1394.59	1603.5
1395.14	1623.5
1395.7	1624.5
1396.26	1674.5
1396.81	1523.5
1397.37	1671.5
1397.92	1701.5
1398.48	1632.5
1399.04	1663.5
1399.59	1732.5
1400.15	1661.5
1400.71	1677.5
1401.26	1606.5
1401.82	1655.5
1402.38	1660.5
1402.93	1582.5
1403.49	1635.5
1404.04	1675.5
1404.6	1617.5
1405.15	1596.5
1405.71	1664.5
1406.26	1611.5
1406.82	1692.5
1407.38	1672.5
1407.93	1677.5
1408.49	1656.5
1409.04	1616.5
1409.6	1588.5
1410.15	1661.5
1410.71	1640.5
1411.26	1681.5
1411.82	1633.5
1412.37	1674.5
1412.93	1622.5
1413.48	1642.5
1414.04	1638.5
1414.59	1656.5
1415.15	1666.5
1415.7	1651.5
1416.26	1663.5
1416.81	1653.5
1417.37	1655.5
1417.92	1660.5
1418.48	1653.5
1419.03	1653.5
1419.58	1632.5
1420.14	1651.5
1420.69	1600.5
1421.25	1651.5
1421.8	1648.5
1422.36	1567.5
1422.91	1611.5
1423.46	1578.5
1424.02	1624.5
1424.57	1652.5
1425.12	1662.5
1425.68	1621.5
1426.23	1611.5
1426.78	1654.5
1427.34	1604.5
1427.89	1618.5
1428.44	1651.5
1429	1594.5
1429.55	1595.5
1430.11	1704.5
1430.66	1655.5
1431.21	1680.5
1431.77	1617.5
1432.32	1592.5
1432.87	1670.5
1433.42	1645.5
1433.98	1593.5
1434.53	1675.5
1435.08	1672.5
1435.64	1689.5
1436.19	1670.5
1436.74	1643.5
1437.29	1675.5
1437.85	1676.5
1438.4	1687.5
1438.95	1610.5
1439.5	1701.5
1440.06	1629.5
1440.61	1631.5
1441.16	1592.5
1441.71	1643.5
1442.26	1677.5
1442.82	1653.5
1443.37	1609.5
1443.92	1662.5
1444.47	1653.5
1445.02	1675.5
1445.57	1636.5
1446.13	1644.5
1446.68	1580.5
1447.23	1617.5
1447.78	1608.5
1448.33	1685.5
1448.88	1665.5
1449.44	1641.5
1449.99	1684.5
1450.54	1639.5
1451.09	1624.5
1451.64	1616.5
1452.19	1661.5
1452.74	1712.5
1453.29	1696.5
1453.85	1643.5
1454.4	1649.5
1454.95	1631.5
1455.5	1648.5
1456.05	1599.5
1456.6	1648.5
1457.15	1636.5
1457.7	1665.5
1458.25	1678.5
1458.8	1718.5
1459.35	1669.5
1459.9	1635.5
1460.45	1649.5
1461	1619.5
1461.55	1597.5
1462.1	1655.5
1462.65	1667.5
1463.2	1674.5
1463.75	1639.5
1464.3	1637.5
1464.85	1632.5
1465.4	1665.5
1465.95	1679.5
1466.5	1711.5
1467.05	1686.5
1467.6	1736.5
1468.15	1680.5
1468.7	1689.5
1469.25	1635.5
1469.8	1716.5
1470.35	1664.5
1470.9	1617.5
1471.45	1596.5
1472	1649.5
1472.55	1698.5
1473.1	1730.5
1473.64	1707.5
1474.19	1651.5
1474.74	1669.5
1475.29	1613.5
1475.84	1744.5
1476.39	1650.5
1476.94	1733.5
1477.49	1713.5
1478.03	1710.5
1478.58	1729.5
1479.13	1653.5
1479.68	1657.5
1480.23	1671.5
2799.9	1868.55
2800.36	1851.14
2800.82	1851.14
2801.28	1851.14
2801.74	1851.14
2802.2	1851.14
2802.66	1851.14
2803.12	1851.14
2803.58	1851.14
2804.04	1588.5
2804.5	1710.5
2804.96	1774.5
2805.42	1874.5
2805.88	1882.5
2806.34	1859.5
2806.8	1901.5
2807.26	1876.5
2807.71	1907.5
2808.17	1883.5
2808.63	1850.5
2809.09	1851.5
2809.55	1850.5
2810.01	1804.5
2810.47	1891.5
2810.93	1900.5
2811.39	1862.5
2811.85	1844.5
2812.31	1852.5
2812.77	1874.5
2813.23	1882.5
2813.69	1895.5
2814.14	1883.5
2814.6	1834.5
2815.06	1830.5
2815.52	1844.5
2815.98	1871.5
2816.44	1880.5
2816.9	1882.5
2817.36	1871.5
2817.81	1814.5
2818.27	1829.5
2818.73	1859.5
2819.19	1848.5
2819.65	1876.5
2820.11	1882.5
2820.57	1888.5
2821.02	1871.5
2821.48	1913.5
2821.94	1875.5
2822.4	1826.5
2822.86	1794.5
2823.31	1867.5
2823.77	1919.5
2824.23	1856.5
2824.69	1867.5
2825.15	1852.5
2825.61	1840.5
2826.06	1858.5
2826.52	1843.5
2826.98	1829.5
2827.44	1845.5
2827.9	1829.5
2828.35	1861.5
2828.81	1852.5
2829.27	1829.5
2829.72	1840.5
2830.18	1935.5
2830.64	1940.5
2831.1	1866.5
2831.56	1850.5
2832.01	1883.5
2832.47	1881.5
2832.93	1858.5
2833.38	1832.5
2833.84	1837.5
2834.3	1839.5
2834.76	1854.5
2835.21	1871.5
2835.67	1849.5
2836.13	1823.5
2836.58	1780.5
2837.04	1804.5
2837.5	1803.5
2837.95	1883.5
2838.41	1838.5
2838.87	1840.5
2839.33	1879.5
2839.78	1935.5
2840.24	1850.5
2840.69	1856.5
2841.15	1838.5
2841.61	1801.5
2842.06	1766.5
2842.52	1841.5
2842.98	1816.5
2843.43	1908.5
2843.89	1910.5
2844.35	1893.5
2844.8	1945.5
2845.26	1862.5
2845.71	1888.5
2846.17	1808.5
2846.63	1863.5
2847.08	1879.5
2847.54	1862.5
2847.99	1882.5
2848.45	1946.5
2848.91	1902.5
2849.36	1964.5
2849.82	1886.5
2850.27	1807.5
2850.73	1838.5
2851.18	1853.5
2851.64	1816.5
2852.09	1841.5
2852.55	1822.5
2853.01	1831.5
2853.46	1942.5
2853.92	1877.5
2854.37	1947.5
2854.83	1924.5
2855.28	1868.5
2855.74	1847.5
2856.19	1900.5
2856.65	1942.5
2857.1	1841.5
2857.56	1915.5
2858.01	1889.5
2858.47	1869.5
2858.92	1852.5
2859.38	1853.5
2859.83	1846.5
2860.29	1841.5
2860.74	1847.5
2861.2	1890.5
2861.65	1785.5
2862.11	1790.5
2862.56	1845.5
2863.02	1854.5
2863.47	1852.5
2863.92	1813.5
2864.38	1870.5
2864.83	1875.5
2865.29	1832.5
2865.74	1860.5
2866.2	1788.5
2866.65	1894.5
2867.1	1847.5
2867.56	1829.5
2868.01	1829.5
2868.47	1814.5
2868.92	1794.5
2869.38	1867.5
2869.83	1836.5
2870.28	1869.5
2870.74	1848.5
2871.19	1849.5
2871.64	1887.5
2872.1	1897.5
2872.55	1911.5
2873.01	1875.5
2873.46	1816.5
2873.91	1872.5
2874.37	1777.5
2874.82	1888.5
2875.27	1895.5
2875.73	1899.5
2876.18	1874.5
2876.63	1796.5
2877.09	1861.5
2877.54	1874.5
2877.99	1835.5
2878.44	1869.5
2878.9	1857.5
2879.35	1768.5
2879.8	1856.5
2880.26	1800.5
2880.71	1855.5
2881.16	1854.5
2881.62	1918.5
2882.07	1892.5
2882.52	1855.5
2882.97	1903.5
2883.43	1938.5
2883.88	1924.5
2884.33	1846.5
2884.79	1872.5
2885.24	1871.5
2885.69	1904.5
2886.14	1817.5
2886.59	1876.5
2887.05	1922.5
2887.5	1898.5
2887.95	1862.5
2888.4	1850.5
2888.86	1748.5
2889.31	1857.5
2889.76	1805.5
2890.21	1814.5
2890.66	1862.5
2891.12	1877.5
2891.57	1913.5
2892.02	1911.5
2892.47	1850.5
2892.92	1872.5
2893.38	1881.5
2893.83	1856.5
2894.28	1861.5
2894.73	1863.5
2895.18	1897.5
2895.63	1892.5
2896.09	1840.5
2896.54	1810.5
2896.99	1909.5
2897.44	1886.5
2897.89	1854.5
2898.34	1845.5
2898.79	1845.5
2899.24	1815.5
2899.7	1842.5
2900.15	1895.5
2900.6	1879.5
2901.05	1819.5
2901.5	1863.5
2901.95	1879.5
2902.4	1940.5
2902.85	1836.5
2903.3	1924.5
2903.75	1892.5
2904.21	1855.5
2904.66	1848.5
2905.11	1917.5
2905.56	1911.5
2906.01	1865.5
2906.46	1921.5
2906.91	1894.5
2907.36	1865.5
2907.81	1883.5
2908.26	1878.5
2908.71	1885.5
2909.16	1906.5
2909.61	1900.5
2910.06	1908.5
2910.51	1830.5
2910.96	1847.5
2911.41	1891.5
2911.86	1907.5
2912.31	1845.5
2912.76	1834.5
2913.21	1847.5
2913.66	1885.5
2914.11	1918.5
2914.56	1849.5
2915.01	1863.5
2915.46	1887.5
2915.91	1889.5
2916.36	1940.5
2916.81	1909.5
2917.26	1827.5
2917.71	1846.5
2918.16	1886.5
2918.61	1911.5
2919.06	1851.5
2919.51	1905.5
2919.96	1918.5
2920.41	1923.5
2920.85	1892.5
2921.3	1903.5
2921.75	1909.5
2922.2	1935.5
2922.65	1903.5
2923.1	1830.5
2923.55	1879.5
2924	1878.5
2924.45	1929.5
2924.9	1850.5
2925.34	1819.5
2925.79	1880.5
2926.24	1895.5
2926.69	1850.5
2927.14	1787.5
2927.59	1888.5
2928.04	1833.5
2928.49	1842.5
2928.93	1927.5
2929.38	1962.5
2929.83	1840.5
2930.28	1932.5
2930.73	1870.5
2931.18	1858.5
2931.62	1905.5
2932.07	1843.5
2932.52	1827.5
2932.97	1916.5
2933.42	1893.5
2933.86	1908.5
2934.31	1918.5
2934.76	1936.5
2935.21	1940.5
2935.66	1857.5
2936.1	1900.5
2936.55	1832.5
2937	1845.5
2937.45	1872.5
2937.9	1890.5
2938.34	1903.5
2938.79	1852.5
2939.24	1902.5
2939.69	1850.5
2940.13	1808.5
2940.58	1914.5
2941.03	1804.5
2941.48	1834.5
2941.92	1908.5
2942.37	1857.5
2942.82	1839.5
2943.26	1896.5
2943.71	1874.5
2944.16	1892.5
2944.61	1863.5
2945.05	1849.5
2945.5	1872.5
2945.95	1883.5
2946.39	1923.5
2946.84	1887.5
2947.29	1833.5
2947.74	1922.5
2948.18	1901.5
2948.63	1891.5
2949.07	1860.5
2949.52	1841.5
2949.97	1923.5
2950.41	1897.5
2950.86	1878.5
2951.31	1919.5
2951.75	1911.5
2952.2	1873.5
2952.65	1868.5
2953.09	1915.5
2953.54	1944.5
2953.98	1876.5
2954.43	1884.5
2954.88	1918.5
2955.32	1933.5
2955.77	1892.5
2956.22	1923.5
2956.66	1851.5
2957.11	1864.5
2957.55	1879.5
2958	1776.5
2958.44	1912.5
2958.89	1919.5
2959.34	1879.5
2959.78	1897.5
2960.23	1885.5
2960.67	1873.5
2961.12	1866.5
2961.56	1886.5
2962.01	1844.5
2962.46	1881.5
2962.9	1959.5
2963.35	1900.5
2963.79	1867.5
2964.24	1895.5
2964.68	1824.5
2965.13	1850.5
2965.57	1922.5
2966.02	1838.5
2966.46	1851.5
2966.91	1902.5
2967.35	1876.5
2967.8	1887.5
2968.24	1829.5
2968.69	1898.5
2969.13	1847.5
2969.58	1825.5
2970.02	1829.5
2970.47	1858.5
2970.91	1902.5
2971.36	1895.5
2971.8	1883.5
2972.24	1817.5
2972.69	1923.5
2973.13	1837.5
2973.58	1903.5
2974.02	1872.5
2974.47	1911.5
2974.91	1832.5
2975.36	1881.5
2975.8	1904.5
2976.24	1889.5
2976.69	1916.5
2977.13	1938.5
2977.58	1950.5
2978.02	1889.5
2978.46	1853.5
2978.91	1850.5
2979.35	1866.5
2979.8	1891.5
2980.24	1865.5
2980.68	1868.5
2981.13	1902.5
2981.57	1907.5
2982.01	1932.5
2982.46	1895.5
2982.9	1812.5
2983.34	1867.5
2983.79	1795.5
2984.23	1880.5
2984.67	1825.5
2985.12	1825.5
2985.56	1930.5
2986	1864.5
2986.45	1826.5
2986.89	1820.5
2987.33	1838.5
2987.78	1770.5
2988.22	1737.5
2988.66	1731.5
2989.11	1813.5
2989.55	1829.5
2989.99	1857.5
2990.44	1876.5
2990.88	1868.5
2991.32	1869.5
2991.76	1900.5
2992.21	1951.5
2992.65	1939.5
2993.09	1867.5
2993.53	1855.5
2993.98	1929.5
2994.42	1923.5
2994.86	1894.5
2995.3	1827.5
2995.75	1849.5
2996.19	2001.5
2996.63	1840.5
2997.07	1863.5
2997.52	1877.5
2997.96	1900.5
2998.4	1880.5
2998.84	1921.5
2999.28	1933.5
2999.73	1880.5
3000.17	1885.5
3000.61	1915.5
3001.05	1867.5
3001.49	1895.5
3001.94	1913.5
3002.38	1869.5
3002.82	1894.5
3003.26	1869.5
3003.7	1911.5
3004.14	1903.5
3004.59	1899.5
3005.03	1924.5
3005.47	1887.5
3005.91	1916.5
3006.35	1872.5
3006.79	1863.5
3007.23	1862.5
3007.67	1870.5
3008.12	1868.5
3008.56	1918.5
3009	1860.5
3009.44	1829.5
3009.88	1916.5
3010.32	1950.74
3010.76	1890.39
3011.2	1850.45
3011.64	1870.06
3012.09	1878.92
3012.53	1826.38
3012.97	1726.61
3013.41	1854.68
3013.85	1881.81
3014.29	1880.98
3014.73	1925.71
3015.17	1876.17
3015.61	1902.55
3016.05	1850.07
3016.49	1881.27
3016.93	1880.38
3017.37	1893.33
3017.81	1929.37
3018.25	1873.98
3018.69	1892.53
3019.13	1895.71
3019.57	1876.91
3020.01	1874.62
3020.45	1836.3
3020.89	1869.01
3021.33	1857.95
3021.77	1871.46
3022.21	1916.21
3022.65	1888.64
3023.09	1894.44
3023.53	1869.98
3023.97	1904.65
3024.41	1900.95
3024.85	1873.05
3025.29	1871.61
3025.73	1880.7
3026.17	1814.4
3026.61	1896.68
3027.05	1878.57
3027.49	1898.82
3027.93	1903.08
3028.37	1879.64
3028.81	1869.25
3029.25	1930.34
3029.69	1903.44
3030.12	1847.78
3030.56	1851.54
3031	1962.94
3031.44	1904.49
3031.88	1845.84
3032.32	1884.72
3032.76	1932.2
3033.2	1879.13
3033.64	1881.58
3034.08	1861
3034.51	1913.96
3034.95	1863.23
3035.39	1880.76
3035.83	1732.05
3036.27	1859.86
3036.71	1906.62
3037.15	1804.76
3037.59	1906.56
3038.02	1875.51
3038.46	1881.82
3038.9	1906.7
3039.34	1863.82
3039.78	1852.58
3040.22	1868.86
3040.65	1811.79
3041.09	1890.41
3041.53	1904.18
3041.97	1953.08
3042.41	1849.23
3042.84	1870.24
3043.28	1858.73
3043.72	1846.27
3044.16	1845.11
3044.6	1885.86
3045.03	1834.82
3045.47	1732.78
3045.91	1878.51
3046.35	1865.6
3046.79	1829.41
3047.22	1921.62
3047.66	1840.44
3048.1	1879.62
3048.53	1848.78
3048.97	1891.59
3049.41	1877.48
3049.85	1843.96
3050.28	1846.02
3050.72	1891.79
3051.16	1898.38
3051.6	1836.28
3052.03	1869.06
3052.47	1883.3
3052.91	1875.26
3053.34	1888.59
3053.78	1892.14
3054.22	1836.67
3054.65	1831.6
3055.09	1904.88
3055.53	1877.85
3055.97	1929.62
3056.4	1869.21
3056.84	1907.45
3057.28	1814.68
3057.71	1893.73
3058.15	1768.93
3058.59	1875.14
3059.02	1852.81
3059.46	1843.39
3059.9	1845.86
3060.33	1812.42
3060.77	1924.84
3061.2	1908.45
3061.64	1895.5
3062.08	1883.31
3062.51	1889.47
3062.95	1895.32
3063.39	1842.54
3063.82	1862.29
3064.26	1841.51
3064.69	1889.92
3065.13	1879.23
3065.57	1876.12
3066	1953.81
3066.44	1853.34
3066.87	1846.23
3067.31	1857.51
3067.74	1864.54
3068.18	1816.28
3068.62	1855.64
3069.05	1872.86
3069.49	1823.5
3069.92	1808.89
3070.36	1826.35
3070.79	1883.31
3071.23	1878.63
3071.66	1888.2
3072.1	1811.66
3072.54	1870.22
3072.97	1849.89
3073.4	1854.83
3073.84	1845.19
3074.28	1913.55
3074.71	1858.47
3075.15	1857.73
3075.58	1832.33
3076.02	1857.13
3076.45	1837.19
3076.89	1816.88
3077.32	1836
3077.75	1789.83
3078.19	1866.91
3078.62	1833.04
3079.06	1817.17
3079.49	1865.69
3079.93	1903.32
3080.36	1880.2
3080.8	1872.58
3081.23	1892.78
3081.67	1873.39
3082.1	1845.5
3082.53	1826.56
3082.97	1881.51
3083.4	1839.53
3083.84	1831.97
3084.27	1912.53
3084.71	1926.57
3085.14	1874.41
3085.57	1892.69
3086.01	1782.61
3086.44	1851.77
3086.88	1820.59
3087.31	1904.36
3087.74	1868.01
3088.18	1835.19
3088.61	1873.73
3089.04	1888.25
3089.48	1883.78
3089.91	1904
3090.35	1887.68
3090.78	1860.41
3091.21	1895.09
3091.65	1809.8
3092.08	1858.44
3092.51	1856.42
3092.95	1837.35
3093.38	1880.83
3093.81	1838.08
3094.25	1917.17
3094.68	1869.97
3095.11	1895.76
3095.55	1843.91
3095.98	1885.15
3096.41	1821.98
3096.85	1840.03
3097.28	1819.39
3097.71	1813.73
3098.14	1868.6
3098.58	1866.63
3099.01	1856.57
3099.44	1869.36
3099.88	1878.69
3100.31	1896.84
3100.74	1879.4
3101.17	1843.69
3101.61	1845.19
3102.04	1842.14
3102.47	1871.6
3102.9	1843.77
3103.34	1892.97
3103.77	1853.1
3104.2	1880.76
3104.63	1869.44
3105.06	1840.23
3105.5	1836.67
3105.93	1791.4
3106.36	1828.54
3106.79	1786.33
3107.23	1838.3
3107.66	1869.37
3108.09	1853.72
3108.52	1918.95
3108.95	1824.58
3109.38	1841.38
3109.82	1852.04
3110.25	1867.92
3110.68	1837.59
3111.11	1842.74
3111.54	1835.32
3111.98	1863.1
3112.41	1861.4
3112.84	1825.9
3113.27	1864.7
3113.7	1902.19
3114.13	1849.65
3114.56	1888.75
3115	1877.19
3115.43	1856.17
3115.86	1828.08
3116.29	1856.96
3116.72	1785.98
3117.15	1883.84
3117.58	1856.1
3118.01	1777.77
3118.44	1879.84
3118.88	1836.63
3119.31	1840.88
3119.74	1846.36
3120.17	1811.15
3120.6	1817.51
3121.03	1857.13
3121.46	1793.24
3121.89	1873.03
3122.32	1885.38
3122.75	1879.37
3123.18	1841.56
3123.61	1882.96
3124.05	1838.61
3124.48	1823.91
3124.91	1844.47
3125.34	1827.4
3125.77	1840.93
3126.2	1837.97
3126.63	1837.32
3127.06	1837.5
3127.49	1827.23
3127.92	1908.96
3128.35	1818.36
3128.78	1843.54
3129.21	1833.83
3129.64	1821.55
3130.07	1806.82
3130.5	1821.53
3130.93	1814.87
3131.36	1868.78
3131.79	1856.66
3132.22	1851.67
3132.65	1875.44
3133.08	1892.06
3133.51	1833.28
3133.93	1797.06
3134.36	1814.2
3134.79	1838.79
3135.22	1769.17
3135.65	1880.18
3136.08	1834.76
3136.51	1879.73
3136.94	1840.6
3137.37	1803.01
3137.8	1820.03
3138.23	1847.51
3138.66	1832.03
3139.09	1821.94
3139.52	1845.08
3139.95	1843.27
3140.37	1851.81
3140.8	1859.97
3141.23	1911.83
3141.66	1903.61
3142.09	1836.25
3142.52	1885.85
3142.95	1876.69
3143.38	1868.82
3143.8	1818.42
3144.23	1808.46
3144.66	1824.05
3145.09	1860.22
3145.52	1833.31
3145.95	1850.38
3146.38	1875.8
3146.8	1862.03
3147.23	1865.51
3147.66	1808
3148.09	1825.65
3148.52	1822.72
3148.94	1834.35
3149.37	1808.96
3149.8	1831.95
3150.23	1837.8
3150.66	1810.37
3151.08	1853.52
3151.51	1845.15
3151.94	1862.81
3152.37	1823.49
3152.8	1866.84
3153.22	1818.48
3153.65	1872.53
3154.08	1822.62
3154.51	1806.75
3154.93	1827.15
3155.36	1889.67
3155.79	1839.14
3156.22	1884.09
3156.65	1858.1
3157.07	1812.48
3157.5	1884.81
3157.93	1813.23
3158.35	1807.89
3158.78	1829.6
3159.21	1845.62
3159.64	1871.46
3160.06	1843.8
3160.49	1851.09
3160.92	1812.86
3161.34	1892.51
3161.77	1857.41
3162.2	1829.2
3162.62	1809.87
3163.05	1839.61
3163.48	1856.7
3163.91	1846.3
3164.33	1830.86
3164.76	1833.44
3165.19	1848.83
3165.61	1855.99
3166.04	1833.6
3166.46	1827.83
3166.89	1781.93
3167.32	1836.96
3167.74	1801.22
3168.17	1818.36
3168.6	1861.31
3169.02	1874.7
3169.45	1871.61
3169.88	1867.62
3170.3	1887.72
3170.73	1851.07
3171.15	1802.25
3171.58	1863.57
3172.01	1790.17
3172.43	1821.37
3172.86	1840.2
3173.28	1877.69
3173.71	1851.06
3174.14	1821.39
3174.56	1903.62
3174.99	1890.47
3175.41	1836.5
3175.84	1825.96
3176.26	1805.94
3176.69	1797.16
3177.11	1821.58
3177.54	1798.87
3177.97	1819.96
3178.39	1854.27
3178.82	1868.13
3179.24	1859.3
3179.67	1803.4
3180.09	1858.77
3180.52	1802.85
3180.94	1828.48
3181.37	1805.76
3181.79	1784.29
3182.22	1845.17
3182.64	1888.42
3183.07	1842.21
3183.49	1863.13
3183.92	1871.63
3184.34	1859.96
3184.77	1866.97
3185.19	1803.33
3185.62	1834.13
3186.04	1810.99
3186.47	1807.86
3186.89	1746.53
3187.32	1809.11
3187.74	1867.79
3188.16	1848.08
3188.59	1829.48
3189.01	1872.6
3189.44	1770.33
3189.86	1850.53
3190.29	1854.9
3190.71	1804.6
3191.14	1836.17
3191.56	1772.85
3191.98	1800.7
3192.41	1765.29
3192.83	1811.83
3193.26	1802.74
3193.68	1790.14
3194.1	1780.47
3194.53	1800.67
3194.95	1804.44
3195.38	1830.39
3195.8	1787.25
3196.22	1871.21
3196.65	1847.17
3197.07	1824.71
3197.49	1879.21
3197.92	1848.77
3198.34	1890.28
3198.77	1846.76
3199.19	1835.54
3199.61	1832.1
3200.03	1776.41
3200.46	1820.11
3200.88	1849.47
3201.31	1881.3
3201.73	1814.4
3202.15	1852.74
3202.57	1852.29
3203	1910.35
3203.42	1823.7
3203.84	1856.07
3204.27	1834.21
3204.69	1860.25
3205.11	1856.71
3205.54	1863.36
3205.96	1840.42
3206.38	1809.51
3206.8	1838.68
3207.23	1851.67
3207.65	1849.69
3208.07	1869.39
3208.5	1855.95
3208.92	1809.69
3209.34	1854.73
3209.76	1836.46
3210.18	1865.51
3210.61	1846.87
3211.03	1822.65
3211.45	1877.82
3211.87	1924.43
3212.3	1868.55
3212.72	1851.05
3213.14	1840.05
3213.56	1871.86
3213.99	1871.79
3214.41	1762.46
3214.83	1866.21
3215.25	1839.46
3215.67	1848.44
3216.1	1828.96
3216.52	1824.32
3216.94	1839.18
3217.36	1845.07
3217.78	1843.61
3218.2	1776.59
3218.63	1796.74
3219.05	1797.38
3219.47	1796.14
3219.89	1839.48
3220.31	1819.78
3220.73	1852.58
3221.15	1883.92
3221.58	1845.27
3222	1824.19
3222.42	1853
3222.84	1868.36
3223.26	1894.39
3223.68	1798.4
3224.1	1830.77
3224.52	1808.71
3224.95	1870.44
3225.37	1837.46
3225.79	1845.02
3226.21	1917.46
3226.63	1831.78
3227.05	1833.86
3227.47	1846.88
3227.89	1820.28
3228.31	1795.35
3228.73	1769.15
3229.15	1848.62
3229.58	1822.56
3230	1884.09
3230.42	1902.48
3230.84	1859.08
3231.26	1912.8
3231.68	1873.82
3232.1	1796.38
3232.52	1893.23
3232.94	1768.66
3233.36	1851.67
3233.78	1782.59
3234.2	1831.89
3234.62	1852.49
3235.04	1856.65
3235.46	1851.27
3235.88	1891.97
3236.3	1821.51
3236.72	1872.9
3237.14	1835.14
3237.56	1757.99
3237.98	1752.06
3238.4	1777.41
3238.82	1820.64
3239.24	1831.09
3239.66	1818.63
3240.08	1833.4
3240.5	1818.04
3240.92	1843.28
3241.34	1811.9
3241.76	1830.93
3242.18	1808.45
3242.6	1792.54
3243.01	1785.91
3243.43	1797.4
3243.85	1790.74
3244.27	1809.2
3244.69	1837.24
3245.11	1835.88
3245.53	1806.77
3245.95	1869.83
3246.37	1853.2
3246.72	1856.77
3247.15	1841.92
3247.58	1752.98
3248.01	1814.48
3248.43	1763.3
3248.86	1762.25
3249.29	1810.78
3249.72	1857.47
3250.15	1839.18
3250.57	1809.01
3251	1847.15
3251.43	1855.89
3251.85	1868.52
3252.28	1844.28
3252.71	1827.47
3253.14	1790.03
3253.56	1871.84
3253.99	1875.05
3254.42	1822.12
3254.85	1859.47
3255.27	1836.28
3255.7	1797.98
3256.13	1798.48
3256.55	1793.11
3256.98	1830.93
3257.41	1832.31
3257.84	1769.55
3258.26	1849.35
3258.69	1902.61
3259.11	1809.35
3259.54	1814.09
3259.97	1857.89
3260.4	1833.09
3260.82	1842.16
3261.25	1781.58
3261.68	1808.78
3262.1	1844.49
3262.53	1816.12
3262.95	1833.59
3263.38	1835.55
3263.81	1847.35
3264.23	1810.39
3264.66	1849.47
3265.09	1827.82
3265.51	1800.07
3265.94	1778.53
3266.37	1770.73
3266.79	1783.03
3267.22	1868.94
3267.64	1822.56
3268.07	1834.51
3268.5	1775.18
3268.92	1780.17
3269.35	1851.91
3269.77	1807.61
3270.2	1837.18
3270.62	1833.64
3271.05	1835.95
3271.47	1812.01
3271.9	1814.59
3272.33	1808.78
3272.75	1847.85
3273.18	1808.53
3273.6	1847.24
3274.03	1857.52
3274.45	1824.1
3274.88	1768.85
3275.3	1802.16
3275.73	1769.75
3276.15	1785.53
3276.58	1800.6
3277.01	1774.92
3277.43	1769.09
3277.86	1768.3
3278.28	1785.71
3278.71	1835.27
3279.13	1779.43
3279.56	1825.42
3279.98	1755.12
3280.41	1803.23
3280.83	1791.96
3281.25	1791.1
3281.68	1839.32
3282.1	1789.78
3282.53	1792.84
3282.95	1826.69
3283.38	1772.95
3283.8	1779.92
3284.23	1792.07
3284.65	1801.09
3285.08	1782.67
3285.5	1768.24
3285.92	1829.92
3286.35	1839.85
3286.77	1834.27
3287.2	1758.54
3287.62	1804.53
3288.05	1785.07
3288.47	1813.83
3288.89	1760.43
3289.32	1780.47
3289.74	1815.44
3290.17	1787.02
3290.59	1823.83
3291.01	1796.83
3291.44	1840.74
3291.86	1860.1
3292.28	1807.74
3292.71	1850.61
3293.13	1789.68
3293.56	1828.18
3293.98	1777.85
3294.4	1805.16
3294.83	1803.09
3295.25	1847.1
3295.67	1814.84
3296.1	1805.19
3296.52	1816.49
3296.94	1825.85
3297.37	1814.94
3297.79	1760.61
3298.21	1833.66
3298.64	1794.46
3299.06	1788.37
3299.48	1850.77
3299.91	1824.08
3300.33	1829.66
3300.75	1817.07
3301.18	1839.09
3301.6	1837.11
3302.02	1863.83
3302.44	1789.13
3302.87	1806.1
3303.29	1782.68
3303.71	1795.33
3304.13	1818.17
3304.56	1795.69
3304.98	1821.68
3305.4	1834.41
3305.83	1833.38
3306.25	1790.33
3306.67	1808.34
3307.09	1821.25
3307.52	1773.43
3307.94	1794.16
3308.36	1789.61
3308.78	1783.59
3309.2	1784.23
3309.63	1858.32
3310.05	1820.69
3310.47	1862.55
3310.89	1828.25
3311.32	1787.28
3311.74	1823.73
3312.16	1864
3312.58	1841.09
3313	1819.73
3313.43	1779.92
3313.85	1776.27
3314.27	1825.04
3314.69	1781.71
3315.11	1778.62
3315.53	1841.18
3315.96	1816.99
3316.38	1824.78
3316.8	1794.8
3317.22	1806.48
3317.64	1759.97
3318.06	1790.88
3318.48	1794.24
3318.91	1812.87
3319.33	1811.48
3319.75	1796.26
3320.17	1844.76
3320.59	1821.79
3321.01	1840.06
3321.43	1820.16
3321.85	1810.51
3322.28	1809.65
3322.7	1807.87
3323.12	1749.36
3323.54	1788.95
3323.96	1836.75
3324.38	1816.22
3324.8	1799.71
3325.22	1820.28
3325.64	1816.02
3326.06	1845.76
3326.48	1787.99
3326.9	1821.58
3327.33	1842.4
3327.75	1843.28
3328.17	1802.24
3328.59	1821.14
3329.01	1833.03
3329.43	1796.75
3329.85	1800.17
3330.27	1810.69
3330.69	1815.42
3331.11	1775.11
3331.53	1753.07
3331.95	1796.97
3332.37	1735.15
3332.79	1781.54
3333.21	1808.11
3333.63	1784.59
3334.05	1786.8
3334.47	1792.22
3334.89	1803.32
3335.31	1772.66
3335.73	1824.24
3336.15	1798.86
3336.57	1823.24
3336.99	1787.76
3337.41	1778.3
3337.83	1830.62
3338.25	1785.35
3338.67	1800.39
3339.09	1841.43
3339.51	1838.85
3339.93	1805.96
3340.35	1794.16
3340.76	1817.68
3341.18	1759.5
3341.6	1811.18
3342.02	1776.17
3342.44	1820.85
3342.86	1778.36
3343.28	1801.95
3343.7	1803.21
3344.12	1836.12
3344.54	1788.22
3344.96	1802.02
3345.37	1777.08
3345.79	1823.85
3346.21	1766.69
3346.63	1794.78
3347.05	1756.87
3347.47	1817.79
3347.89	1788.09
3348.31	1771.92
3348.73	1783.31
3349.14	1813.21
3349.56	1799.92
3349.98	1788.3
3350.4	1777.54
3350.82	1803.14
3351.24	1803.23
3351.65	1708.6
3352.07	1851.75
3352.49	1833.38
3352.91	1841.63
3353.33	1822.66
3353.75	1776.8
3354.16	1791.58
3354.58	1817.45
3355	1776.65
3355.42	1803.72
3355.84	1762
3356.25	1798.29
3356.67	1840.13
3357.09	1803.33
3357.51	1829.43
3357.93	1813.04
3358.34	1844.02
3358.76	1783.58
3359.18	1792.04
3359.6	1803.1
3360.01	1854.81
3360.43	1789.25
3360.85	1778.47
3361.27	1799.12
3361.69	1779.77
3362.1	1796.93
3362.52	1724.3
3362.94	1857.3
3363.35	1775.6
3363.77	1788.47
3364.19	1802.75
3364.61	1785.85
3365.02	1789.4
3365.44	1737.17
3365.86	1815.58
3366.27	1832.06
3366.69	1830.28
3367.11	1766.53
3367.53	1827.83
3367.94	1832.76
3368.36	1801.96
3368.78	1802.19
3369.19	1781.09
3369.61	1766.76
3370.03	1842.3
3370.44	1756.75
3370.86	1781.4
3371.28	1811.99
3371.69	1820.03
3372.11	1836.3
3372.52	1796.15
3372.94	1840.55
3373.36	1799.11
3373.78	1805.32
3374.19	1802.67
3374.61	1795.76
3375.02	1778.01
3375.44	1796.29
3375.86	1789.24
3376.27	1878.34
3376.69	1792.32
3377.1	1794.28
3377.52	1805.16
3377.94	1791.61
3378.35	1794
3378.77	1793.78
3379.19	1807.67
3379.6	1842.92
3380.02	1788.2
3380.43	1874.06
3380.85	1789.84
3381.26	1797.97
3381.68	1822.16
3382.09	1808.45
3382.51	1832.06
3382.93	1814.59
3383.34	1807.09
3383.76	1777.41
3384.17	1827.73
3384.59	1797.68
3385	1764.22
3385.42	1810.43
3385.83	1843.44
3386.25	1894.9
3386.66	1794.25
3387.08	1807.08
3387.49	1797.87
3387.91	1754.31
3388.32	1786.21
3388.74	1788.37
3389.15	1799.68
3389.57	1720.16
3389.98	1719.49
3390.4	1745.15
3390.81	1782.85
3391.23	1756.83
3391.64	1808.66
3392.06	1824.24
3392.47	1848.71
3392.89	1770.79
3393.3	1799.93
3393.72	1811.11
3394.13	1802.69
3394.55	1776.31
3394.96	1833.35
3395.37	1859.02
3395.79	1814.46
3396.2	1811.21
3396.62	1815.29
3397.03	1801.75
3397.45	1796.17
3397.86	1774.23
3398.27	1781.28
3398.69	1816.69
3399.1	1826.3
3399.52	1839.6
3399.93	1858.4
3400.34	1782.18
3400.76	1797.08
3401.17	1850.74
3401.59	1805.34
3402	1810.15
3402.41	1759.21
3402.83	1829.7
3403.24	1818.45
3403.65	1776.19
3404.07	1781.15
3404.48	1835.18
3404.89	1800.68
3405.31	1825.56
3405.72	1788.31
3406.14	1800.65
3406.55	1780.74
3406.96	1817.24
3407.38	1736.66
3407.79	1846.82
3408.2	1798.31
3408.62	1793.76
3409.03	1810.18
3409.44	1803.56
3409.85	1779.6
3410.27	1830.41
3410.68	1823.81
3411.09	1817.87
3411.51	1834.78
3411.92	1836.54
3412.33	1799.77
3412.75	1740.56
3413.16	1767.3
3413.57	1768.17
3413.98	1842.67
3414.4	1820.35
3414.81	1827.81
3415.22	1814.25
3415.63	1812.81
3416.05	1827.27
3416.46	1823.09
3416.87	1814.55
3417.28	1774.99
3417.7	1824.1
3418.11	1792.95
3418.52	1822.01
3418.93	1808.35
3419.35	1851.28
3419.76	1806.62
3420.17	1756.3
3420.58	1833.98
3420.99	1754.3
3421.41	1818.82
3421.82	1806.46
3422.23	1767.11
3422.64	1814.26
3423.05	1808.23
3423.47	1833.65
3423.88	1859.57
3424.29	1821.54
3424.7	1824.5
3425.11	1817.11
3425.52	1809.65
3425.94	1806.79
3426.35	1779.62
3426.76	1767.96
3427.17	1852.34
3427.58	1797.41
3427.99	1811.53
3428.4	1816.05
3428.81	1805.34
3429.23	1832.16
3429.64	1767.18
3430.05	1838.76
3430.46	1815.19
3430.87	1811.39
3431.28	1854.87
3431.69	1741.46
3432.1	1797.23
3432.52	1831.64
3432.93	1830.99
3433.34	1797.4
3433.75	1814.28
3434.16	1834.47
3434.57	1744.35
3434.98	1782.65
3435.39	1832.71
3435.8	1826.32
3436.21	1814.41
3436.62	1864.72
3437.03	1852.48
3437.45	1771.34
3437.86	1818.12
3438.27	1851.37
3438.68	1751.11
3439.09	1827.89
3439.5	1846.49
3439.91	1823.71
3440.32	1855.67
3440.73	1805.04
3441.14	1834.69
3441.55	1815.34
3441.96	1782.91
3442.37	1883.08
3442.78	1814.98
3443.19	1834.67
3443.6	1772.61
3444.01	1861.28
3444.42	1840.51
3444.83	1778.81
3445.24	1776.84
3445.65	1785.03
3446.06	1756.01
3446.47	1807.52
3446.88	1770.78
3447.29	1865.28
3447.7	1832.79
3448.11	1810.54
3448.52	1846.97
3448.93	1862
3449.33	1807.69
3449.74	1809.75
3450.15	1827.46
3450.56	1813.11
3450.97	1825.53
3451.38	1836.48
3451.79	1856.07
3452.2	1840.46
3452.61	1819.88
3453.02	1823.37
3453.43	1859.51
3453.84	1801.99
3454.25	1803.03
3454.65	1811.97
3455.06	1836.49
3455.47	1778.35
3455.88	1762.07
3456.29	1857.6
3456.7	1784.46
3457.11	1793.08
3457.52	1778.16
3457.93	1817.69
3458.33	1835.47
3458.74	1823.36
3459.15	1772.82
3459.56	1756.35
3459.97	1821.22
3460.38	1829.86
3460.78	1771.87
3461.19	1858.3
3461.6	1864.82
3462.01	1829.89
3462.42	1810.89
3462.83	1793.91
3463.24	1841.77
3463.64	1816.9
3464.05	1747.31
3464.46	1768.03
3464.87	1812.7
3465.27	1822.67
3465.68	1802.75
3466.09	1879.12
3466.5	1796.43
3466.91	1801.9
3467.31	1839.89
3467.72	1777.98
3468.13	1825.18
3468.54	1805.59
3468.95	1759.27
3469.35	1806.66
3469.76	1770.83
3470.17	1819.56
3470.58	1833.4
3470.98	1853.37
3471.39	1780.36
3471.8	1817.01
3472.2	1756
3472.61	1795.29
3473.02	1749.13
3473.43	1730.1
3473.83	1787.61
3474.24	1768.9
3474.65	1778.03
3475.06	1845.63
3475.46	1814.08
3475.87	1779.39
3476.28	1819.28
3476.68	1853.01
3477.09	1794.73
3477.5	1795.51
3477.9	1779.14
3478.31	1803.65
3478.72	1843.17
3479.12	1822.1
3479.53	1875.4
3479.94	1871.33
3480.34	1844.17
3480.75	1834.93
3481.16	1855.06
3481.56	1839.2
3481.97	1815.42
3482.38	1860.66
3482.78	1797.17
3483.19	1813.68
3483.6	1827.31
3484	1820.47
3484.41	1772.61
3484.81	1856.56
3485.22	1826.65
3485.63	1832.12
3486.03	1841.89
3486.44	1829.56
3486.85	1848.99
3487.25	1816.95
3487.66	1802.78
3488.06	1815.16
3488.47	1794.04
3488.88	1829.38
3489.28	1866.15
3489.69	1822.82
3490.09	1823.16
3490.5	1796.24
3490.9	1858.79
3491.31	1819.11
3491.72	1810.55
3492.12	1826.96
3492.53	1793.93
3492.93	1808.54
3493.34	1866.6
3493.74	1805.97
3494.15	1841.23
3494.55	1836.46
3494.96	1856.45
3495.36	1801.69
3495.77	1796.02
3496.17	1785.82
3496.58	1820.21
3496.98	1790.27
3497.39	1823.94
3497.79	1836.9
3498.2	1825.68
3498.6	1822.37
3499.01	1860.51
3499.41	1861.35
3499.82	1859.99
3500.22	1836.91
3500.63	1801.48
3501.03	1807.18
3501.44	1800.15
3501.84	1785.85
3502.25	1834.63
3502.65	1831.37
3503.06	1814.97
3503.46	1805.82
3503.86	1826.07
3504.27	1818.81
3504.67	1842.32
3505.08	1873.9
3505.48	1798.07
3505.89	1770.06
3506.29	1809.78
3506.69	1799.62
3507.1	1813.01
3507.5	1858.89
3507.91	1774.53
3508.31	1853.7
3508.72	1820.05
3509.12	1885.97
3509.52	1821.17
3509.93	1808.59
3510.33	1821.2
3510.74	1747.53
3511.14	1804.15
3511.54	1801.66
3511.95	1794.66
3512.35	1821.35
3512.75	1846.8
3513.16	1835.68
3513.56	1831.42
3513.96	1845.9
3514.37	1835.7
3514.77	1840.04
3515.17	1819.09
3515.58	1811.56
3515.98	1807.84
3516.38	1808.53
3516.79	1842.91
3517.19	1789.67
3517.59	1845.94
3518	1827.1
3518.4	1827.98
3518.8	1863.18
3519.21	1827.06
3519.61	1811.36
3520.01	1839.92
3520.42	1817.12
3520.82	1806.64
3521.22	1809.76
3521.62	1777.77
3522.03	1803.69
3522.43	1801.72
3522.83	1863.25
3523.23	1836.24
3523.64	1809.63
3524.04	1852.84
3524.44	1824.69
3524.84	1814.41
3525.25	1801.16
3525.65	1825.45
3526.05	1827.57
3526.45	1819.19
3526.86	1832.35
3527.26	1845.95
3527.66	1910.02
3528.06	1882.59
3528.47	1878.21
3528.87	1825.88
3529.27	1829.11
3529.67	1828.49
3530.07	1855.31
3530.48	1872.13
3530.88	1845.91
3531.28	1885.65
3531.68	1874.92
3532.08	1877.83
3532.49	1868.19
3532.89	1872.42
3533.29	1876.45
3533.69	1862.8
3534.09	1841.58
3534.5	1827.03
3534.9	1816.04
3535.3	1770.52
3535.7	1856.49
3536.1	1815.97
3536.5	1846.25
3536.9	1871.64
3537.3	1848.02
3537.71	1859.06
3538.11	1825.26
3538.51	1831.39
3538.91	1870.32
3539.31	1825.58
3539.71	1804.13
3540.11	1867.74
3540.51	1846.32
3540.92	1869.04
3541.32	1828.6
3541.72	1840.87
3542.12	1827.74
3542.52	1850.25
3542.92	1835.78
3543.32	1852.41
3543.72	1827.4
3544.12	1853.76
3544.52	1869.11
3544.92	1855.76
3545.32	1827.72
3545.72	1862.52
3546.12	1850.68
3546.53	1783.04
3546.93	1872.7
3547.33	1837.85
3547.73	1848.7
3548.13	1835.22
3548.53	1879.79
3548.93	1855.1
3549.33	1852.69
3549.73	1827.99
3550.13	1870.33
3550.53	1863.67
3550.93	1887.77
3551.33	1850.16
3551.73	1851.7
3552.13	1818.23
3552.53	1813.07
3552.93	1798.5
3553.33	1853.56
3553.73	1845.31
3554.13	1824.6
3554.53	1846.28
3554.93	1828.6
3555.33	1840.94
3555.73	1844.55
3556.13	1860.88
3556.53	1874.09
3556.93	1867.17
3557.33	1818.84
3557.73	1831.98
3558.12	1828.17
3558.52	1815.05
3558.92	1860.53
3559.32	1853.24
3559.72	1871.1
3560.12	1843.86
3560.52	1861.1
3560.92	1890.2
3561.32	1893.72
3561.72	1898.5
3562.12	1819.4
3562.52	1848.37
3562.92	1868.32
3563.31	1856.33
3563.71	1866.98
3564.11	1870.01
3564.51	1847.82
3564.91	1887.47
3565.31	1918.53
3565.71	1906.94
3566.11	1908.29
3566.51	1865.9
3566.9	1832.8
3567.3	1849.83
3567.7	1877
3568.1	1843.52
3568.5	1855.46
3568.9	1881.92
3569.29	1893.91
3569.69	1891.24
3570.09	1855.36
3570.49	1914.73
3570.89	1878.75
3571.29	1906.29
3571.68	1853.41
3572.08	1846.53
3572.48	1858.76
3572.88	1821.72
3573.28	1848.77
3573.67	1822.22
3574.07	1917.95
3574.47	1885.59
3574.87	1844.84
3575.27	1847.48
3575.66	1873.92
3576.06	1896.65
3576.46	1884.06
3576.86	1891.54
3577.25	1923.43
3577.65	1834.82
3578.05	1872.7
3578.45	1868.57
3578.84	1883.08
3579.24	1869.73
3579.64	1899.18
3580.04	1864.96
3580.43	1858.6
3580.83	1803.49
3581.23	1784.91
3581.63	1799.22
3582.02	1821.95
3582.42	1862.04
3582.82	1842.89
3583.22	1840.13
3583.61	1894.75
3584.01	1850.06
3584.41	1864.77
3584.8	1884.6
3585.2	1912.15
3585.6	1858.63
3585.99	1840.43
3586.39	1878.49
3586.79	1885.17
3587.19	1875.67
3587.58	1854.7
3587.98	1855.66
3588.37	1839.44
3588.77	1831.5
3589.17	1822.28
3589.56	1917.68
3589.96	1907.06
3590.36	1832.51
3590.75	1880.4
3591.15	1814.74
3591.55	1876.78
3591.94	1884.5
3592.34	1864.74
3592.74	1879.01
3593.13	1916.44
3593.53	1933.9
3593.92	1883.02
3594.32	1923.5
3594.72	1891.18
3595.11	1837.29
3595.51	1861.64
3595.9	1870.8
3596.3	1903.6
3596.7	1878.48
3597.09	1877.85
3597.49	1892.73
3597.88	1893.58
3598.28	1875.24
3598.67	1944.85
3599.07	1854.63
3599.47	1848.37
3599.86	1848.02
3600.26	1813.94
3600.65	1849.63
3601.05	1860.26
3601.44	1844.78
3601.84	1878.19
3602.23	1838.01
3602.63	1881.84
3603.02	1861.79
3603.42	1898.93
3603.82	1912.26
3604.21	1826.8
3604.6	1915.2
3605	1854.9
3605.4	1832.4
3605.79	1849.43
3606.18	1880.19
3606.58	1753.55
3606.98	1885.69
3607.37	1925.93
3607.76	1844.33
3608.16	1863.5
3608.55	1839.06
3608.95	1841.99
3609.34	1832.47
3609.74	1814.36
3610.13	1859.14
3610.53	1874.83
3610.92	1821.08
3611.32	1874.75
3611.71	1905.43
3612.11	1840.59
3612.5	1890.1
3612.89	1923.31
3613.29	1810.76
3613.68	1871.39
3614.08	1851.53
3614.47	1857.48
3614.87	1831.82
3615.26	1850.87
3615.65	1851.4
3616.05	1852.23
3616.44	1887.67
3616.84	1842.37
3617.23	1834.56
3617.62	1827.69
3618.02	1812.32
3618.41	1848.33
3618.8	1864.78
3619.2	1814.95
3619.59	1865.46
3619.99	1874.22
3620.38	1834.85
3620.77	1839.5
3621.17	1835
3621.56	1818.01
3621.95	1860.84
3622.35	1890.71
3622.74	1855.45
3623.14	1809.23
3623.53	1840.7
3623.92	1826.61
3624.31	1814.33
3624.71	1801.05
3625.1	1775.26
3625.49	1805.23
3625.89	1780.71
3626.28	1836.16
3626.67	1829.56
3627.07	1761.04
3627.46	1813.93
3627.85	1829.3
3628.25	1793.05
3628.64	1805.24
3629.03	1804.66
3629.42	1833.88
3629.82	1823.26
3630.21	1789.72
3630.6	1805.37
3631	1810.03
3631.39	1803.81
3631.78	1835.37
3631.82	1780.73
3632.22	1853.39
3632.62	1740.21
3633.01	1741.58
3633.41	1774.67
3633.81	1770.47
3634.21	1795.14
3634.6	1747.29
3635	1764.57
3635.4	1831.76
3635.79	1799.35
3636.19	1805.78
3636.59	1793.14
3636.98	1775.73
3637.38	1752.4
3637.78	1779.27
3638.17	1720.12
3638.57	1747.68
3638.97	1756.82
3639.36	1760.6
3639.76	1802.94
3640.15	1651.36
3640.55	1802.17
3640.95	1790.9
3641.34	1808.03
3641.74	1737.39
3642.14	1784.9
3642.53	1762.57
3642.93	1770.6
3643.32	1752.74
3643.72	1670.36
3644.12	1658.47
3644.51	1808.85
3644.91	1738.43
3645.3	1751.21
3645.7	1793.57
3646.1	1746.99
3646.49	1740.12
3646.89	1758.56
3647.28	1735.15
3647.68	1779.76
3648.08	1728.86
3648.47	1754.83
3648.87	1699.4
3649.26	1771.66
3649.66	1770.28
3650.05	1778.57
3650.45	1776.51
3650.84	1740.08
3651.24	1765.84
3651.63	1718.68
3652.03	1747.65
3652.42	1742.52
3652.82	1690.81
3653.22	1733.43
3653.61	1723.86
3654	1733.91
3654.4	1704.85
3654.79	1696.31
3655.19	1758.15
3655.58	1710.79
3655.98	1693.19
3656.38	1747.49
3656.77	1697.84
3657.16	1688.78
3657.56	1710.2
3657.95	1687.79
3658.35	1707.01
3658.74	1718.03
3659.14	1684.45
3659.53	1712.06
3659.93	1655.89
3660.32	1706.59
3660.72	1629.75
3661.11	1630.34
3661.5	1672.99
3661.9	1624.14
3662.29	1641.84
3662.69	1655.11
3663.08	1642.34
3663.48	1668.55
3663.87	1686.52
3664.26	1726.06
3664.66	1703.42
3665.05	1696.3
3665.45	1740
3665.84	1712.87
3666.23	1668.96
3666.63	1697.04
3667.02	1665.94
3667.42	1678.33
3667.81	1690.91
3668.2	1655.96
3668.6	1681.08
3668.99	1741.63
3669.39	1690.5
3669.78	1678.27
3670.17	1693.06
3670.57	1668.49
3670.96	1683.75
3671.35	1671.82
3671.75	1644.07
3672.14	1713.34
3672.53	1636.96
3672.93	1668.88
3673.32	1653.11
3673.71	1664.76
3674.11	1695.43
3674.5	1619.6
3674.89	1656.32
3675.29	1681.73
3675.68	1652.68
3676.07	1627.47
3676.47	1687.68
3676.86	1651.43
3677.25	1636.71
3677.64	1644.97
3678.04	1653.96
3678.43	1711.27
3678.82	1646.21
3679.21	1718.6
3679.61	1655.48
3680	1660.92
3680.39	1644.01
3680.79	1646.46
3681.18	1595.08
3681.57	1674.47
3681.96	1646.82
3682.36	1646.89
3682.75	1668.73
3683.14	1665.02
3683.53	1718.25
3683.93	1659.1
3684.32	1647.09
3684.71	1662.54
3685.1	1658.82
3685.49	1648.57
3685.89	1610.77
3686.28	1654.73
3686.67	1610.98
3687.06	1615.63
3687.45	1631.54
3687.85	1672.7
3688.24	1595.09
3688.63	1666.88
3689.02	1628.83
3689.41	1593.57
3689.81	1609.14
3690.2	1640.82
3690.59	1605.21
3690.98	1628.17
3691.37	1641.5
3691.77	1563.94
3692.16	1643.76
3692.55	1663.01
3692.94	1632.95
3693.33	1618.73
3693.72	1665.63
3694.11	1632.6
3694.5	1616.77
3694.9	1588.05
3695.29	1584.76
3695.68	1584.02
3696.07	1605.93
3696.46	1613.22
3696.85	1635.24
3697.24	1625.25
3697.63	1606.1
3698.03	1661.97
3698.42	1603.9
3698.81	1621.54
3699.2	1603.61
3699.59	1599.16
3699.98	1556.34
3700.37	1586.99
3700.76	1586.12
3701.15	1638.85
3701.54	1601.44
3701.93	1612.82
3702.33	1637.72
3702.72	1636.41
3703.11	1619.44
3703.5	1630.52
3703.89	1595.3
3704.28	1590.28
3704.67	1565.69
3705.06	1598.04
3705.45	1587.71
3705.84	1587.22
3706.23	1596.29
3706.62	1613.71
3707.01	1581.81
3707.4	1653.85
3707.79	1615.01
3708.18	1598.19
3708.57	1592.24
3708.96	1607.24
3709.35	1596.23
3709.74	1558.5
3710.13	1544.4
3710.52	1607.03
3710.91	1591.42
3711.3	1605.6
3711.69	1621.58
3712.08	1563.84
3712.47	1625.82
3712.86	1589.29
3713.25	1576.04
3713.64	1620.2
3714.03	1575.5
3714.42	1592.07
3714.81	1579.45
3715.2	1623.29
3715.59	1589.29
3715.98	1590.76
3716.37	1607.47
3716.75	1620.95
3717.14	1643.26
3717.53	1586.48
3717.92	1593.39
3718.31	1577.08
3718.7	1529.53
3719.09	1564.83
3719.48	1598.14
3719.87	1596.23
3720.26	1631.41
3720.65	1607.97
3721.03	1570.07
3721.42	1642.32
3721.81	1559.71
3722.2	1556.45
3722.59	1551.67
3722.98	1532.09
3723.37	1570.73
3723.76	1531.6
3724.15	1595.97
3724.53	1570.91
3724.92	1569.96
3725.31	1605.14
3725.7	1590.3
3726.09	1596.29
3726.48	1597.64
3726.86	1600.81
3727.25	1576.18
3727.64	1534.38
3728.03	1577.72
3728.42	1572.97
3728.81	1536.74
3729.19	1565.97
3729.58	1565.17
3729.97	1612.02
3730.36	1598.17
3730.75	1588.74
3731.13	1583.25
3731.52	1593.11
3731.91	1572.67
3732.3	1605.01
3732.69	1547.38
3733.07	1598.18
3733.46	1585.2
3733.85	1549.56
3734.24	1580.69
3734.62	1610.04
3735.01	1596.06
3735.4	1561.83
3735.79	1586.25
3736.17	1573.64
3736.56	1597.18
3736.95	1569.09
3737.34	1566.49
3737.73	1547.13
3738.11	1568.05
3738.5	1567.57
3738.89	1562.54
3739.27	1591.32
3739.66	1560.3
3740.05	1620.04
3740.44	1636.13
3740.82	1599.03
3741.21	1591.93
3741.6	1546.65
3741.98	1565.9
3742.37	1497.63
3742.76	1557.9
3743.15	1561.46
3743.53	1576.91
3743.92	1574.04
3744.31	1612.44
3744.69	1605.31
3745.08	1555.85
3745.47	1610.49
3745.85	1543.81
3746.24	1567.9
3746.63	1557.36
3747.01	1579.33
3747.4	1551.17
3747.78	1568.25
3748.17	1540.59
3748.56	1569.7
3748.94	1542.43
3749.33	1587.16
3749.72	1596.83
3750.1	1575.12
3750.49	1562.78
3750.88	1539.01
3751.26	1576.7
3751.65	1573.89
3752.03	1524.93
3752.42	1571.37
3752.81	1582.71
3753.19	1532.91
3753.58	1570.17
3753.96	1607.74
3754.35	1628.79
3754.73	1583.53
3755.12	1557.98
3755.51	1558.2
3755.89	1560.61
3756.28	1546.81
3756.66	1555.71
3757.05	1580.54
3757.43	1573.2
3757.82	1547.15
3758.21	1572.75
3758.59	1574.85
3758.98	1590.8
3759.36	1568.77
3759.75	1576.41
3760.13	1559.4
3760.52	1531.91
3760.9	1533.67
3761.29	1555.96
3761.67	1582.43
3762.06	1566.76
3762.44	1532.31
3762.83	1641.3
3763.21	1636.05
3763.6	1581.34
3763.98	1613.12
3764.37	1590.47
3764.75	1545.23
3765.14	1510.24
3765.52	1524.42
3765.91	1461.27
3766.29	1486.95
3766.68	1511.52
3767.06	1496.45
3767.45	1508.6
3767.83	1552.8
3768.22	1526.22
3768.6	1554.08
3768.99	1601.89
3769.37	1596.85
3769.75	1565.35
3770.14	1569.12
3770.52	1587.72
3770.91	1520.46
3771.29	1519.91
3771.68	1564.62
3772.06	1589.94
3772.44	1572.8
3772.83	1564.38
3773.21	1564.88
3773.6	1582.28
3773.98	1567.91
3774.36	1563.74
3774.75	1592.5
3775.13	1534.2
3775.52	1523.28
3775.9	1549.09
3776.29	1557.5
3776.67	1576.74
3777.05	1543.88
3777.44	1557.12
3777.82	1591.62
3778.2	1540.07
3778.59	1613.53
3778.97	1598.83
3779.35	1536.16
3779.74	1587.52
3780.12	1512.37
3780.5	1517.15
3780.89	1563.14
3781.27	1519.59
3781.65	1593.39
3782.04	1549.48
3782.42	1554.26
3782.8	1558.18
3783.19	1581.57
3783.57	1560.29
3783.95	1570.88
3784.34	1538.31
3784.72	1532.53
3785.1	1572.98
3785.49	1566.91
3785.87	1538.08
3786.25	1519.6
3786.63	1545.32
3787.02	1554.57
3787.4	1566.25
3787.78	1550.13
3788.17	1550.15
3788.55	1552.13
3788.93	1531.79
3789.31	1514.65
3789.7	1556.02
3790.08	1537.14
3790.46	1558.69
3790.84	1551.37
3791.23	1596.13
3791.61	1588.49
3791.99	1566.47
3792.37	1553.23
3792.76	1546.88
3793.14	1556.89
3793.52	1509.47
3793.9	1545.9
3794.28	1567.56
3794.67	1557.77
3795.05	1558.04
3795.43	1561.67
3795.81	1543.14
3796.19	1559.64
3796.58	1558.48
3796.96	1567.18
3797.34	1546.78
3797.72	1611.68
3798.1	1572.61
3798.49	1574.02
3798.87	1591.56
3799.25	1544.94
3799.63	1548.01
3800.01	1555.2
3800.39	1579.9
3800.78	1528.63
3801.16	1570.98
3801.54	1563.35
3801.92	1601.42
3802.3	1571.38
3802.68	1539.38
3803.07	1486.82
3803.45	1531.41
3803.83	1549.48
3804.21	1574.46
3804.59	1603.31
3804.97	1507.48
3805.35	1570.65
3805.73	1536.1
3806.11	1584.06
3806.5	1509.79
3806.88	1516.11
3807.26	1558.69
3807.64	1561.5
3808.02	1574.91
3808.4	1540.24
3808.78	1565.81
3809.16	1483.77
3809.54	1501.52
3809.92	1547.55
3810.3	1562.89
3810.68	1572.98
3811.06	1566.85
3811.45	1543.45
3811.83	1544.39
3812.21	1572.23
3812.59	1531.37
3812.97	1550.15
3813.35	1565.08
3813.73	1483.27
3814.11	1569.39
3814.49	1564.84
3814.87	1536.1
3815.25	1570.05
3815.49	1576.54
3815.88	1566.96
3816.26	1531.21
3816.64	1524.18
3817.03	1521.37
3817.41	1521.56
3817.8	1559.02
3818.18	1556.32
3818.57	1540.82
3818.95	1547.79
3819.34	1570.89
3819.72	1551.67
3820.1	1520.04
3820.49	1550.17
3820.87	1491.29
3821.26	1562.44
3821.64	1557.97
3822.02	1565.24
3822.41	1504.26
3822.79	1513.52
3823.18	1544.08
3823.56	1575.79
3823.94	1531.57
3824.33	1563.83
3824.71	1538.12
3825.1	1590.88
3825.48	1572.77
3825.86	1556.35
3826.25	1550.09
3826.63	1547.96
3827.01	1515.31
3827.4	1464.24
3827.78	1506.23
3828.17	1517.33
3828.55	1583.16
3828.93	1570.93
3829.31	1536.19
3829.7	1554.39
3830.08	1519.15
3830.46	1545.2
3830.85	1493.24
3831.23	1527.17
3831.62	1540.82
3832	1556.07
3832.38	1545.68
3832.76	1566.55
3833.15	1584.26
3833.53	1526.16
3833.91	1522.29
3834.3	1515
3834.68	1580.07
3835.06	1527.75
3835.45	1567.23
3835.83	1545.11
3836.21	1529.68
3836.59	1493.24
3836.97	1531.46
3837.36	1473.45
3837.74	1519.83
3838.12	1513.93
3838.51	1533.59
3838.89	1519.57
3839.27	1529.97
3839.65	1496.02
3840.04	1603.73
3840.42	1537.68
3840.8	1554.92
3841.18	1553.64
3841.57	1531.76
3841.95	1531.23
3842.33	1471.13
3842.71	1475.17
3843.09	1522.51
3843.48	1474.98
3843.86	1482.4
3844.24	1521.07
3844.62	1508.27
3845	1491.83
3845.39	1572.79
3845.77	1485.13
3846.15	1569.03
3846.53	1491.82
3846.91	1530.99
3847.29	1519.16
3847.68	1516.97
3848.06	1563.6
3848.44	1538.05
3848.82	1539.53
3849.2	1554.86
3849.59	1532.63
3849.97	1516.54
3850.35	1546.04
3850.73	1530.38
3851.11	1536.46
3851.49	1494.06
3851.87	1556.64
3852.26	1492.65
3852.64	1535.41
3853.02	1544.72
3853.4	1537.36
3853.78	1557.74
3854.16	1570.84
3854.54	1507.44
3854.92	1509.28
3855.3	1506.84
3855.69	1549.62
3856.07	1523.33
3856.45	1506.81
3856.83	1508.91
3857.21	1546.54
3857.59	1546.95
3857.97	1559.36
3858.35	1512.52
3858.73	1576.08
3859.11	1526.84
3859.49	1541.66
3859.87	1511.59
3860.25	1500.67
3860.64	1500.35
3861.02	1551.73
3861.4	1538.33
3861.78	1538.89
3862.16	1538.64
3862.54	1551.67
3862.92	1532.62
3863.3	1543.5
3863.68	1538.05
3864.06	1522.05
3864.44	1509.13
3864.82	1511.08
3865.2	1469.88
3865.58	1515.83
3865.96	1479.87
3866.34	1486.36
3866.72	1531.06
3867.1	1546.7
3867.48	1565.28
3867.86	1517.09
3868.24	1563.3
3868.62	1551.83
3869	1524.22
3869.38	1570.41
3869.76	1478.65
3870.14	1491.86
3870.52	1503.39
3870.9	1513.8
3871.28	1490.67
3871.66	1532.01
3872.04	1526.92
3872.41	1539.66
3872.79	1549.23
3873.17	1544.08
3873.55	1532.64
3873.93	1530.1
3874.31	1534.33
3874.69	1519.8
3875.07	1519.98
3875.45	1531.59
3875.83	1523.24
3876.21	1546.58
3876.59	1546.96
3876.97	1526.99
3877.34	1563.93
3877.72	1528.67
3878.1	1498.16
3878.48	1508.5
3878.86	1552.12
3879.24	1496.27
3879.62	1492.67
3880	1497.53
3880.37	1515.73
3880.75	1517.29
3881.13	1558.98
3881.51	1499.32
3881.89	1559.03
3882.27	1547.71
3882.65	1537.74
3883.02	1528.17
3883.4	1482.47
3883.78	1505.66
3884.16	1513.88
3884.54	1498.16
3884.92	1521.51
3885.3	1524.52
3885.67	1510.25
3886.05	1503.87
3886.43	1533.67
3886.81	1541.15
3887.19	1514.76
3887.56	1516.71
3887.94	1535.45
3888.32	1502.29
3888.7	1505.75
3889.08	1511.85
3889.45	1500.13
3889.83	1501.72
3890.21	1533.5
3890.59	1531.09
3890.97	1500.87
3891.34	1522.61
3891.72	1489.47
3892.1	1473.13
3892.48	1522.39
3892.85	1525.16
3893.23	1456.49
3893.61	1529.56
3893.99	1464.48
3894.36	1496.84
3894.74	1527.86
3895.12	1523.74
3895.5	1565.95
3895.87	1530.72
3896.25	1490.77
3896.63	1516.06
3897.01	1520.72
3897.38	1536.78
3897.76	1559.72
3898.14	1538.58
3898.51	1510.28
3898.89	1517.7
3899.27	1531.94
3899.64	1525.94
3900.02	1531.88
3900.4	1502.5
3900.78	1539.73
3901.15	1563.45
3901.53	1548.78
3901.91	1583.9
3902.28	1497.54
3902.66	1510.1
3903.04	1499.17
3903.41	1530.55
3903.79	1528.79
3904.17	1509.23
3904.54	1509.69
3904.92	1499.69
3905.29	1515.77
3905.67	1536.04
3906.05	1537.75
3906.42	1496.37
3906.8	1537.9
3907.18	1523.18
3907.55	1501.41
3907.93	1492.41
3908.31	1481.91
3908.68	1500.15
3909.06	1552.74
3909.43	1491.44
3909.81	1544.91
3910.19	1533.83
3910.56	1529.95
3910.94	1522.18
3911.31	1538.15
3911.69	1532.05
3912.06	1554.28
3912.44	1494.93
3912.82	1504.09
3913.19	1519.52
3913.57	1514.22
3913.94	1486.51
3914.32	1515.71
3914.7	1505.61
3915.07	1496.65
3915.45	1519.16
3915.82	1534.75
3916.2	1506.02
3916.57	1517.54
3916.95	1478.56
3917.32	1503.65
3917.7	1498.1
3918.07	1512.76
3918.45	1522.15
3918.82	1545.47
3919.2	1518.66
3919.57	1522.01
3919.95	1536.3
3920.32	1535.41
3920.7	1499.42
3921.07	1547.97
3921.45	1490.08
3921.82	1509.28
3922.2	1502.31
3922.57	1493.74
3922.95	1502.25
3923.32	1510.5
3923.7	1533.3
3924.07	1474.17
3924.45	1560.68
3924.82	1497.21
3925.2	1552.39
3925.57	1547.5
3925.95	1467.82
3926.32	1515.59
3926.69	1516.69
3927.07	1499.66
3927.45	1497.94
3927.82	1468.57
3928.19	1510.63
3928.57	1488.45
3928.94	1533.94
3929.32	1565.28
3929.69	1500.95
3930.06	1469.01
3930.44	1485.48
3930.81	1490.21
3931.19	1529.42
3931.56	1521.72
3931.94	1496.47
3932.31	1475.82
3932.68	1508.77
3933.06	1463.65
3933.43	1507.15
3933.8	1468.94
3934.18	1533.65
3934.55	1481.55
3934.93	1533.42
3935.3	1515.21
3935.67	1469.61
3936.05	1524.72
3936.42	1486.28
3936.79	1476.9
3937.17	1475.01
3937.54	1536.57
3937.91	1508.3
3938.29	1533.41
3938.66	1493.94
3939.03	1555.75
3939.41	1532.96
3939.78	1519.58
3940.15	1526.93
3940.53	1543.03
3940.9	1520.14
3941.27	1506.21
3941.65	1499.09
3942.02	1517.44
3942.39	1552.77
3942.77	1506.87
3943.14	1522.07
3943.51	1469.12
3943.88	1509.39
3944.26	1523.91
3944.63	1529.53
3945	1485.31
3945.38	1494.58
3945.75	1412.32
3946.12	1453.57
3946.49	1435.04
3946.87	1457.26
3947.24	1482.67
3947.61	1526.25
3947.98	1518.53
3948.36	1508.24
3948.73	1534.45
3949.1	1457.87
3949.47	1524.84
3949.85	1491.5
3950.22	1525.77
3950.59	1511.76
3950.96	1524.63
3951.34	1504.32
3951.71	1506
3952.08	1505.46
3952.45	1506.91
3952.82	1541.32
3953.2	1451.16
3953.57	1533.52
3953.94	1519.47
3954.31	1542.05
3954.68	1492.34
3955.06	1544.5
3955.43	1511.24
3955.8	1438.62
3956.17	1517.33
3956.54	1500.6
3956.91	1521.24
3957.29	1337.85
3957.66	1498.09
3958.03	1491.79
3958.4	1543.68
3958.77	1536.81
3959.14	1490.37
3959.52	1572.66
3959.89	1477.59
3960.26	1512.38
3960.63	1508.47
3961	1506.44
3961.37	1576.24
3961.74	1445.61
3962.12	1551.11
3962.49	1504.35
3962.86	1537.21
3963.23	1496.8
3963.6	1520.96
3963.97	1506.84
3964.34	1538.12
3964.71	1520.94
3965.08	1562.39
3965.45	1516.23
3965.82	1528.95
3966.2	1500.85
3966.57	1558.1
3966.94	1541.53
3967.31	1455.36
3967.68	1516.7
3968.05	1603.3
3968.42	1483.43
3968.79	1450.56
3969.16	1497.45
3969.53	1489.49
3969.9	1530.28
3970.27	1479.43
3970.64	1506.4
3971.01	1521.61
3971.38	1504.79
3971.75	1536.23
3972.12	1563.7
3972.49	1520.78
3972.87	1517.13
3973.23	1496
3973.61	1518.08
3973.98	1540.18
3974.34	1476.06
3974.72	1548.08
3975.09	1503.59
3975.46	1499.2
3975.83	1494.75
3976.19	1492.82
3976.57	1488.23
3976.94	1563.27
3977.3	1534.37
3977.68	1488.17
3978.04	1534.44
3978.41	1505.98
3978.78	1516.32
3979.15	1534.99
3979.52	1502.15
3979.89	1513.18
3980.26	1530.33
3980.63	1498.2
3981	1539.85
3981.37	1564.41
3981.74	1489.42
3982.11	1517.78
3982.48	1468.41
3982.85	1505.15
3983.22	1537.83
3983.59	1467.55
3983.96	1511.92
3984.33	1534.57
3984.69	1573.14
3985.06	1527.26
3985.43	1429.4
3985.8	1533.3
3986.17	1562.68
3986.54	1520.51
3986.91	1519.25
3987.28	1472.59
3987.65	1558.47
3988.02	1507.42
3988.38	1554.37
3988.75	1516.16
3989.12	1516.08
3989.49	1488.3
3989.86	1527.9
3990.23	1511.68
3990.6	1551.86
3990.96	1544.48
3991.33	1500.67
3991.7	1513.09
3992.07	1515.01
3992.44	1497.5
3992.81	1446.53
3993.17	1508.5
3993.38	1507.5
3993.75	1539.5
3994.12	1499.5
3994.49	1540.5
3994.87	1519.5
3995.24	1506.5
3995.61	1493.5
3995.98	1526.5
3996.36	1501.5
3996.73	1519.5
3997.1	1499.5
3997.47	1505.5
3997.85	1528.5
3998.22	1512.5
3998.59	1551.5
3998.96	1483.5
3999.33	1523.5
3999.71	1529.5
4000.08	1485.5
