14.9578	1388.5
15.6345	1620.5
16.3112	1897.5
16.9878	2152.5
17.6644	2491.5
18.341	2741.5
19.0175	2981.5
19.6939	3360.5
20.3726	3617.5
21.049	3934.5
21.7253	4080.5
22.4015	4306.5
23.0778	4390.5
23.7539	4417.5
24.4301	4494.5
25.1061	4540.5
25.7822	4482.5
26.4581	4689.5
27.1341	4796.5
27.81	4931.5
28.4858	5036.5
29.1616	5101.5
29.8373	5288.5
30.513	5329.5
31.1887	5432.5
31.8643	5511.5
32.5398	5658.5
33.2131	5616.5
33.8885	5547.5
34.5639	5614.5
35.2393	5876.5
35.9146	5946.5
36.5899	6135.5
37.2651	6242.5
37.9403	6413.5
38.6155	6579.5
39.2882	6763.5
39.9633	6928.5
40.6383	7107.5
41.3132	7244.5
41.9881	7346.5
42.6607	7311.5
43.3355	7404.5
44.0103	7365.5
44.685	7536.5
45.3596	7652.5
46.0319	7906.5
46.7065	8193.5
47.381	8207.5
48.0555	8205.5
48.7277	8359.5
49.402	8365.5
50.0764	8231.5
50.7484	8539.5
51.4226	8762.5
52.0968	8866.5
52.7687	9022.5
53.4428	9182.5
54.1168	9160.5
54.7885	9030.5
55.4625	9425.5
56.1364	9368.5
56.808	9313.5
57.4818	9317.5
58.1556	9426.5
58.827	9503.5
59.5007	9607.5
60.1721	9747.5
60.8456	9926.5
61.5169	10002.5
62.1904	9980.5
62.8615	10173.5
63.5349	10247.5
64.2083	10454.5
64.8793	10536.5
65.5526	10190.5
66.2235	10121.5
66.8967	10147.5
67.5675	10050.5
68.2383	10082.5
68.9113	10274.5
69.582	10369.5
70.2549	10541.5
70.9255	10493.5
71.5984	10349.5
72.2689	10452.5
72.9416	10523.5
73.612	10664.5
74.2824	10671.5
74.955	10746.5
75.6253	10830.5
76.2955	10542.5
76.968	10764.5
77.6381	10621.5
78.3082	10873.5
78.9805	10973.5
79.6505	11033.5
80.3205	10894.5
80.9927	10655.5
81.6625	10806.5
82.3323	10830.5
83.0044	10661.5
83.6741	10926.5
84.3438	10893.5
85.0134	10903.5
85.6852	10819.5
86.3548	10878.5
87.0242	10990.5
87.6937	11041.5
88.3654	10926.5
89.0347	10904.5
89.704	10860.5
90.3733	10761.5
91.0425	10813.5
91.7116	10848.5
92.383	10909.5
93.0521	11038.5
93.7211	11040.5
94.3901	11024.5
95.059	11105.5
95.7279	11056.5
96.3967	11098.5
97.0655	11138.5
97.7365	10965.5
98.4052	11099.5
99.0739	10943.5
99.7425	10962.5
100.411	10817.5
101.08	10675.5
101.748	10863.5
102.416	10884.5
103.085	10760.5
103.753	10677.5
104.421	10666.5
105.09	10625.5
105.758	10867.5
106.426	10906.5
107.094	10850.5
107.762	10890.5
108.43	10901.5
109.098	10808.5
109.766	10967.5
110.432	10860.5
111.099	10993.5
111.767	10931.5
112.435	10917.5
113.103	10557.5
113.77	10456.5
114.438	10299.5
115.105	10526.5
115.771	10449.5
116.438	10608.5
117.105	10285.5
117.773	10316.5
118.44	10473.5
119.107	10457.5
119.772	10629.5
120.439	10824.5
121.107	10914.5
121.774	10733.5
122.438	10609.5
123.105	10519.5
123.772	10638.5
124.439	10692.5
125.104	10751.5
125.771	10712.5
126.437	10737.5
127.104	10664.5
127.769	10644.5
128.435	10599.5
129.102	10559.5
129.766	10633.5
130.432	10627.5
131.099	10516.5
131.763	10489.5
132.429	10552.5
133.093	10303.5
133.76	10574.5
134.426	10623.5
135.09	10462.5
135.756	10473.5
136.42	10406.5
137.086	10262.5
137.752	10262.5
138.415	10257.5
139.081	10522.5
139.745	10645.5
140.411	10622.5
141.074	10526.5
141.74	10345.5
142.403	10503.5
143.069	10445.5
143.732	10494.5
144.398	10411.5
145.061	10469.5
145.724	10325.5
146.389	10296.5
147.052	10280.5
147.718	10456.5
148.381	10546.5
149.046	10441.5
149.709	10479.5
150.371	10458.5
151.037	10306.5
151.699	10343.5
152.362	10309.5
153.027	10392.5
153.69	10334.5
154.354	10390.5
155.017	10198.5
155.679	9997.5
156.342	10045.5
157.006	10278.5
157.669	10149.5
158.331	10428.5
158.996	10309.5
159.658	10033.5
160.32	10108.5
160.982	10016.5
161.646	9925.5
162.308	10149.5
162.97	10153.5
163.632	10068.5
164.294	10041.5
164.958	10108.5
165.62	9954.5
166.282	10102.5
166.943	10047.5
167.605	10176.5
168.267	10149.5
168.931	10069.5
169.592	10021.5
170.254	10059.5
170.915	10034.5
171.576	9993.5
172.238	10096.5
172.899	10026.5
173.56	10124.5
174.221	9933.5
174.883	9995.5
175.544	9914.5
176.207	10056.5
176.868	10048.5
177.529	10058.5
178.19	9819.5
178.851	9839.5
179.512	10012.5
180.172	9944.5
180.833	9825.5
181.494	9898.5
182.152	9875.5
182.813	9847.5
183.473	9694.5
184.134	9904.5
184.794	9940.5
185.455	9977.5
186.115	10088.5
186.776	10151.5
187.436	9986.5
188.096	9905.5
188.756	9932.5
189.414	9775.5
190.074	9859.5
190.734	10059.5
191.394	9980.5
192.054	10041.5
192.714	9831.5
193.372	9895.5
194.032	9847.5
194.692	9972.5
195.351	9933.5
196.011	9932.5
196.668	9891.5
197.328	9673.5
197.988	9736.5
198.647	9923.5
199.304	9749.5
199.964	9839.5
200.623	9834.5
201.28	9734.5
201.94	9685.5
202.599	9870.5
203.256	9837.5
203.915	9921.5
204.574	9998.5
205.231	9939.5
205.89	9961.5
206.549	9797.5
207.206	9816.5
207.864	9845.5
208.521	9890.5
209.18	9866.5
209.839	9797.5
210.495	9766.5
211.154	9792.5
211.81	9661.5
212.469	9926.5
213.125	9869.5
213.783	9800.5
214.44	10002.5
215.098	9717.5
215.754	9757.5
216.412	9648.5
217.068	9751.5
217.727	9681.5
218.382	9688.5
219.041	9792.5
219.696	9906.5
220.354	9826.5
221.01	9774.5
221.666	9734.5
222.324	9570.5
222.979	9875.5
223.637	9766.5
224.293	9643.5
224.948	9683.5
225.606	9670.5
226.261	9796.5
226.919	9861.5
227.574	9754.5
228.229	9980.5
228.885	9715.5
229.542	9757.5
230.197	9753.5
230.852	9748.5
231.509	9844.5
232.164	10019.5
232.819	10126.5
233.474	9884.5
234.131	9841.5
234.786	9849.5
235.441	9797.5
236.096	9777.5
236.752	9781.5
237.407	9714.5
238.062	9897.5
238.716	9718.5
239.371	9675.5
240.027	9713.5
240.682	9698.5
241.336	9840.5
241.99	9979.5
242.645	9857.5
243.299	9772.5
243.953	9875.5
244.607	9789.5
245.261	9777.5
245.918	9944.5
246.572	9958.5
247.225	9909.5
247.879	9893.5
248.533	9795.5
249.187	9667.5
249.841	9795.5
250.495	9811.5
251.148	9979.5
251.802	9932.5
252.455	9776.5
253.109	9757.5
253.762	9759.5
254.416	9818.5
255.069	9940.5
255.723	9949.5
256.376	10013.5
257.029	9755.5
257.68	9768.5
258.334	9790.5
258.987	9922.5
259.64	9966.5
260.293	9850.5
260.946	9957.5
261.599	10015.5
262.252	9837.5
262.902	9637.5
263.555	9709.5
264.208	9765.5
264.861	9865.5
265.513	9771.5
266.166	9789.5
266.816	9784.5
267.469	9744.5
268.122	9931.5
268.774	9811.5
269.424	9990.5
270.077	9849.5
270.729	9935.5
271.381	9827.5
272.031	9717.5
272.684	9771.5
273.336	9708.5
273.986	9845.5
274.638	10043.5
275.29	9907.5
275.939	9792.5
276.591	9957.5
277.243	9796.5
277.893	9849.5
278.545	9817.5
279.197	10067.5
279.846	9995.5
280.498	9952.5
281.147	9943.5
281.799	9829.5
282.45	9869.5
283.099	9986.5
283.751	10058.5
284.4	9893.5
285.051	9753.5
285.701	9803.5
286.352	9679.5
287.001	9767.5
287.652	9882.5
288.301	10017.5
288.952	9909.5
289.601	9975.5
290.252	9811.5
290.901	9661.5
291.552	9708.5
292.2	9676.5
292.849	9614.5
293.5	9864.5
294.148	9958.5
294.799	9850.5
295.447	9829.5
296.096	9963.5
296.746	9709.5
297.395	10122.5
298.043	10123.5
298.693	10005.5
299.341	9853.5
299.99	10079.5
300.64	9819.5
301.288	9954.5
301.936	10232.5
302.586	10151.5
303.234	9970.5
303.882	10039.5
304.53	9944.5
305.18	10012.5
305.827	9924.5
306.475	10060.5
307.123	10116.5
307.773	9995.5
308.42	10076.5
309.068	9983.5
309.715	10064.5
310.362	9906.5
311.01	10197.5
311.659	10046.5
312.307	10084.5
312.954	10033.5
313.601	10107.5
314.248	10024.5
314.895	9985.5
315.542	9956.5
316.189	10006.5
316.836	10149.5
317.486	10048.5
318.133	10011.5
318.779	9968.5
319.426	9922.5
320.073	10019.5
320.72	10032.5
321.366	9955.31
322.013	10088.9
322.66	9984.4
323.306	10099
323.953	10018.8
324.599	10089.5
325.245	10050.5
325.892	9958.58
326.538	10174.5
327.182	10033.4
327.828	9870.05
328.475	10037.4
329.121	10034.8
329.767	10046.1
330.413	10208.1
331.059	9995.53
331.705	10107.3
332.351	10182.4
332.995	10041.2
333.64	10124.7
334.286	10281.4
334.932	10056.3
335.578	10144.9
336.223	10264.6
336.867	10226.8
337.512	10067.4
338.158	10040.3
338.803	10130.8
339.447	10130.5
340.092	10198.3
340.737	10321.7
341.383	10311.4
342.026	10209.7
342.671	10069
343.316	10155.6
343.959	10260.2
344.604	10257.5
345.249	10224.8
345.892	10111.3
346.537	10194.1
347.182	9955.38
347.825	9980.13
348.469	10155.3
349.114	10181
349.757	10294
350.401	10137.2
351.044	10245.1
351.689	10014
352.333	10225.1
352.975	10089
353.62	10257.1
354.262	10234.4
354.907	10321.8
355.549	10400.9
356.193	10124.6
356.835	10098.8
357.479	10119.8
358.121	10124.6
358.765	10202.2
359.407	10209.2
360.051	10361.5
360.693	10126.1
361.337	10059.3
361.979	10060.4
362.62	10271.1
363.264	10258
363.906	10091.3
364.55	10333.2
365.191	10133
365.833	10140.9
366.476	10004.5
367.118	10163.8
367.759	10208
368.402	10328.5
369.044	10165.6
369.685	10061
370.328	10234.7
370.969	10072.1
371.61	10309.8
372.251	10290.5
372.895	10255.7
373.535	10362.6
374.176	10316.4
374.819	10103.6
375.46	10200.6
376.101	10266.1
376.742	10225
377.382	10286.8
378.025	10332
378.666	10271.2
379.306	10324.7
379.947	10242.6
380.587	10152.6
381.228	10313.8
381.87	10408.5
382.511	10365.2
383.151	10257.6
383.791	10246.9
384.431	10257.6
385.072	10158.4
385.712	10238.1
386.352	10493.6
386.992	10363.9
387.632	10295.1
388.272	10345.1
388.912	10300.8
389.551	10212.1
390.191	10327
390.831	10332.9
391.471	10319.3
392.11	10267.4
392.75	10329.7
393.39	10307.8
394.029	10162
394.669	10314.8
395.308	10455.7
395.948	10430.9
396.587	10336.6
397.226	10399.1
397.866	10296.2
398.505	10336.1
399.144	10284.2
399.783	10356.6
400.42	10406.1
401.059	10424.4
401.698	10434.5
402.337	10408.9
402.976	10376.3
403.615	10393
404.252	10349.5
404.891	10403.6
405.529	10443.4
406.168	10401.7
406.805	10547.1
407.443	10394.6
408.082	10405.3
408.72	10521.1
409.357	10472.8
409.995	10496.3
410.634	10456.8
411.272	10492.8
411.908	10377.8
412.547	10377.9
413.185	10498.3
413.821	10563.7
414.459	10485.3
415.097	10506.1
415.733	10458.3
416.371	10366.6
417.007	10376.4
417.645	10348
418.283	10371.8
418.918	10592.8
419.556	10551.8
420.192	10503.2
420.83	10376
421.467	10307.7
422.103	10307.3
422.74	10488.6
423.376	10501.9
424.013	10593.5
424.649	10566.6
425.286	10642.6
425.921	10485.4
426.559	10487.6
427.194	10619.1
427.829	10647.8
428.466	10654.8
429.101	10718.2
429.738	10749.5
430.373	10661.4
431.01	10701.6
431.645	10588.3
432.28	10643.4
432.917	10762.2
433.552	10751.5
434.188	10593.2
434.823	10718.4
435.458	10543.9
436.094	10703
436.729	10657.2
437.363	10855.1
437.998	10784.7
438.634	10812
439.268	10835.3
439.903	10618.1
440.539	10879
441.173	10781.2
441.808	10786.8
442.442	10854.8
443.078	10765.4
443.712	10952.6
444.346	10983.9
444.98	10800.6
445.614	10837.5
446.25	10939.3
446.884	10941.8
447.517	10978.8
448.151	11013.6
448.785	11000.3
449.418	10959.9
450.052	10842.6
450.688	10966.1
451.321	10992.5
451.955	11005.4
452.588	11087
453.222	11030
453.855	11005.8
454.488	10999.2
455.121	10997.2
455.755	11079
456.388	11202.2
457.021	11305.9
457.654	10991
458.287	11181.8
458.92	11048.8
459.553	11103.3
460.186	11176.3
460.819	11331.2
461.452	11175.2
462.084	11318.6
462.717	11306.3
463.35	11074.7
463.983	11238.5
464.615	11093.8
465.246	11196.9
465.878	11252.3
466.511	11365.3
467.143	11215
467.776	11234.2
468.408	11216.9
469.04	11250.1
469.67	11267.3
470.303	11457
470.935	11542.9
471.567	11497.8
472.199	11446.3
472.829	11397.5
473.461	11336.9
474.093	11351.7
474.725	11466.4
475.355	11547.4
475.986	11648.5
476.618	11574.9
477.25	11466.8
477.88	11448.2
478.511	11478.8
479.143	11430.6
479.772	11570.4
480.404	11594.4
481.035	11638.3
481.665	11513.6
482.296	11546.6
482.925	11434.4
483.557	11479.3
484.188	11531.1
484.817	11674.2
485.448	11525
486.077	11756.7
486.709	11614.5
487.34	11739.7
487.969	11711.7
488.6	11736.1
489.228	11752.1
489.859	11872.2
490.488	11961.9
491.119	11793.7
491.748	11802.8
492.378	11768.2
493.007	11847.9
493.638	11845.3
494.266	11806.7
494.894	11867.5
495.525	11839.4
496.153	11793.1
496.784	11814.4
497.412	11791.7
498.04	11755.9
498.671	11965.6
499.299	12001.8
499.929	11724.9
500.557	11871.7
501.185	11822
501.815	11753
502.443	11820
503.071	11987.5
503.701	11962.8
504.329	12075.1
504.957	11964.1
505.584	12009.4
506.214	11844.1
506.842	11990.2
507.469	12051.1
508.097	12099.3
508.727	12132.7
509.354	12087.7
509.981	12039.3
510.609	11865.6
511.236	11946.7
511.866	11981.2
512.493	11953.4
513.12	12112.7
513.747	12038.3
514.374	12037.2
515.001	11991.6
515.628	11921.8
516.258	12053.8
516.885	11979.9
517.511	12155.4
518.138	12091.5
518.765	12017.1
519.392	12037.6
520.019	11830.1
520.645	11939.3
521.272	11929.4
521.899	11923.6
522.525	11936.5
523.152	11816.1
523.778	11910.3
524.405	11823.9
525.031	11760.8
525.658	11753.2
526.284	11868.7
526.91	11878.9
527.536	12035.6
528.163	11824.8
528.789	11724.5
529.415	11838
530.041	11736.4
530.665	11892.5
531.291	11847.4
531.917	11791.8
532.543	11813.3
533.169	11767.7
533.795	11676.7
534.418	11628.7
535.044	11762
535.67	11708.1
536.295	11821.1
536.921	11695.4
537.544	11554.7
538.17	11595.1
538.795	11575.4
539.421	11376.9
540.044	11570.6
540.669	11567
541.295	11668.3
541.92	11512.3
542.543	11447.3
543.168	11342.1
543.794	11404.9
544.417	11382.1
545.042	11519.5
545.667	11483.9
546.29	11584.5
546.915	11512.4
547.539	11273
548.162	11213.6
548.787	11344.2
549.41	11336.9
550.034	11380.2
550.659	11438.4
551.282	11244.6
551.906	11232.2
552.529	11302
553.153	11193.4
553.776	11167.2
554.4	11233.5
555.022	11257.9
555.647	11279.3
556.269	11156
556.893	11350.9
557.515	11179.1
558.14	11237.2
558.762	11265.3
559.386	11236.3
560.008	11346.5
560.629	11310.9
561.253	11089.2
561.875	11061
562.499	11004.4
563.121	11022.8
563.743	11112.9
564.366	11166.9
564.988	11208.7
565.61	11161.3
566.233	11171.7
566.855	11112.5
567.476	10988
568.1	11113.8
568.721	11129.6
569.342	11287.2
569.964	11137.7
570.587	11121.2
571.208	11052.7
571.829	10935.1
572.451	10928.2
573.074	11008.4
573.695	11106.8
574.316	11144.2
574.937	11088
575.558	11025.6
576.181	11044.5
576.802	10809.8
577.422	11078.4
578.043	11005.1
578.664	11103.9
579.284	11067.5
579.905	10971.9
580.526	10880.5
581.148	10904.3
581.769	10950.5
582.389	10934.5
583.01	11082.6
583.63	10848.2
584.25	10625
584.871	10813
585.491	10662.4
586.111	10611.8
586.731	10734.5
587.351	10585.8
587.971	10689
588.592	10494.2
589.212	10540.2
589.832	10365.4
590.451	10339
591.071	10390.3
591.691	10435.2
592.311	10491.9
592.929	10539.1
593.548	10452.7
594.168	10386.1
594.788	10424.6
595.407	10329.1
596.027	10287
596.646	10379.3
597.264	10324.1
597.883	10291.9
598.502	10219.6
599.122	10167.7
599.741	10042.2
600.358	10062.1
600.977	10123.2
601.597	10129.1
602.216	10079.8
602.835	10008.1
603.452	9978.97
604.071	9757.44
604.69	9833.25
605.307	9961.27
605.925	9961.78
606.544	9871.24
607.161	9775.92
607.78	9622.02
608.399	9647.38
609.015	9634.42
609.634	9538.34
610.252	9581.2
610.869	9603.41
611.487	9655.07
612.106	9616.47
612.722	9429.89
613.341	9308.11
613.957	9408.9
614.575	9395.11
615.191	9456.02
615.809	9454.2
616.426	9398.74
617.044	9241.91
617.66	9223.92
618.278	9140.68
618.894	9266.4
619.512	9195.3
620.128	9250.44
620.745	9237.79
621.361	9239.39
621.979	9145.12
622.595	9131.09
623.212	9031.46
623.828	8926.66
624.444	9080
625.061	9105.77
625.677	9091.72
626.292	9067.04
626.91	8997.01
627.525	9010.97
628.142	8906.22
628.758	9013.98
629.373	9015.56
629.988	9054.53
630.605	9021.46
631.22	8987.1
631.835	8942.45
632.453	8871.71
633.068	8705.42
633.682	8949.53
634.297	8832.39
634.914	8867.42
635.529	8966.5
636.144	8912.58
636.759	8896.34
637.373	8755.85
637.99	8947.57
638.605	8838
639.219	8848.65
639.834	8934.53
640.448	8806.48
641.063	8814.68
641.677	8828.37
642.294	8798.77
642.908	8830.3
643.522	8936.18
644.136	8911.34
644.751	8913.18
645.365	8786.65
645.979	8861.24
646.593	8738.39
647.207	8808.79
647.821	8795.01
648.435	8818.95
649.049	8926.48
649.663	8922.73
650.277	8801.96
650.89	8823.99
651.504	8874.34
652.118	8807.34
652.732	8950.17
653.345	8903.2
653.959	8871.05
654.572	8863.58
655.186	8729.82
655.797	8647.09
656.411	8807.4
657.024	8917.56
657.637	8995.4
658.251	8982.81
658.864	8901.75
659.477	8874.43
660.088	8920.99
660.701	8752.3
661.315	8849.74
661.928	8897.3
662.541	8892.37
663.152	8912.93
663.765	8883.64
664.377	8712.21
664.99	8825.29
665.601	8755.37
666.214	8879.49
666.827	8885.21
667.437	8970.72
668.05	8870.58
668.662	8848.81
668.901	8846.85
669.524	8856.79
670.146	8776.26
670.769	8890.31
671.39	8846.71
672.013	8937.42
672.634	9047.43
673.257	8979.72
673.878	9000.29
674.501	8976.32
675.122	9024.73
675.745	8962.18
676.365	9023.34
676.986	8978.75
677.609	9045.3
678.229	8952.11
678.852	9085.59
679.473	8913.58
680.095	8929.21
680.716	9053.27
681.336	9075.44
681.959	9039.55
682.579	9015.54
683.199	8964.62
683.822	8918.48
684.442	8913.57
685.062	8953.91
685.684	8927.21
686.304	9012.38
686.924	9011.19
687.547	9046.06
688.166	8876.62
688.786	9009.34
689.406	8946.2
690.028	9025.06
690.648	9082.31
691.268	9176.41
691.887	9053.82
692.509	9074.1
693.129	9097.09
693.748	9166.06
694.368	9124.8
694.987	9082.86
695.609	9153.35
696.228	8882.41
696.848	8967.14
697.467	8979.94
698.086	8949.52
698.706	9032.99
699.325	9019.44
699.946	9158.24
700.565	9087.65
701.184	8995.51
701.803	9028.35
702.422	8919.75
703.041	9003.9
703.66	9000.01
704.279	8977.7
704.898	9106.82
705.517	9007.16
706.136	9089.02
706.754	8881.97
707.373	8833.31
707.992	8859.59
708.61	9016.1
709.229	8905.22
709.847	9052.37
710.466	8912.4
711.084	8973.77
711.703	8733.15
712.321	8873.73
712.939	8885.91
713.558	8944.78
714.176	9002.45
714.794	8960.02
715.41	8908.04
716.028	8906.64
716.646	9066.86
717.264	9041.33
717.882	8948.77
718.5	9094.28
719.118	8951.36
719.734	9207.56
720.352	9023.02
720.969	8967.02
721.587	8987.93
722.205	9020.86
722.82	9024.08
723.438	9058.95
724.055	9077.84
724.673	9131.86
725.288	9107.66
725.906	9013.69
726.523	9032.85
727.138	9048.2
727.756	9098.09
728.373	9099.5
728.99	8955.58
729.605	9013.08
730.223	9037.18
730.84	8853.09
731.455	8992.42
732.072	9077.01
732.689	9197.09
733.304	9171.76
733.92	8990.22
734.535	9070.37
735.152	8982.52
735.769	9098.52
736.383	9090.17
737	9101.99
737.615	9266.03
738.231	9174.03
738.846	9185.53
739.462	9086.79
740.077	9052.75
740.693	9165.29
741.308	9155.79
741.924	9138.08
742.538	9235.92
743.155	9146.68
743.769	9203.99
744.385	9151.97
744.999	9167.75
745.615	9293.44
746.229	9348.82
746.845	9322.67
747.459	9232.45
748.073	9126.86
748.689	9195.44
749.303	9131.45
749.916	9102.8
750.532	9250.16
751.146	9337.03
751.762	9303.73
752.375	9240.38
752.989	9188.41
753.604	9319.73
754.218	9222.94
754.831	9243.88
755.445	9192.03
756.06	9263.78
756.673	9278.2
757.287	9173.07
757.902	9236.38
758.515	9200.66
759.128	9246.41
759.741	9326.36
760.354	9513.98
760.97	9482.24
761.583	9473.51
762.195	9391.48
762.808	9349.92
763.421	9329.98
764.036	9380.25
764.649	9374.12
765.262	9435.88
765.874	9487.47
766.487	9378.33
767.1	9433.7
767.712	9315.93
768.327	9374.94
768.939	9305.84
769.552	9426.98
770.164	9465.7
770.777	9399.21
771.389	9449.76
772.001	9400.99
772.613	9324.5
773.226	9423.96
773.838	9486.86
774.45	9572.17
775.062	9577.73
775.674	9452.18
776.286	9507.86
776.898	9395.71
777.51	9558.73
778.122	9483.11
778.734	9737.17
779.346	9621.89
779.957	9575.76
780.569	9542.61
781.181	9448.7
781.79	9541.04
782.402	9527.09
783.013	9541.81
783.625	9732.24
784.236	9630.71
784.848	9682.55
785.459	9502.4
786.071	9542.51
786.68	9484.36
787.291	9625.43
787.902	9591.68
788.514	9424.39
789.125	9696.5
789.734	9578.28
790.345	9485.88
790.956	9553.31
791.567	9489.21
792.176	9620.98
792.787	9768.53
793.398	9718.68
794.008	9770.4
794.617	9691.17
795.228	9713.64
795.839	9730.63
796.447	9777.92
797.058	9754.46
797.668	9760.16
798.277	9880.72
798.887	9833.34
799.498	9676.13
800.106	9763.23
800.717	9771.74
801.325	9732.26
801.935	9719.02
802.545	9957.18
803.154	9946.73
803.764	10046.8
804.372	9778.89
804.982	9802.18
805.59	9738.41
806.2	9873.59
806.808	9924.98
807.418	9985.47
808.026	10007.7
808.635	10035.4
809.243	10021.1
809.853	9835.2
810.461	9960.15
811.07	10015.6
811.678	9991.73
812.288	10077.5
812.895	9995.73
813.505	9915.63
814.112	9889.53
814.719	9954.12
815.329	10071.8
815.936	10110.4
816.546	10212.2
817.153	10192.6
817.76	10219.3
818.369	10217.8
818.976	10149.3
819.583	10190.5
820.193	10202.4
820.799	10343.3
821.406	10447.3
822.015	10209.4
822.622	10266.1
823.229	10276.3
823.836	10168.2
824.445	10143.8
825.051	10357.2
825.658	10358.3
826.265	10379.9
826.873	10336.7
827.48	10484.3
828.086	10305.5
828.693	10254.7
829.299	10410.5
829.906	10506.3
830.514	10475.1
831.12	10522.6
831.727	10451.6
832.333	10492.2
832.939	10422.4
833.545	10426
834.151	10544.2
834.757	10601.5
835.366	10617.2
835.972	10656.2
836.578	10540.2
837.183	10448.7
837.789	10582.3
838.395	10505.2
839.001	10630.4
839.607	10819.3
840.212	10743.7
840.818	10720.2
841.424	10644.3
842.029	10830.4
842.635	10665.5
843.24	10750.4
843.846	10669.2
844.451	10852.7
845.057	11018.1
845.662	10947.9
846.265	10746.1
846.87	10880.7
847.476	10734.9
848.081	10765.1
848.686	10938.4
849.291	10812.1
849.896	10842.2
850.501	10839
851.106	10864.7
851.709	10888.3
852.314	10954.1
852.919	10976
853.524	11110
854.129	10951.7
854.731	11135.6
855.336	11001.4
855.941	10850.2
856.545	10982.5
857.148	10855.7
857.752	10908.5
858.357	10995.7
858.961	11125.2
859.564	11146.7
860.168	11165.7
860.773	11134
861.375	11009.1
861.979	11072.2
862.583	11146.9
863.185	11241
863.79	11249.9
864.394	11158.7
864.996	11161.9
865.6	11068.9
866.204	11056.1
866.806	11039.7
867.41	11201
868.011	11292.7
868.615	11176.6
869.217	11154.8
869.821	11037.2
870.424	11110.7
871.026	10935.1
871.63	11119.3
872.231	11206.7
872.835	11348.7
873.436	11220.9
874.04	10981.8
874.641	11151.5
875.245	10995.7
875.846	11095.6
876.447	11229.2
877.05	11238
877.652	11284.3
878.255	11340.9
878.856	11313.4
879.459	11358.3
880.06	11350.4
880.661	11377.5
881.264	11332.5
881.865	11554.4
882.466	11368.4
883.069	11413.9
883.67	11418.2
884.27	11329.9
884.873	11261.8
885.474	11234.9
886.074	11519.9
886.677	11551.4
887.278	11608.7
887.878	11421.1
888.479	11457.3
889.081	11310.8
889.682	11527.9
890.282	11563.5
890.882	11429.9
891.485	11579.8
892.085	11606.8
892.685	11496.3
893.285	11360.3
893.885	11407.4
894.488	11460.5
895.088	11524.8
895.688	11628.7
896.288	11609.7
896.887	11493.2
897.487	11528.5
898.087	11532.7
898.687	11338.1
899.287	11584.4
899.889	11485.7
900.488	11713
901.088	11616.2
901.688	11510.9
902.287	11438.1
902.887	11513.3
903.486	11525
904.086	11460.7
904.685	11711
905.284	11611.5
905.884	11695.9
906.483	11577
907.082	11490.9
907.682	11364.7
908.281	11388.6
908.88	11531.3
909.479	11566.6
910.076	11624.1
910.675	11865.1
911.274	11661.6
911.873	11705.3
912.472	11517.1
913.071	11555
913.67	11638.8
914.268	11740.9
914.865	11796.8
915.464	11641.2
916.063	11607.9
916.661	11613.5
917.26	11603.5
917.858	11608.4
918.455	11576
919.053	11716.3
919.652	11789.4
920.25	11685
920.846	11645.7
921.445	11653.6
922.043	11404.5
922.641	11533.5
923.237	11553.9
923.836	11664
924.434	11809.5
925.03	11556.6
925.628	11667.4
926.226	11634
926.822	11531.6
927.42	11538.7
928.018	11679.4
928.613	11648.3
929.211	11761.1
929.807	11775.5
930.405	11630.6
931.003	11631.8
931.598	11567.1
932.196	11512.8
932.791	11586.3
933.389	11732.8
933.984	11812.3
934.582	11686.8
935.177	11571.1
935.774	11503.4
936.37	11545.6
936.967	11588.3
937.562	11742.8
938.16	11600.5
938.755	11750
939.352	11551.7
939.947	11651.4
940.544	11597.5
941.139	11620.1
941.736	11590.6
942.331	11766.7
942.926	11591.7
943.523	11770.7
944.117	11600.1
944.712	11553
945.309	11656.5
945.904	11475.9
946.5	11668.5
947.095	11705.9
947.69	11785
948.284	11634.3
948.881	11542.6
949.475	11467
950.07	11658.5
950.666	11577.1
951.26	11561.7
951.855	11647
952.449	11673
953.045	11761.3
953.639	11468.6
954.233	11474.7
954.828	11594.9
955.422	11593.5
956.018	11686.6
956.612	11625
957.206	11652.9
957.8	11583.6
958.393	11527.1
958.987	11559.9
959.583	11534.2
960.177	11474.6
960.771	11525.1
961.364	11777.2
961.958	11785.6
962.552	11722.3
963.145	11674.9
963.739	11589.6
964.332	11581.7
964.926	11623.5
965.519	11619.3
966.112	11718.3
966.706	11658.5
967.299	11750.6
967.892	11681
968.485	11537.4
969.079	11526.2
969.672	11681
970.265	11713.7
970.858	11735.1
971.451	11650.9
972.044	11626.9
972.637	11596.5
973.23	11628.1
973.823	11530.9
974.415	11501.1
975.006	11583.8
975.599	11665
976.192	11598.2
976.784	11515.9
977.377	11599.8
977.97	11457.4
978.56	11594.3
979.153	11443.6
979.745	11659.7
980.338	11584.8
980.93	11738.3
981.52	11608.2
982.113	11460.1
982.705	11407.6
983.297	11497.2
983.887	11448.1
984.48	11483
985.072	11565.4
985.664	11529.6
986.254	11416.3
986.846	11421
987.438	11441.4
988.028	11387.5
988.62	11472.5
989.212	11478.2
989.801	11566.2
990.393	11459.1
990.983	11424.5
991.575	11345.8
992.166	11222
992.756	11144.4
993.348	11268.2
993.937	11316.2
994.529	11307.8
995.118	11319.8
995.71	11246
996.299	11134.9
996.89	11031
997.48	11147.5
998.071	11345.8
998.66	11435.5
999.251	11316.2
999.84	11458.4
1000.43	11424.8
1001.02	11329.3
1001.61	11255.7
1002.2	11290.6
1002.79	11374.2
1003.38	11432.8
1003.97	11495.1
1004.56	11283.7
1005.15	11285.3
1005.74	11164.6
1006.33	11118.1
1006.92	11154.9
1007.51	11174.1
1008.1	11258.9
1008.69	11185.2
1009.28	11193
1009.86	11231.7
1010.45	11041.6
1011.04	11038.1
1011.63	11047.7
1012.22	11182.4
1012.81	11221.8
1013.4	11143.2
1013.99	10999
1014.58	11026.6
1015.16	10960.7
1015.75	11056.5
1016.34	11085.3
1016.93	11032.8
1017.52	11109.9
1018.11	11002.4
1018.69	11143.8
1019.28	10971.1
1019.87	10864.1
1020.46	10857.6
1021.05	10681.6
1021.63	10968.8
1022.22	10935.3
1022.81	11053.9
1023.4	10908.9
1023.99	10797.1
1024.57	10673.1
1025.16	10792.3
1025.75	10712
1026.34	10716.7
1026.92	10778.3
1027.51	10903.1
1028.1	10778.5
1028.68	10642.5
1029.27	10597.5
1029.86	10602.5
1030.45	10605.1
1031.03	10608.7
1031.62	10638.4
1032.21	10625.3
1032.79	10661.9
1033.38	10514.7
1033.97	10611.8
1034.56	10398.4
1035.14	10335.3
1035.73	10400
1036.31	10515.7
1036.9	10403.3
1037.49	10356.7
1038.07	10219.1
1038.66	10119.8
1039.25	10138.2
1039.83	10391.7
1040.42	10405.3
1041	10385
1041.59	10279.1
1042.18	10234.8
1042.76	10078.9
1043.35	10096.4
1043.93	10023.6
1044.52	9917.56
1045.11	10023.7
1045.69	10081.7
1046.28	10068.5
1046.86	9971.62
1047.45	9919.02
1048.03	9845.17
1048.62	9783.47
1049.2	9904.72
1049.79	9834.52
1050.37	9936.22
1050.96	9932.96
1051.54	9835.11
1052.13	9708.25
1052.71	9566.4
1053.3	9424.65
1053.88	9528
1054.47	9619.76
1055.05	9616.5
1055.64	9605.88
1056.22	9510.11
1056.81	9445.81
1057.39	9467.82
1057.98	9357.08
1058.56	9461.2
1059.14	9409.31
1059.73	9346.52
1060.31	9412.45
1060.9	9267.83
1061.48	9171.76
1062.07	8997.91
1062.65	9099.88
1063.23	9243.07
1063.82	9167.34
1064.4	9260.22
1064.98	9049.83
1065.57	9076.22
1066.15	8912.7
1066.73	8954.11
1067.32	8835.69
1067.9	8804.48
1068.49	8911.7
1069.07	8878.61
1069.65	8858.17
1070.24	8792.22
1070.82	8720.79
1071.4	8576.97
1071.98	8496.08
1072.57	8672.3
1073.15	8656.41
1073.73	8653.26
1074.32	8645.27
1074.9	8575.54
1075.48	8562.91
1076.06	8386.33
1076.65	8398.41
1077.23	8345.57
1077.81	8366.66
1078.39	8515.8
1078.98	8475.55
1079.56	8384.92
1080.14	8280.74
1080.72	8218.24
1081.3	8168.13
1081.89	8234.18
1082.47	8166.35
1083.05	8154.65
1083.63	8134.01
1084.21	8062.18
1084.8	7977.87
1085.38	7939.62
1085.96	7945.8
1086.54	7949.18
1087.12	7940.3
1087.7	7926.01
1088.29	7953.03
1088.87	7808.09
1089.45	7797.65
1090.03	7752.77
1090.61	7636.74
1091.19	7566.7
1091.77	7632.05
1092.35	7530.98
1092.93	7648.08
1093.51	7629.58
1094.1	7483.15
1094.68	7438.44
1095.26	7428.78
1095.84	7371.2
1096.42	7500.56
1097	7479.11
1097.58	7479.15
1098.16	7565.74
1098.74	7498.23
1099.32	7240.53
1099.9	7226.44
1100.48	7161.62
1101.06	7203.22
1101.64	7283.99
1102.22	7227.15
1102.8	7240.3
1103.38	7084.56
1103.96	6967.75
1104.54	6988.28
1105.12	6967.99
1105.7	6956.76
1106.28	6999.4
1106.86	7026.67
1107.44	6974.57
1108.02	6875.34
1108.6	6772.68
1109.18	6829
1109.76	6773.36
1110.34	6775.09
1110.92	6778.22
1111.49	6750.71
1112.07	6710.17
1112.65	6672.41
1113.23	6595.79
1113.81	6574.08
1114.39	6481.31
1114.97	6523.63
1115.55	6578.28
1116.13	6589
1116.7	6480.19
1117.28	6456.39
1117.86	6364.1
1118.44	6362.93
1119.02	6358.08
1119.6	6376.66
1120.17	6487.89
1120.75	6486.29
1121.33	6400.25
1121.91	6366.35
1122.49	6358.77
1123.07	6260.53
1123.64	6251.33
1124.22	6219.78
1124.8	6192.77
1125.38	6198.69
1125.95	6132.52
1126.53	6240.85
1127.11	6123.17
1127.69	6091.65
1128.26	5979.64
1128.84	6036.61
1129.42	6115.49
1130	6068.49
1130.57	6059.62
1131.15	5972.97
1131.73	5894.67
1132.31	5904.83
1132.88	5880.97
1133.46	5909.42
1134.04	5897.22
1134.61	5852.86
1135.19	5960.56
1135.77	5837.79
1136.34	5813.38
1136.92	5756.95
1137.5	5755.64
1138.07	5776.1
1138.65	5768.54
1139.23	5814.35
1139.8	5699.41
1140.38	5792.67
1140.95	5724.18
1141.53	5692.1
1142.11	5669.55
1142.68	5671.81
1143.26	5647.18
1143.83	5691.5
1144.41	5609
1144.99	5676.86
1145.56	5611.73
1146.14	5604.9
1146.71	5595.96
1147.29	5515.78
1147.86	5494.08
1148.44	5530.36
1149.02	5555.95
1149.59	5492.8
1150.17	5434.93
1150.74	5370.81
1151.32	5294.84
1151.89	5293.31
1152.47	5341.55
1153.04	5329.16
1153.62	5407.78
1154.19	5342.52
1154.77	5280.41
1155.34	5309.68
1155.92	5348.52
1156.49	5332.06
1157.07	5395.91
1157.64	5392.83
1158.22	5384.51
1158.79	5353.11
1159.36	5346.44
1159.94	5284.56
1160.51	5304.05
1161.09	5210.01
1161.66	5173.65
1162.23	5289.88
1162.81	5271.47
1163.38	5178.57
1163.96	5248.45
1164.53	5093.38
1165.1	5249.15
1165.68	5202.05
1166.25	5142.14
1166.83	5141.65
1167.4	5224.32
1167.97	5232.18
1168.55	5107.84
1169.12	5207.44
1169.69	5052.7
1170.27	5070.59
1170.84	5078.87
1171.41	5152.07
1171.99	5124.79
1172.56	5112.74
1173.13	5211.51
1173.71	5160.53
1174.28	5129.88
1174.85	5032.31
1175.42	5025.98
1176	5070.41
1176.57	5006.82
1177.14	4999.35
1177.71	4971.63
1178.29	5008.72
1178.86	5076.58
1179.43	4961.02
1180.01	4953.39
1180.58	4994.04
1181.15	4972.17
1181.72	4997.91
1182.29	4925.98
1182.86	5006.88
1183.44	4952.08
1184.01	4786.76
1184.58	4864.87
1185.15	4852.26
1185.72	4951.42
1186.3	4897.27
1186.87	4915.24
1187.44	4946.45
1188.01	4826.83
1188.58	4758.08
1189.16	4843.12
1189.73	4792.93
1190.3	4880.87
1190.87	4890.04
1191.44	4868.6
1192.01	4839.36
1192.58	4877.02
1193.15	4829.28
1193.72	4851.45
1194.29	4722.97
1194.87	4836.61
1195.44	4844.77
1196.01	4794.73
1196.58	4882.44
1197.15	4789.78
1197.72	4756.91
1198.29	4729.91
1198.86	4686.04
1199.43	4760.82
1200	4812.55
1200.57	4849.63
1201.14	4754.26
1201.71	4755.49
1202.28	4673.54
1202.85	4671.9
1203.42	4685.43
1203.99	4662.41
1204.56	4691.77
1205.13	4736.27
1205.7	4685.83
1206.27	4728.32
1206.84	4726.95
1207.41	4684.29
1207.98	4667.22
1208.55	4696.38
1209.12	4767.91
1209.69	4655.83
1210.26	4697.96
1210.83	4611.71
1211.4	4595.98
1211.97	4585.9
1212.54	4617.45
1213.11	4532.02
1213.67	4731.36
1214.24	4640.18
1214.81	4665.61
1215.38	4600.66
1215.95	4613.41
1216.52	4570.22
1217.09	4486.73
1217.66	4705.34
1218.22	4623.56
1218.79	4690.55
1219.36	4681.78
1219.93	4682.14
1220.5	4611.59
1221.07	4488.76
1221.64	4601.76
1222.2	4567.23
1222.77	4710.28
1223.34	4557.68
1223.91	4645.86
1224.48	4716.5
1224.52	4631.5
1225.1	4619.5
1225.67	4593.5
1226.24	4501.5
1226.82	4569.5
1227.39	4551.5
1227.96	4611.5
1228.54	4685.5
1229.11	4590.5
1229.68	4595.5
1230.25	4578.5
1230.83	4530.5
1231.4	4534.5
1231.97	4524.5
1232.55	4556.5
1233.12	4687.5
1233.69	4589.5
1234.26	4627.5
1234.83	4680.5
1235.41	4511.5
1235.98	4494.5
1236.55	4598.5
1237.12	4591.5
1237.7	4586.5
1238.27	4555.5
1238.84	4549.5
1239.41	4505.5
1239.98	4451.5
1240.55	4633.5
1241.13	4512.5
1241.7	4642.5
1242.27	4594.5
1242.84	4656.5
1243.41	4573.5
1243.99	4564.5
1244.56	4625.5
1245.13	4647.5
1245.7	4718.5
1246.27	4653.5
1246.84	4742.5
1247.41	4666.5
1247.98	4575.5
1248.55	4662.5
1249.13	4603.5
1249.7	4548.5
1250.27	4668.5
1250.84	4676.5
1251.41	4648.5
1251.98	4672.5
1252.55	4581.5
1253.12	4532.5
1253.69	4550.5
1254.26	4542.5
1254.83	4511.5
1255.4	4549.5
1255.97	4658.5
1256.54	4692.5
1257.11	4709.5
1257.68	4538.5
1258.25	4565.5
1258.82	4491.5
1259.39	4456.5
1259.96	4657.5
1260.53	4619.5
1261.1	4617.5
1261.67	4623.5
1262.24	4481.5
1262.81	4561.5
1263.38	4621.5
1263.95	4596.5
1264.52	4480.5
1265.09	4598.5
1265.66	4575.5
1266.23	4581.5
1266.8	4478.5
1267.37	4433.5
1267.94	4528.5
1268.5	4462.5
1269.07	4590.5
1269.64	4527.5
1270.21	4612.5
1270.78	4577.5
1271.35	4543.5
1271.92	4582.5
1272.49	4568.5
1273.06	4559.5
1273.62	4510.5
1274.19	4595.5
1274.76	4641.5
1275.33	4672.5
1275.9	4577.5
1276.47	4623.5
1277.03	4557.5
1277.6	4564.5
1278.17	4625.5
1278.74	4610.5
1279.31	4544.5
1279.87	4667.5
1280.44	4654.5
1281.01	4618.5
1281.58	4537.5
1282.15	4478.5
1282.71	4562.5
1283.28	4673.5
1283.85	4596.5
1284.42	4578.5
1284.98	4566.5
1285.55	4594.5
1286.12	4495.5
1286.69	4559.5
1287.25	4527.5
1287.82	4612.5
1288.39	4672.5
1288.95	4548.5
1289.52	4582.5
1290.09	4652.5
1290.65	4544.5
1291.22	4683.5
1291.79	4631.5
1292.35	4578.5
1292.92	4566.5
1293.49	4669.5
1294.05	4548.5
1294.62	4725.5
1295.19	4633.5
1295.75	4591.5
1296.32	4611.5
1296.89	4563.5
1297.45	4722.5
1298.02	4561.5
1298.58	4674.5
1299.15	4681.5
1299.72	4536.5
1300.28	4560.5
1300.85	4524.5
1301.41	4520.5
1301.98	4619.5
1302.55	4549.5
1303.11	4619.5
1303.68	4675.5
1304.24	4531.5
1304.81	4679.5
1305.37	4638.5
1305.94	4542.5
1306.51	4529.5
1307.07	4597.5
1307.64	4636.5
1308.2	4659.5
1308.77	4651.5
1309.33	4626.5
1309.9	4620.5
1310.46	4687.5
1311.03	4535.5
1311.59	4600.5
1312.16	4629.5
1312.72	4727.5
1313.28	4632.5
1313.85	4572.5
1314.42	4544.5
1314.98	4578.5
1315.54	4670.5
1316.11	4544.5
1316.67	4641.5
1317.24	4603.5
1317.8	4622.5
1318.36	4614.5
1318.93	4553.5
1319.49	4540.5
1320.06	4604.5
1320.62	4611.5
1321.18	4593.5
1321.75	4726.5
1322.31	4699.5
1322.88	4689.5
1323.44	4556.5
1324	4551.5
1324.57	4550.5
1325.13	4589.5
1325.7	4581.5
1326.26	4629.5
1326.82	4568.5
1327.38	4702.5
1327.95	4661.5
1328.51	4640.5
1329.07	4530.5
1329.64	4686.5
1330.2	4528.5
1330.76	4615.5
1331.33	4712.5
1331.89	4608.5
1332.45	4731.5
1333.01	4586.5
1333.58	4620.5
1334.14	4578.5
1334.7	4522.5
1335.27	4742.5
1335.83	4633.5
1336.39	4682.5
1336.95	4560.5
1337.52	4585.5
1338.08	4614.5
1338.64	4533.5
1339.2	4543.5
1339.76	4628.5
1340.33	4707.5
1340.89	4603.5
1341.45	4636.5
1342.01	4645.5
1342.57	4564.5
1343.14	4510.5
1343.7	4650.5
1344.26	4714.5
1344.82	4743.5
1345.38	4664.5
1345.94	4645.5
1346.5	4576.5
1347.07	4660.5
1347.63	4576.5
1348.19	4565.5
1348.75	4669.5
1349.31	4598.5
1349.87	4668.5
1350.43	4624.5
1351	4688.5
1351.56	4682.5
1352.12	4595.5
1352.68	4666.5
1353.24	4700.5
1353.8	4606.5
1354.36	4782.5
1354.92	4745.5
1355.48	4682.5
1356.04	4633.5
1356.6	4622.5
1357.16	4664.5
1357.72	4663.5
1358.28	4678.5
1358.84	4728.5
1359.4	4709.5
1359.96	4655.5
1360.52	4664.5
1361.08	4622.5
1361.64	4659.5
1362.2	4652.5
1362.76	4695.5
1363.32	4749.5
1363.88	4762.5
1364.44	4548.5
1365	4732.5
1365.56	4586.5
1366.12	4640.5
1366.68	4616.5
1367.24	4673.5
1367.8	4603.5
1368.36	4688.5
1368.92	4667.5
1369.48	4757.5
1370.04	4750.5
1370.6	4625.5
1371.15	4572.5
1371.71	4632.5
1372.27	4686.5
1372.83	4732.5
1373.39	4771.5
1373.95	4835.5
1374.51	4667.5
1375.07	4654.5
1375.62	4575.5
1376.18	4518.5
1376.74	4689.5
1377.3	4702.5
1377.86	4633.5
1378.42	4722.5
1378.98	4649.5
1379.53	4513.5
1380.09	4612.5
1380.65	4539.5
1381.21	4659.5
1381.77	4634.5
1382.32	4707.5
1382.88	4682.5
1383.44	4713.5
1384	4681.5
1384.56	4687.5
1385.11	4542.5
1385.67	4676.5
1386.23	4687.5
1386.79	4771.5
1387.34	4678.5
1387.9	4612.5
1388.46	4754.5
1389.02	4666.5
1389.57	4663.5
1390.13	4651.5
1390.69	4681.5
1391.24	4660.5
1391.8	4727.5
1392.36	4725.5
1392.92	4767.5
1393.47	4744.5
1394.03	4774.5
1394.59	4721.5
1395.14	4623.5
1395.7	4732.5
1396.26	4726.5
1396.81	4817.5
1397.37	4816.5
1397.92	4713.5
1398.48	4745.5
1399.04	4751.5
1399.59	4779.5
1400.15	4642.5
1400.71	4729.5
1401.26	4804.5
1401.82	4696.5
1402.38	4790.5
1402.93	4712.5
1403.49	4744.5
1404.04	4632.5
1404.6	4696.5
1405.15	4731.5
1405.71	4740.5
1406.26	4644.5
1406.82	4761.5
1407.38	4600.5
1407.93	4735.5
1408.49	4521.5
1409.04	4648.5
1409.6	4639.5
1410.15	4786.5
1410.71	4675.5
1411.26	4758.5
1411.82	4751.5
1412.37	4730.5
1412.93	4675.5
1413.48	4748.5
1414.04	4809.5
1414.59	4769.5
1415.15	4775.5
1415.7	4751.5
1416.26	4734.5
1416.81	4711.5
1417.37	4777.5
1417.92	4534.5
1418.48	4575.5
1419.03	4739.5
1419.58	4726.5
1420.14	4772.5
1420.69	4840.5
1421.25	4763.5
1421.8	4686.5
1422.36	4606.5
1422.91	4597.5
1423.46	4652.5
1424.02	4818.5
1424.57	4811.5
1425.12	4745.5
1425.68	4752.5
1426.23	4708.5
1426.78	4675.5
1427.34	4725.5
1427.89	4762.5
1428.44	4729.5
1429	4792.5
1429.55	4810.5
1430.11	4701.5
1430.66	4744.5
1431.21	4756.5
1431.77	4650.5
1432.32	4673.5
1432.87	4713.5
1433.42	4641.5
1433.98	4814.5
1434.53	4737.5
1435.08	4807.5
1435.64	4750.5
1436.19	4727.5
1436.74	4712.5
1437.29	4684.5
1437.85	4805.5
1438.4	4801.5
1438.95	4791.5
1439.5	4656.5
1440.06	4734.5
1440.61	4678.5
1441.16	4683.5
1441.71	4791.5
1442.26	4738.5
1442.82	4793.5
1443.37	4748.5
1443.92	4718.5
1444.47	4847.5
1445.02	4784.5
1445.57	4690.5
1446.13	4713.5
1446.68	4620.5
1447.23	4745.5
1447.78	4728.5
1448.33	4760.5
1448.88	4847.5
1449.44	4729.5
1449.99	4783.5
1450.54	4645.5
1451.09	4880.5
1451.64	4778.5
1452.19	4780.5
1452.74	4872.5
1453.29	4844.5
1453.85	4779.5
1454.4	4642.5
1454.95	4730.5
1455.5	4670.5
1456.05	4786.5
1456.6	4802.5
1457.15	4808.5
1457.7	4864.5
1458.25	4812.5
1458.8	4767.5
1459.35	4657.5
1459.9	4749.5
1460.45	4747.5
1461	4773.5
1461.55	4830.5
1462.1	4801.5
1462.65	4837.5
1463.2	4793.5
1463.75	4830.5
1464.3	4655.5
1464.85	4782.5
1465.4	4692.5
1465.95	4802.5
1466.5	4839.5
1467.05	4877.5
1467.6	4860.5
1468.15	4732.5
1468.7	4653.5
1469.25	4725.5
1469.8	4741.5
1470.35	4687.5
1470.9	4792.5
1471.45	4916.5
1472	4865.5
1472.55	4846.5
1473.1	4826.5
1473.64	4828.5
1474.19	4751.5
1474.74	4784.5
1475.29	4764.5
1475.84	4873.5
1476.39	4863.5
1476.94	4850.5
1477.49	4843.5
1478.03	4847.5
1478.58	4666.5
1479.13	4820.5
1479.68	4761.5
1480.23	4761.5
2799.9	4774.06
2800.36	4774.06
2800.82	4774.06
2801.28	4774.06
2801.74	4778.56
2802.2	4778.56
2802.66	4778.56
2803.12	4778.56
2803.58	4778.56
2804.04	4778.56
2804.5	4778.56
2804.96	4778.56
2805.42	4778.56
2805.88	4778.56
2806.34	4778.56
2806.8	4778.56
2807.26	4778.56
2807.71	4778.56
2808.17	4778.56
2808.63	4778.56
2809.09	4778.56
2809.55	4778.56
2810.01	4778.56
2810.47	4778.56
2810.93	4814.5
2811.39	4678.5
2811.85	4761.5
2812.31	4711.5
2812.77	4713.5
2813.23	4831.5
2813.69	4886.5
2814.14	4805.5
2814.6	4776.5
2815.06	4866.5
2815.52	4876.5
2815.98	4686.5
2816.44	4761.5
2816.9	4773.5
2817.36	4836.5
2817.81	4725.5
2818.27	4963.5
2818.73	4841.5
2819.19	4900.5
2819.65	4885.5
2820.11	4790.5
2820.57	4646.5
2821.02	4776.5
2821.48	4795.5
2821.94	4745.5
2822.4	4775.5
2822.86	4837.5
2823.31	4933.5
2823.77	4881.5
2824.23	4874.5
2824.69	4834.5
2825.15	4799.5
2825.61	4581.5
2826.06	4682.5
2826.52	4780.5
2826.98	4819.5
2827.44	4809.5
2827.9	4743.5
2828.35	4835.5
2828.81	4738.5
2829.27	4808.5
2829.72	4763.5
2830.18	4820.5
2830.64	4795.5
2831.1	4833.5
2831.56	4756.5
2832.01	4837.5
2832.47	4810.5
2832.93	4814.5
2833.38	4819.5
2833.84	4682.5
2834.3	4840.5
2834.76	4753.5
2835.21	4715.5
2835.67	4639.5
2836.13	4588.5
2836.58	4614.5
2837.04	4640.5
2837.5	4691.5
2837.95	4615.5
2838.41	4681.5
2838.87	4753.5
2839.33	4694.5
2839.78	4671.5
2840.24	4729.5
2840.69	4724.5
2841.15	4783.5
2841.61	4845.5
2842.06	4779.5
2842.52	4821.5
2842.98	4783.5
2843.43	4740.5
2843.89	4725.5
2844.35	4766.5
2844.8	4724.5
2845.26	4797.5
2845.71	4782.5
2846.17	4884.5
2846.63	4907.5
2847.08	4807.5
2847.54	4869.5
2847.99	4883.5
2848.45	4847.5
2848.91	4788.5
2849.36	4786.5
2849.82	4807.5
2850.27	4755.5
2850.73	4725.5
2851.18	4848.5
2851.64	4888.5
2852.09	4754.5
2852.55	4758.5
2853.01	4811.5
2853.46	4789.5
2853.92	4690.5
2854.37	4727.5
2854.83	4732.5
2855.28	4826.5
2855.74	4785.5
2856.19	4834.5
2856.65	4798.5
2857.1	4813.5
2857.56	4739.5
2858.01	4746.5
2858.47	4724.5
2858.92	4665.5
2859.38	4771.5
2859.83	4684.5
2860.29	4805.5
2860.74	4796.5
2861.2	4873.5
2861.65	4868.5
2862.11	4794.5
2862.56	4781.5
2863.02	4757.5
2863.47	4764.5
2863.92	4630.5
2864.38	4701.5
2864.83	4749.5
2865.29	4646.5
2865.74	4741.5
2866.2	4730.5
2866.65	4657.5
2867.1	4621.5
2867.56	4673.5
2868.01	4640.5
2868.47	4576.5
2868.92	4669.5
2869.38	4620.5
2869.83	4638.5
2870.28	4809.5
2870.74	4893.5
2871.19	4779.5
2871.64	4775.5
2872.1	4674.5
2872.55	4745.5
2873.01	4761.5
2873.46	4783.5
2873.91	4775.5
2874.37	4782.5
2874.82	4710.5
2875.27	4790.5
2875.73	4846.5
2876.18	4812.5
2876.63	4744.5
2877.09	4766.5
2877.54	4831.5
2877.99	4692.5
2878.44	4833.5
2878.9	4803.5
2879.35	4745.5
2879.8	4831.5
2880.26	4803.5
2880.71	4797.5
2881.16	4820.5
2881.62	4697.5
2882.07	4694.5
2882.52	4698.5
2882.97	4694.5
2883.43	4738.5
2883.88	4830.5
2884.33	4906.5
2884.79	4833.5
2885.24	4714.5
2885.69	4870.5
2886.14	4851.5
2886.59	4725.5
2887.05	4718.5
2887.5	4772.5
2887.95	4825.5
2888.4	4764.5
2888.86	4851.5
2889.31	4828.5
2889.76	4756.5
2890.21	4799.5
2890.66	4880.5
2891.12	4777.5
2891.57	4785.5
2892.02	4755.5
2892.47	4607.5
2892.92	4912.5
2893.38	4846.5
2893.83	4854.5
2894.28	4852.5
2894.73	4801.5
2895.18	4910.5
2895.63	4776.5
2896.09	4786.5
2896.54	4681.5
2896.99	4719.5
2897.44	4765.5
2897.89	4707.5
2898.34	4819.5
2898.79	4741.5
2899.24	4722.5
2899.7	4664.5
2900.15	4736.5
2900.6	4653.5
2901.05	4742.5
2901.5	4677.5
2901.95	4707.5
2902.4	4691.5
2902.85	4723.5
2903.3	4872.5
2903.75	4819.5
2904.21	4810.5
2904.66	4781.5
2905.11	4753.5
2905.56	4812.5
2906.01	4779.5
2906.46	4763.5
2906.91	4693.5
2907.36	4789.5
2907.81	4758.5
2908.26	4885.5
2908.71	4830.5
2909.16	4850.5
2909.61	4850.5
2910.06	4845.5
2910.51	4752.5
2910.96	4729.5
2911.41	4697.5
2911.86	4809.5
2912.31	4792.5
2912.76	4934.5
2913.21	4918.5
2913.66	4731.5
2914.11	4803.5
2914.56	4752.5
2915.01	4752.5
2915.46	4752.5
2915.91	4718.5
2916.36	4775.5
2916.81	4731.5
2917.26	4754.5
2917.71	4788.5
2918.16	4822.5
2918.61	4861.5
2919.06	4767.5
2919.51	4783.5
2919.96	4720.5
2920.41	4764.5
2920.85	4755.5
2921.3	4692.5
2921.75	4793.5
2922.2	4825.5
2922.65	4756.5
2923.1	4815.5
2923.55	4815.5
2924	4681.5
2924.45	4699.5
2924.9	4792.5
2925.34	4727.5
2925.79	4779.5
2926.24	4701.5
2926.69	4795.5
2927.14	4794.5
2927.59	4930.5
2928.04	4795.5
2928.49	4792.5
2928.93	4827.5
2929.38	4624.5
2929.83	4773.5
2930.28	4852.5
2930.73	4776.5
2931.18	4730.5
2931.62	4945.5
2932.07	4915.5
2932.52	4744.5
2932.97	4776.5
2933.42	4828.5
2933.86	4819.5
2934.31	4835.5
2934.76	4776.5
2935.21	4747.5
2935.66	4687.5
2936.1	4859.5
2936.55	4858.5
2937	4813.5
2937.45	4832.5
2937.9	4876.5
2938.34	4761.5
2938.79	4725.5
2939.24	4639.5
2939.69	4733.5
2940.13	4796.5
2940.58	4836.5
2941.03	4776.5
2941.48	4801.5
2941.92	4688.5
2942.37	4725.5
2942.82	4681.5
2943.26	4681.5
2943.71	4692.5
2944.16	4610.5
2944.61	4594.5
2945.05	4703.5
2945.5	4757.5
2945.95	4721.5
2946.39	4775.5
2946.84	4786.5
2947.29	4856.5
2947.74	4765.5
2948.18	4777.5
2948.63	4701.5
2949.07	4661.5
2949.52	4769.5
2949.97	4767.5
2950.41	4882.5
2950.86	4768.5
2951.31	4912.5
2951.75	4802.5
2952.2	4758.5
2952.65	4717.5
2953.09	4786.5
2953.54	4655.5
2953.98	4753.5
2954.43	4740.5
2954.88	4772.5
2955.32	4873.5
2955.77	4863.5
2956.22	4880.5
2956.66	4836.5
2957.11	4750.5
2957.55	4800.5
2958	4752.5
2958.44	4784.5
2958.89	4771.5
2959.34	4794.5
2959.78	4872.5
2960.23	4845.5
2960.67	4886.5
2961.12	4789.5
2961.56	4809.5
2962.01	4667.5
2962.46	4778.5
2962.9	4740.5
2963.35	4669.5
2963.79	4796.5
2964.24	4825.5
2964.68	4774.5
2965.13	4744.5
2965.57	4891.5
2966.02	4871.5
2966.46	4708.5
2966.91	4727.5
2967.35	4756.5
2967.8	4717.5
2968.24	4713.5
2968.69	4821.5
2969.13	4796.5
2969.58	4878.5
2970.02	4767.5
2970.47	4732.5
2970.91	4692.5
2971.36	4710.5
2971.8	4725.5
2972.24	4774.5
2972.69	4689.5
2973.13	4750.5
2973.58	4730.5
2974.02	4782.5
2974.47	4798.5
2974.91	4825.5
2975.36	4878.5
2975.8	4818.5
2976.24	4636.5
2976.69	4694.5
2977.13	4681.5
2977.58	4838.5
2978.02	4799.5
2978.46	4780.5
2978.91	4950.5
2979.35	4728.5
2979.8	4774.5
2980.24	4793.5
2980.68	4795.5
2981.13	4609.5
2981.57	4749.5
2982.01	4779.5
2982.46	4786.5
2982.9	4843.5
2983.34	4830.5
2983.79	4760.5
2984.23	4760.5
2984.67	4772.5
2985.12	4689.5
2985.56	4692.5
2986	4620.5
2986.45	4682.5
2986.89	4621.5
2987.33	4601.5
2987.78	4577.5
2988.22	4522.5
2988.66	4581.5
2989.11	4525.5
2989.55	4597.5
2989.99	4653.5
2990.44	4736.5
2990.88	4721.5
2991.32	4765.5
2991.76	4764.5
2992.21	4806.5
2992.65	4838.5
2993.09	4775.5
2993.53	4774.5
2993.98	4780.5
2994.42	4852.5
2994.86	4795.5
2995.3	4680.5
2995.75	4745.5
2996.19	4738.5
2996.63	4761.5
2997.07	4836.5
2997.52	4808.5
2997.96	4820.5
2998.4	4855.5
2998.84	4699.5
2999.28	4773.5
2999.73	4705.5
3000.17	4828.5
3000.61	4650.5
3001.05	4740.5
3001.49	4806.5
3001.94	4861.5
3002.38	4850.5
3002.82	4707.5
3003.26	4752.5
3003.7	4826.5
3004.14	4708.5
3004.59	4792.5
3005.03	4650.5
3005.47	4684.5
3005.91	4721.5
3006.35	4843.5
3006.79	4766.5
3007.23	4894.5
3007.67	4796.5
3008.12	4814.5
3008.56	4754.5
3009	4676.5
3009.44	4742.5
3009.88	4710.5
3010.32	4747.26
3010.76	4706.8
3011.2	4784.28
3011.64	4770.52
3012.09	4690.34
3012.53	4757.94
3012.97	4695.98
3013.41	4663.68
3013.85	4817.82
3014.29	4685.16
3014.73	4596.52
3015.17	4660.12
3015.61	4734.25
3016.05	4688.9
3016.49	4789.31
3016.93	4827.56
3017.37	4818.65
3017.81	4739.36
3018.25	4737.82
3018.69	4746.22
3019.13	4700.79
3019.57	4560.58
3020.01	4670.1
3020.45	4722.49
3020.89	4755.14
3021.33	4786.18
3021.77	4845.54
3022.21	4727.18
3022.65	4755.95
3023.09	4770.34
3023.53	4703.11
3023.97	4607.23
3024.41	4675.19
3024.85	4744.76
3025.29	4673.81
3025.73	4714.91
3026.17	4732.08
3026.61	4765.91
3027.05	4790.15
3027.49	4730.65
3027.93	4654.44
3028.37	4654.02
3028.81	4679.56
3029.25	4732.4
3029.69	4731.06
3030.12	4774.64
3030.56	4778.14
3031	4827.56
3031.44	4807.77
3031.88	4847.39
3032.32	4765.91
3032.76	4654.91
3033.2	4641.77
3033.64	4700.49
3034.08	4663.63
3034.51	4643.2
3034.95	4653.88
3035.39	4749.13
3035.83	4717.15
3036.27	4705.14
3036.71	4774
3037.15	4698.96
3037.59	4678.92
3038.02	4673.64
3038.46	4661.02
3038.9	4721.13
3039.34	4707.05
3039.78	4710.77
3040.22	4815.43
3040.65	4784.95
3041.09	4800.83
3041.53	4623.38
3041.97	4683.12
3042.41	4596.97
3042.84	4652.71
3043.28	4655.08
3043.72	4620.93
3044.16	4687.72
3044.6	4780.61
3045.03	4703.58
3045.47	4723.9
3045.91	4592.94
3046.35	4692.54
3046.79	4635.07
3047.22	4670.46
3047.66	4575.95
3048.1	4573.39
3048.53	4608.23
3048.97	4667.6
3049.41	4658.94
3049.85	4750.22
3050.28	4837.77
3050.72	4699.02
3051.16	4646.8
3051.6	4744.55
3052.03	4697.31
3052.47	4588.52
3052.91	4653.27
3053.34	4627.26
3053.78	4761.24
3054.22	4658.18
3054.65	4766.62
3055.09	4779.5
3055.53	4708.53
3055.97	4690.09
3056.4	4677.94
3056.84	4645.77
3057.28	4622.45
3057.71	4637.28
3058.15	4660.66
3058.59	4677.87
3059.02	4708.81
3059.46	4719.57
3059.9	4799.57
3060.33	4674.08
3060.77	4699.31
3061.2	4628.27
3061.64	4640
3062.08	4643.84
3062.51	4689.02
3062.95	4619.53
3063.39	4702.25
3063.82	4667.37
3064.26	4630.92
3064.69	4728.82
3065.13	4690.35
3065.57	4656.92
3066	4681.77
3066.44	4661.86
3066.87	4582.41
3067.31	4640.19
3067.74	4749.51
3068.18	4708.85
3068.62	4716.72
3069.05	4614.49
3069.49	4706.5
3069.92	4660.16
3070.36	4620.85
3070.79	4615
3071.23	4565.07
3071.66	4570.4
3072.1	4580.86
3072.54	4621.96
3072.97	4683.86
3073.4	4598.4
3073.84	4714.98
3074.28	4615.38
3074.71	4553.83
3075.15	4525.83
3075.58	4630.51
3076.02	4531.05
3076.45	4553.71
3076.89	4506.18
3077.32	4507.22
3077.75	4571.1
3078.19	4615.49
3078.62	4571.36
3079.06	4583.67
3079.49	4647.84
3079.93	4603.13
3080.36	4561.43
3080.8	4623.94
3081.23	4597.83
3081.67	4636.55
3082.1	4643.68
3082.53	4595.84
3082.97	4664.78
3083.4	4613.24
3083.84	4602.59
3084.27	4634.11
3084.71	4581.9
3085.14	4606.42
3085.57	4565.55
3086.01	4591.56
3086.44	4642.72
3086.88	4589.13
3087.31	4666.59
3087.74	4645.77
3088.18	4695.02
3088.61	4637.23
3089.04	4658.59
3089.48	4568.27
3089.91	4451.54
3090.35	4617.54
3090.78	4606.62
3091.21	4561.79
3091.65	4664.69
3092.08	4568.69
3092.51	4641.98
3092.95	4689.51
3093.38	4624.27
3093.81	4522.72
3094.25	4594.25
3094.68	4479.78
3095.11	4530.85
3095.55	4565.73
3095.98	4623.31
3096.41	4597.89
3096.85	4635.1
3097.28	4626.25
3097.71	4632.9
3098.14	4659.06
3098.58	4592.5
3099.01	4637.57
3099.44	4582.91
3099.88	4524.82
3100.31	4579.45
3100.74	4707.62
3101.17	4672.19
3101.61	4537.6
3102.04	4657.82
3102.47	4632.46
3102.9	4651.89
3103.34	4627.91
3103.77	4573.49
3104.2	4541.29
3104.63	4535.58
3105.06	4572.29
3105.5	4631.5
3105.93	4613.84
3106.36	4622.03
3106.79	4616.39
3107.23	4622.07
3107.66	4583.73
3108.09	4559.78
3108.52	4434.37
3108.95	4535.44
3109.38	4624.46
3109.82	4606.57
3110.25	4538.82
3110.68	4610.37
3111.11	4628.32
3111.54	4614.18
3111.98	4633.87
3112.41	4554.41
3112.84	4543.5
3113.27	4501.92
3113.7	4486.52
3114.13	4526.75
3114.56	4548.68
3115	4582.17
3115.43	4644.93
3115.86	4652.91
3116.29	4524.18
3116.72	4620.26
3117.15	4488.24
3117.58	4563.43
3118.01	4527.94
3118.44	4600.24
3118.88	4529.54
3119.31	4644.01
3119.74	4577.87
3120.17	4648.38
3120.6	4557.05
3121.03	4581.65
3121.46	4543.98
3121.89	4520.64
3122.32	4422.54
3122.75	4453.72
3123.18	4491.14
3123.61	4583.69
3124.05	4540.87
3124.48	4531.44
3124.91	4583.84
3125.34	4647.95
3125.77	4581.14
3126.2	4543.08
3126.63	4533.65
3127.06	4567.95
3127.49	4485.43
3127.92	4489.28
3128.35	4531.92
3128.78	4580.82
3129.21	4514.31
3129.64	4594.06
3130.07	4536.14
3130.5	4457.54
3130.93	4509.7
3131.36	4510.47
3131.79	4468.31
3132.22	4472.5
3132.65	4472.19
3133.08	4500.2
3133.51	4448.82
3133.93	4494.25
3134.36	4565.67
3134.79	4625.73
3135.22	4635.26
3135.65	4562.04
3136.08	4486.16
3136.51	4493.86
3136.94	4529.5
3137.37	4468.01
3137.8	4499.64
3138.23	4544.32
3138.66	4559.5
3139.09	4599.53
3139.52	4633.8
3139.95	4588.91
3140.37	4581.06
3140.8	4527.9
3141.23	4506.39
3141.66	4512.5
3142.09	4508.3
3142.52	4563.74
3142.95	4536.26
3143.38	4457.28
3143.8	4588.07
3144.23	4513.16
3144.66	4598.57
3145.09	4568.29
3145.52	4505.96
3145.95	4507.09
3146.38	4497.02
3146.8	4484.91
3147.23	4542.9
3147.66	4509.72
3148.09	4505.54
3148.52	4563.86
3148.94	4530.91
3149.37	4568.15
3149.8	4516.38
3150.23	4487.05
3150.66	4398.38
3151.08	4465.8
3151.51	4423.06
3151.94	4480.56
3152.37	4506.86
3152.8	4500.92
3153.22	4582.54
3153.65	4564.78
3154.08	4550.02
3154.51	4580.52
3154.93	4521.7
3155.36	4490.21
3155.79	4536.77
3156.22	4470.7
3156.65	4520.72
3157.07	4539.66
3157.5	4589.73
3157.93	4557.51
3158.35	4537.98
3158.78	4555.84
3159.21	4544.72
3159.64	4448.8
3160.06	4477.48
3160.49	4493
3160.92	4416.68
3161.34	4480.01
3161.77	4479.58
3162.2	4537.99
3162.62	4589.41
3163.05	4460.95
3163.48	4502.6
3163.91	4388.8
3164.33	4449.34
3164.76	4425.99
3165.19	4457
3165.61	4431.25
3166.04	4449.1
3166.46	4495.97
3166.89	4517.58
3167.32	4535.97
3167.74	4584.26
3168.17	4560.8
3168.6	4466.59
3169.02	4471.88
3169.45	4462.48
3169.88	4552.82
3170.3	4476.55
3170.73	4458.81
3171.15	4451.19
3171.58	4494.32
3172.01	4475.33
3172.43	4493.77
3172.86	4534.3
3173.28	4494.9
3173.71	4427.58
3174.14	4519.53
3174.56	4379.28
3174.99	4436.87
3175.41	4495.68
3175.84	4467.49
3176.26	4440.18
3176.69	4487.4
3177.11	4583.09
3177.54	4564.52
3177.97	4420.87
3178.39	4476.16
3178.82	4498.61
3179.24	4452.56
3179.67	4414.52
3180.09	4378.39
3180.52	4438.4
3180.94	4479.34
3181.37	4510.43
3181.79	4515.24
3182.22	4468.61
3182.64	4535.22
3183.07	4450.61
3183.49	4423.52
3183.92	4466.18
3184.34	4413.97
3184.77	4376.1
3185.19	4470.08
3185.62	4495.5
3186.04	4516.27
3186.47	4625.28
3186.89	4596.92
3187.32	4476.84
3187.74	4516.76
3188.16	4431.3
3188.59	4484.74
3189.01	4479.45
3189.44	4482.12
3189.86	4490.85
3190.29	4465.26
3190.71	4493.56
3191.14	4458.12
3191.56	4464.27
3191.98	4422.98
3192.41	4345.24
3192.83	4346.4
3193.26	4243.15
3193.68	4291.66
3194.1	4343.66
3194.53	4412.86
3194.95	4401.57
3195.38	4534.75
3195.8	4483.52
3196.22	4525.37
3196.65	4587.26
3197.07	4418.75
3197.49	4468.43
3197.92	4443.49
3198.34	4374.79
3198.77	4388.4
3199.19	4461.04
3199.61	4478.63
3200.03	4505.44
3200.46	4458.25
3200.88	4537.28
3201.31	4509.26
3201.73	4471.99
3202.15	4431.17
3202.57	4415.66
3203	4496.52
3203.42	4415.97
3203.84	4459.95
3204.27	4536.98
3204.69	4440.15
3205.11	4491.5
3205.54	4520.77
3205.96	4426.54
3206.38	4455.08
3206.8	4437.15
3207.23	4428.79
3207.65	4440.81
3208.07	4421.77
3208.5	4410.18
3208.92	4487.26
3209.34	4549.91
3209.76	4459.89
3210.18	4438.3
3210.61	4507.73
3211.03	4459.92
3211.45	4404.88
3211.87	4435.09
3212.3	4478.44
3212.72	4478.05
3213.14	4494.9
3213.56	4443.05
3213.99	4522.81
3214.41	4483.87
3214.83	4495.65
3215.25	4504.67
3215.67	4457.96
3216.1	4451.07
3216.52	4443.71
3216.94	4432.05
3217.36	4374.35
3217.78	4344.18
3218.2	4420.45
3218.63	4539.4
3219.05	4548.94
3219.47	4469.52
3219.89	4443.09
3220.31	4471.48
3220.73	4461.89
3221.15	4440.72
3221.58	4373.48
3222	4385.61
3222.42	4368.45
3222.84	4372.44
3223.26	4392.37
3223.68	4524.6
3224.1	4463.95
3224.52	4346.55
3224.95	4476.9
3225.37	4398.09
3225.79	4461.81
3226.21	4497.98
3226.63	4347.2
3227.05	4399.18
3227.47	4385.14
3227.89	4454.89
3228.31	4451.1
3228.73	4456.76
3229.15	4532.96
3229.58	4460.94
3230	4446.49
3230.42	4479.58
3230.84	4312.32
3231.26	4352.51
3231.68	4385.77
3232.1	4323.22
3232.52	4313.15
3232.94	4389.55
3233.36	4452.67
3233.78	4465.23
3234.2	4375.35
3234.62	4401.68
3235.04	4374.88
3235.46	4313.99
3235.88	4342.56
3236.3	4393.54
3236.72	4447.26
3237.14	4412.9
3237.56	4383.17
3237.98	4352.76
3238.4	4444.73
3238.82	4392.77
3239.24	4402.41
3239.66	4313.87
3240.08	4405.27
3240.5	4420.03
3240.92	4339.1
3241.34	4408.34
3241.76	4390.05
3242.18	4436.41
3242.6	4398.65
3243.01	4421.82
3243.43	4338.47
3243.85	4375.24
3244.27	4395.25
3244.69	4286.3
3245.11	4359.64
3245.53	4325.49
3245.95	4395.44
3246.37	4382.38
3246.72	4422.58
3247.15	4406.98
3247.58	4356.04
3248.01	4315.35
3248.43	4344.32
3248.86	4374.07
3249.29	4239.44
3249.72	4291.87
3250.15	4282.67
3250.57	4297.85
3251	4303.27
3251.43	4353.27
3251.85	4304.72
3252.28	4465.38
3252.71	4358.69
3253.14	4263.2
3253.56	4408.05
3253.99	4335.37
3254.42	4303.6
3254.85	4331.97
3255.27	4317.81
3255.7	4332.15
3256.13	4375.85
3256.55	4416.43
3256.98	4428.88
3257.41	4406.43
3257.84	4406.06
3258.26	4385.42
3258.69	4362.1
3259.11	4328.21
3259.54	4292.22
3259.97	4325.81
3260.4	4352.15
3260.82	4361.18
3261.25	4267.61
3261.68	4361.85
3262.1	4318.09
3262.53	4409.88
3262.95	4312.77
3263.38	4333.48
3263.81	4249.48
3264.23	4272.98
3264.66	4273.72
3265.09	4323.13
3265.51	4363.7
3265.94	4318.99
3266.37	4337.76
3266.79	4384.27
3267.22	4350.07
3267.64	4253.14
3268.07	4320.5
3268.5	4331.88
3268.92	4260.09
3269.35	4231.35
3269.77	4367.14
3270.2	4309.92
3270.62	4305.68
3271.05	4349.95
3271.47	4300.61
3271.9	4296.61
3272.33	4389.27
3272.75	4218.85
3273.18	4224.07
3273.6	4310.38
3274.03	4228.5
3274.45	4231.09
3274.88	4335.71
3275.3	4331.2
3275.73	4332.66
3276.15	4337.65
3276.58	4274.49
3277.01	4243.12
3277.43	4246.91
3277.86	4210.78
3278.28	4158.87
3278.71	4202.08
3279.13	4146.96
3279.56	4250.8
3279.98	4209.57
3280.41	4314.23
3280.83	4234.5
3281.25	4348.44
3281.68	4292.67
3282.1	4307.4
3282.53	4297.04
3282.95	4256.46
3283.38	4253.79
3283.8	4335.1
3284.23	4308.56
3284.65	4371.68
3285.08	4328
3285.5	4334.86
3285.92	4289.33
3286.35	4343.31
3286.77	4333.14
3287.2	4248.81
3287.62	4220.5
3288.05	4319.01
3288.47	4201.3
3288.89	4304.21
3289.32	4265.88
3289.74	4287.98
3290.17	4322.37
3290.59	4275.13
3291.01	4283.64
3291.44	4279.01
3291.86	4285.26
3292.28	4242.41
3292.71	4277.12
3293.13	4307.93
3293.56	4324.5
3293.98	4306.76
3294.4	4338.93
3294.83	4274.21
3295.25	4304.66
3295.67	4270.97
3296.1	4258.19
3296.52	4206.1
3296.94	4276.09
3297.37	4246.09
3297.79	4248.69
3298.21	4267.14
3298.64	4302.46
3299.06	4345.09
3299.48	4238.34
3299.91	4275.35
3300.33	4285.98
3300.75	4253.47
3301.18	4251.26
3301.6	4233.31
3302.02	4284.47
3302.44	4309.01
3302.87	4238.77
3303.29	4253.33
3303.71	4266.76
3304.13	4263.92
3304.56	4272.47
3304.98	4271.13
3305.4	4215.21
3305.83	4248.87
3306.25	4199.35
3306.67	4213.13
3307.09	4196.81
3307.52	4267.12
3307.94	4316.41
3308.36	4230.06
3308.78	4285.89
3309.2	4226.53
3309.63	4211.41
3310.05	4263.02
3310.47	4147.48
3310.89	4218.7
3311.32	4227.03
3311.74	4228.01
3312.16	4230.88
3312.58	4328.67
3313	4224.3
3313.43	4250.97
3313.85	4251.23
3314.27	4249.68
3314.69	4207.14
3315.11	4257.61
3315.53	4255.15
3315.96	4196.1
3316.38	4261.51
3316.8	4221.56
3317.22	4284.93
3317.64	4237.41
3318.06	4287.72
3318.48	4313.88
3318.91	4244.49
3319.33	4169.65
3319.75	4165.52
3320.17	4198.84
3320.59	4276.91
3321.01	4184.94
3321.43	4196.12
3321.85	4207.79
3322.28	4249.09
3322.7	4249.79
3323.12	4281.02
3323.54	4298.01
3323.96	4212.15
3324.38	4181.92
3324.8	4291.75
3325.22	4182.14
3325.64	4216.02
3326.06	4259.6
3326.48	4265.92
3326.9	4220.27
3327.33	4252.04
3327.75	4312.12
3328.17	4285.65
3328.59	4259.83
3329.01	4221.9
3329.43	4215.5
3329.85	4188.88
3330.27	4167.21
3330.69	4183.76
3331.11	4162.95
3331.53	4192.92
3331.95	4148.37
3332.37	4249.18
3332.79	4254.04
3333.21	4253.08
3333.63	4255.57
3334.05	4190.63
3334.47	4241.57
3334.89	4248.69
3335.31	4234.59
3335.73	4307
3336.15	4316.73
3336.57	4247.85
3336.99	4316.36
3337.41	4226.15
3337.83	4318.39
3338.25	4200.9
3338.67	4148.7
3339.09	4128.24
3339.51	4181.13
3339.93	4241.3
3340.35	4255.51
3340.76	4214.27
3341.18	4291.49
3341.6	4245.63
3342.02	4341.92
3342.44	4213.55
3342.86	4238.8
3343.28	4211.72
3343.7	4177.18
3344.12	4208.85
3344.54	4178.2
3344.96	4281.74
3345.37	4223.82
3345.79	4213.71
3346.21	4163.43
3346.63	4219.85
3347.05	4240.71
3347.47	4154.63
3347.89	4131.97
3348.31	4130.87
3348.73	4124.37
3349.14	4146.87
3349.56	4155.14
3349.98	4262.74
3350.4	4230.48
3350.82	4210.12
3351.24	4238.92
3351.65	4172.59
3352.07	4259.09
3352.49	4213.2
3352.91	4182.81
3353.33	4197.64
3353.75	4185.86
3354.16	4210.69
3354.58	4271.34
3355	4236.13
3355.42	4216.5
3355.84	4195.55
3356.25	4205.27
3356.67	4195
3357.09	4195.38
3357.51	4213.13
3357.93	4202.49
3358.34	4190.22
3358.76	4257.38
3359.18	4215.8
3359.6	4165.57
3360.01	4221.66
3360.43	4232.55
3360.85	4109.71
3361.27	4197.6
3361.69	4176.28
3362.1	4160.53
3362.52	4151.81
3362.94	4143.01
3363.35	4180.08
3363.77	4137.72
3364.19	4173.23
3364.61	4230.29
3365.02	4198.92
3365.44	4171.69
3365.86	4216.03
3366.27	4171.13
3366.69	4108.73
3367.11	4175.49
3367.53	4163.93
3367.94	4178.12
3368.36	4131.99
3368.78	4148.12
3369.19	4195.2
3369.61	4185.21
3370.03	4166.54
3370.44	4212.05
3370.86	4214.79
3371.28	4218.68
3371.69	4159.19
3372.11	4043.48
3372.52	4162.99
3372.94	4160.33
3373.36	4211.92
3373.78	4177.89
3374.19	4242.01
3374.61	4237.36
3375.02	4212.11
3375.44	4140.08
3375.86	4241.71
3376.27	4148.19
3376.69	4210.71
3377.1	4108.35
3377.52	4250.3
3377.94	4233.86
3378.35	4152.23
3378.77	4182.11
3379.19	4110.54
3379.6	4219.27
3380.02	4203.46
3380.43	4201.63
3380.85	4155.95
3381.26	4152.99
3381.68	4147.48
3382.09	4217.41
3382.51	4150.09
3382.93	4168.96
3383.34	4206.66
3383.76	4141.97
3384.17	4258.24
3384.59	4230.97
3385	4162.89
3385.42	4193.38
3385.83	4194.67
3386.25	4133.85
3386.66	4141.77
3387.08	4213.17
3387.49	4128.46
3387.91	4162.46
3388.32	4245.71
3388.74	4158.07
3389.15	4102.22
3389.57	4038.61
3389.98	4048.93
3390.4	3944.09
3390.81	4013.74
3391.23	4099.6
3391.64	4084.45
3392.06	4254.71
3392.47	4157.98
3392.89	4257.03
3393.3	4230.93
3393.72	4188.33
3394.13	4110.21
3394.55	4177.11
3394.96	4157.02
3395.37	4131.65
3395.79	4180.1
3396.2	4124.66
3396.62	4148.88
3397.03	4234.2
3397.45	4203.98
3397.86	4276.15
3398.27	4241.85
3398.69	4162.51
3399.1	4186.74
3399.52	4167.7
3399.93	4154.19
3400.34	4182.03
3400.76	4167.08
3401.17	4166.89
3401.59	4081.04
3402	4171.32
3402.41	4218.43
3402.83	4215.7
3403.24	4195.25
3403.65	4126.51
3404.07	4132.95
3404.48	4105.91
3404.89	4104.72
3405.31	4154
3405.72	4215.47
3406.14	4185.82
3406.55	4087.46
3406.96	4047.94
3407.38	4158.56
3407.79	4260.68
3408.2	4183.38
3408.62	4135.98
3409.03	4206.1
3409.44	4097.16
3409.85	4109.27
3410.27	4163.85
3410.68	4156.92
3411.09	4216.87
3411.51	4181.66
3411.92	4235.93
3412.33	4138.49
3412.75	4118.24
3413.16	4202.34
3413.57	4126.72
3413.98	4101.36
3414.4	4172.11
3414.81	4128.34
3415.22	4153.29
3415.63	4256.36
3416.05	4260.75
3416.46	4261.23
3416.87	4169.13
3417.28	4241.81
3417.7	4156.34
3418.11	4097.16
3418.52	4120.47
3418.93	4223.05
3419.35	4135.13
3419.76	4008.49
3420.17	4180.92
3420.58	4137.49
3420.99	4153.1
3421.41	4222.17
3421.82	4122.01
3422.23	4105.78
3422.64	4152.13
3423.05	4028.34
3423.47	4131.66
3423.88	4166.17
3424.29	4133.03
3424.7	4215.59
3425.11	4172
3425.52	4256.63
3425.94	4198.81
3426.35	4171.73
3426.76	4184.45
3427.17	4182.47
3427.58	4086.03
3427.99	4042.94
3428.4	4083.52
3428.81	4104.34
3429.23	4047.26
3429.64	4097.63
3430.05	4083.05
3430.46	4160.03
3430.87	4186.9
3431.28	4183.28
3431.69	4135.25
3432.1	4049.06
3432.52	4149.74
3432.93	4100.3
3433.34	4118.83
3433.75	4142.15
3434.16	4124.59
3434.57	4138.64
3434.98	4137.77
3435.39	4192.99
3435.8	4180.57
3436.21	4166.01
3436.62	4129.25
3437.03	4088.92
3437.45	4122.71
3437.86	4082.56
3438.27	4093.92
3438.68	4094.91
3439.09	4051.71
3439.5	4149.3
3439.91	4106.24
3440.32	4062.2
3440.73	4160.9
3441.14	4040.88
3441.55	4095.67
3441.96	3960.05
3442.37	4049.5
3442.78	4035.65
3443.19	4046.04
3443.6	4127.9
3444.01	3984.79
3444.42	4097.95
3444.83	4118.8
3445.24	4089.34
3445.65	4048.39
3446.06	4133.67
3446.47	4038.68
3446.88	4097.21
3447.29	4109.69
3447.7	4040.33
3448.11	4026.84
3448.52	4191.07
3448.93	4011.72
3449.33	4203.36
3449.74	4091.21
3450.15	4127.82
3450.56	4106.52
3450.97	4123
3451.38	4139.43
3451.79	4110.65
3452.2	4044.09
3452.61	4068.71
3453.02	4080.9
3453.43	4180.33
3453.84	4182.03
3454.25	4140.2
3454.65	4127.89
3455.06	4160.12
3455.47	4116.95
3455.88	4117.25
3456.29	4084.46
3456.7	4070.78
3457.11	3965.18
3457.52	4065.56
3457.93	4139.51
3458.33	4114.15
3458.74	4068.25
3459.15	4130.91
3459.56	4131.42
3459.97	4097.81
3460.38	4012.13
3460.78	4081.53
3461.19	4041.17
3461.6	4006.67
3462.01	4060.45
3462.42	4097.07
3462.83	4099.83
3463.24	4166.66
3463.64	4068.35
3464.05	4088.69
3464.46	4103.62
3464.87	4048.59
3465.27	4054.94
3465.68	4107.93
3466.09	4016.27
3466.5	3978.75
3466.91	3994.85
3467.31	4055.71
3467.72	4158.99
3468.13	4185.19
3468.54	4141.88
3468.95	4080.33
3469.35	4015.2
3469.76	4099.17
3470.17	4020.12
3470.58	3959.25
3470.98	4067.08
3471.39	3998.87
3471.8	3952.69
3472.2	4023.77
3472.61	3995.71
3473.02	4000.73
3473.43	4051.67
3473.83	3962.94
3474.24	4028.94
3474.65	4032.16
3475.06	4073.97
3475.46	4027.47
3475.87	4097.37
3476.28	4117.98
3476.68	4107.48
3477.09	4091.04
3477.5	4112.17
3477.9	4109.99
3478.31	4034.63
3478.72	4094.87
3479.12	4143.52
3479.53	4034.51
3479.94	4045.05
3480.34	4008.39
3480.75	3997.08
3481.16	4033.79
3481.56	4053.92
3481.97	4098.43
3482.38	4093.08
3482.78	4091.92
3483.19	4085.47
3483.6	4013.48
3484	4091.89
3484.41	4116.62
3484.81	4016.06
3485.22	4059.91
3485.63	4152.18
3486.03	4049.32
3486.44	4063.08
3486.85	4051.53
3487.25	4132.5
3487.66	4186.59
3488.06	4106.73
3488.47	4083.56
3488.88	4064.93
3489.28	4000.82
3489.69	3987.18
3490.09	4005.73
3490.5	3990.66
3490.9	4051.33
3491.31	4063.38
3491.72	4041.59
3492.12	4062.81
3492.53	4091.75
3492.93	4105.88
3493.34	4077.75
3493.74	4024.66
3494.15	4027.1
3494.55	4051.84
3494.96	4101.78
3495.36	4030.21
3495.77	4130.23
3496.17	4079.93
3496.58	4096.08
3496.98	4040.46
3497.39	4117.93
3497.79	4041.06
3498.2	4020.42
3498.6	4058.39
3499.01	3987.69
3499.41	4065.02
3499.82	4033.34
3500.22	3988.92
3500.63	4062.12
3501.03	4074.05
3501.44	4022.78
3501.84	4082.72
3502.25	4024.87
3502.65	4009.73
3503.06	4023.67
3503.46	3983.86
3503.86	3992.3
3504.27	4042.97
3504.67	4097.94
3505.08	4101.78
3505.48	4084.94
3505.89	4080.84
3506.29	4100.21
3506.69	4080.16
3507.1	4098.53
3507.5	4001.62
3507.91	3980.19
3508.31	3985.07
3508.72	3984.48
3509.12	3984.64
3509.52	4108.98
3509.93	4071.17
3510.33	4068.68
3510.74	4063.74
3511.14	4011.88
3511.54	4041.25
3511.95	4081.66
3512.35	3988.96
3512.75	4030.27
3513.16	3980.58
3513.56	4028.8
3513.96	4075.88
3514.37	4008.96
3514.77	4067.88
3515.17	4078.94
3515.58	4071.5
3515.98	4065.29
3516.38	3971.35
3516.79	4084.79
3517.19	4038.57
3517.59	4020.57
3518	3994.37
3518.4	3957.24
3518.8	4021.08
3519.21	4061.28
3519.61	4099.83
3520.01	4004.1
3520.42	4009.69
3520.82	4064.07
3521.22	4110.05
3521.62	4021.73
3522.03	4015.2
3522.43	4027.38
3522.83	3971.82
3523.23	3992.15
3523.64	4075.79
3524.04	3941
3524.44	4015.37
3524.84	4056.45
3525.25	4048.3
3525.65	4089.73
3526.05	4113.45
3526.45	4046.89
3526.86	3984.41
3527.26	4043.29
3527.66	4039.9
3528.06	4027.79
3528.47	4017.01
3528.87	4052.56
3529.27	4087.89
3529.67	4046.1
3530.07	4097.08
3530.48	4064.61
3530.88	4108.22
3531.28	4115.48
3531.68	3998.46
3532.08	4021.08
3532.49	3979.4
3532.89	4030.1
3533.29	4058.8
3533.69	4046.14
3534.09	4102.73
3534.5	4170.58
3534.9	4097.19
3535.3	4110.66
3535.7	4055.22
3536.1	4061.85
3536.5	4066.35
3536.9	3983.8
3537.3	4029.51
3537.71	4050.73
3538.11	3997.38
3538.51	4131.12
3538.91	4033.24
3539.31	4015.21
3539.71	4022.25
3540.11	4065.22
3540.51	4019.53
3540.92	3989.32
3541.32	3977.4
3541.72	3987.77
3542.12	3975.22
3542.52	4027.65
3542.92	4066.18
3543.32	4044.69
3543.72	4094.81
3544.12	4124.29
3544.52	4108.18
3544.92	4138.46
3545.32	4032.89
3545.72	4102.74
3546.12	4062.42
3546.53	4003.52
3546.93	3982.54
3547.33	4106.28
3547.73	4086.17
3548.13	4128
3548.53	4150.72
3548.93	4135.39
3549.33	4063.02
3549.73	4020.16
3550.13	4095.51
3550.53	3983.88
3550.93	3962.62
3551.33	4057.26
3551.73	4038.83
3552.13	4103.1
3552.53	4079.88
3552.93	4071.81
3553.33	4095.58
3553.73	4019.33
3554.13	4066.37
3554.53	4031.35
3554.93	4015.5
3555.33	4041.64
3555.73	3971.19
3556.13	4024.01
3556.53	4073.3
3556.93	4068.48
3557.33	4099.92
3557.73	4063.73
3558.12	4098.18
3558.52	4049.67
3558.92	4044.36
3559.32	4040.97
3559.72	4036.32
3560.12	4053.62
3560.52	4062.68
3560.92	4062.91
3561.32	4017.2
3561.72	4054.23
3562.12	4160.08
3562.52	4059.79
3562.92	4082.19
3563.31	4139.92
3563.71	3987.24
3564.11	4028.66
3564.51	4069.1
3564.91	4016.03
3565.31	3982.79
3565.71	4037.18
3566.11	4094.67
3566.51	4009.57
3566.9	4015.73
3567.3	4168.6
3567.7	4090.91
3568.1	4037.17
3568.5	4059.32
3568.9	4055.71
3569.29	3959.09
3569.69	4014.91
3570.09	4049.69
3570.49	4055.88
3570.89	4100.47
3571.29	4093.46
3571.68	3997.52
3572.08	4082.53
3572.48	4072.05
3572.88	4092.69
3573.28	4074.91
3573.67	3975.45
3574.07	4068.05
3574.47	4018.61
3574.87	4037.46
3575.27	4072.12
3575.66	4032.21
3576.06	4132.92
3576.46	4118.48
3576.86	4140.87
3577.25	4165.15
3577.65	4078.64
3578.05	4006.78
3578.45	4002.36
3578.84	3954.95
3579.24	3991.46
3579.64	4062.07
3580.04	3995.24
3580.43	3925.08
3580.83	3894.45
3581.23	3825.52
3581.63	3907.68
3582.02	3978.51
3582.42	4014.58
3582.82	3947.46
3583.22	4023.01
3583.61	4005.46
3584.01	4043
3584.41	3981.8
3584.8	4074.91
3585.2	4098.06
3585.6	4092.49
3585.99	4093.41
3586.39	4111.8
3586.79	4114.11
3587.19	4121.02
3587.58	4074.78
3587.98	4001.32
3588.37	4077.91
3588.77	4042.54
3589.17	4077.1
3589.56	4030.44
3589.96	3979.95
3590.36	4073.82
3590.75	4027.81
3591.15	4039.64
3591.55	4091.62
3591.94	4013.47
3592.34	4040.54
3592.74	4045.95
3593.13	4048.95
3593.53	4061.97
3593.92	4008.24
3594.32	3964.55
3594.72	4010.07
3595.11	4055.08
3595.51	4081.91
3595.9	4065.85
3596.3	4064.56
3596.7	4092.66
3597.09	4040.87
3597.49	3994.04
3597.88	3992.45
3598.28	3990.5
3598.67	4027.75
3599.07	4050.35
3599.47	4033.43
3599.86	4040.04
3600.26	4079.91
3600.65	4074.87
3601.05	4060.79
3601.44	4093.81
3601.84	3927.18
3602.23	4018.02
3602.63	3983.12
3603.02	3948.64
3603.42	3967.87
3603.82	3926.15
3604.21	4016.76
3604.6	4010.22
3605	4040.97
3605.4	4040.9
3605.79	4054.81
3606.18	4009.13
3606.58	3983.88
3606.98	4035.31
3607.37	4002.17
3607.76	3949.53
3608.16	3898.87
3608.55	4027.52
3608.95	4083.62
3609.34	3990.89
3609.74	4137
3610.13	4049
3610.53	4019.63
3610.92	3988.68
3611.32	3947.97
3611.71	4012.22
3612.11	3970.74
3612.5	3898.22
3612.89	3974.24
3613.29	4024
3613.68	4006.58
3614.08	4039.43
3614.47	3983.93
3614.87	3975.28
3615.26	3958.58
3615.65	4024.21
3616.05	3937.54
3616.44	3910.08
3616.84	3920.7
3617.23	3926.5
3617.62	3908.28
3618.02	3821.59
3618.41	3826.24
3618.8	4078.81
3619.2	3980.85
3619.59	4011.82
3619.99	4017.87
3620.38	4007.16
3620.77	3969.37
3621.17	3977.28
3621.56	3904.33
3621.95	3812.98
3622.35	3892.53
3622.74	3937.81
3623.14	3926.34
3623.53	3948.54
3623.92	3944.27
3624.31	3941
3624.71	3930.64
3625.1	3949.78
3625.49	3840.08
3625.89	3883.92
3626.28	3837.18
3626.67	3854.11
3627.07	3906.61
3627.46	3860.82
3627.85	3895.99
3628.25	3892.14
3628.64	3877.67
3629.03	3905.85
3629.42	3873.49
3629.82	3818.44
3630.21	3837.14
3630.6	3804.17
3631	3895.46
3631.39	3765.7
3631.78	3867
3631.82	3822.27
3632.22	3853.75
3632.62	3917.17
3633.01	3894.18
3633.41	3912.87
3633.81	3831.34
3634.21	3750.09
3634.6	3748.12
3635	3757.42
3635.4	3712.72
3635.79	3774.71
3636.19	3826.88
3636.59	3856.54
3636.98	3795.09
3637.38	3818.15
3637.78	3856.76
3638.17	3740.4
3638.57	3818.65
3638.97	3816.48
3639.36	3828.65
3639.76	3742.61
3640.15	3739.53
3640.55	3756.52
3640.95	3802.62
3641.34	3854.03
3641.74	3874.86
3642.14	3756.11
3642.53	3839.2
3642.93	3824.85
3643.32	3826.73
3643.72	3820.26
3644.12	3823.07
3644.51	3734.82
3644.91	3733.73
3645.3	3778.79
3645.7	3685.41
3646.1	3804.7
3646.49	3853.75
3646.89	3772.49
3647.28	3781.4
3647.68	3818.31
3648.08	3769.23
3648.47	3745.33
3648.87	3716.69
3649.26	3758.97
3649.66	3743.62
3650.05	3734.29
3650.45	3728.65
3650.84	3698.05
3651.24	3680.03
3651.63	3726.45
3652.03	3739.71
3652.42	3787.61
3652.82	3784.12
3653.22	3791.51
3653.61	3637.28
3654	3723.13
3654.4	3689.44
3654.79	3727.34
3655.19	3715.38
3655.58	3681.21
3655.98	3720.18
3656.38	3757.17
3656.77	3700.9
3657.16	3716.53
3657.56	3722.72
3657.95	3729.78
3658.35	3733.03
3658.74	3642.05
3659.14	3627.9
3659.53	3595.14
3659.93	3592.6
3660.32	3633.92
3660.72	3628.42
3661.11	3686.2
3661.5	3646.17
3661.9	3580.61
3662.29	3652.36
3662.69	3562.47
3663.08	3639.49
3663.48	3630.74
3663.87	3613.98
3664.26	3611.91
3664.66	3649.72
3665.05	3675.55
3665.45	3732.43
3665.84	3698.9
3666.23	3667.06
3666.63	3643.57
3667.02	3572.59
3667.42	3599.83
3667.81	3588.63
3668.2	3632.92
3668.6	3663.59
3668.99	3618.49
3669.39	3593.06
3669.78	3640.47
3670.17	3659.3
3670.57	3689.27
3670.96	3684.7
3671.35	3617.23
3671.75	3654.86
3672.14	3597.07
3672.53	3567.77
3672.93	3562.9
3673.32	3583.07
3673.71	3617.01
3674.11	3579.86
3674.5	3596.42
3674.89	3607.78
3675.29	3610.31
3675.68	3629.3
3676.07	3601.04
3676.47	3619.42
3676.86	3608.96
3677.25	3552.65
3677.64	3536.2
3678.04	3536.12
3678.43	3558.81
3678.82	3545.04
3679.21	3568.12
3679.61	3589.98
3680	3578.32
3680.39	3580.87
3680.79	3597.63
3681.18	3586.06
3681.57	3507.44
3681.96	3566.48
3682.36	3513.67
3682.75	3494.4
3683.14	3557.18
3683.53	3557.17
3683.93	3569.5
3684.32	3571.74
3684.71	3562.65
3685.1	3639.98
3685.49	3506.75
3685.89	3570.8
3686.28	3558.81
3686.67	3457.24
3687.06	3530.29
3687.45	3502.29
3687.85	3490.03
3688.24	3531.65
3688.63	3474.25
3689.02	3541.88
3689.41	3541.52
3689.81	3547.17
3690.2	3562.1
3690.59	3555
3690.98	3447.85
3691.37	3530.04
3691.77	3503.05
3692.16	3440.95
3692.55	3510.79
3692.94	3531.45
3693.33	3531.64
3693.72	3562.61
3694.11	3515.08
3694.5	3523.82
3694.9	3563.76
3695.29	3529.63
3695.68	3507.84
3696.07	3464.69
3696.46	3495.65
3696.85	3515.73
3697.24	3420.34
3697.63	3451.39
3698.03	3593.9
3698.42	3504.51
3698.81	3520.36
3699.2	3480.32
3699.59	3514.08
3699.98	3498.21
3700.37	3425.47
3700.76	3521.03
3701.15	3419.68
3701.54	3431.67
3701.93	3414.33
3702.33	3426.07
3702.72	3461.57
3703.11	3488.83
3703.5	3510.62
3703.89	3532.53
3704.28	3504.54
3704.67	3567.63
3705.06	3504.56
3705.45	3504.15
3705.84	3513.74
3706.23	3456.04
3706.62	3481.03
3707.01	3512.29
3707.4	3561.52
3707.79	3421.6
3708.18	3420.67
3708.57	3452.18
3708.96	3513.41
3709.35	3484.38
3709.74	3393.45
3710.13	3410.71
3710.52	3447.67
3710.91	3359.19
3711.3	3395.42
3711.69	3406.87
3712.08	3406.4
3712.47	3434.72
3712.86	3465.55
3713.25	3486.19
3713.64	3511.32
3714.03	3518.98
3714.42	3480.6
3714.81	3492.73
3715.2	3464.56
3715.59	3445.94
3715.98	3394.33
3716.37	3427.63
3716.75	3431.11
3717.14	3479.94
3717.53	3510.86
3717.92	3413.44
3718.31	3491.57
3718.7	3476.02
3719.09	3438.21
3719.48	3458.92
3719.87	3381.44
3720.26	3379.51
3720.65	3421.82
3721.03	3357.65
3721.42	3434.4
3721.81	3460.31
3722.2	3399.76
3722.59	3443.87
3722.98	3464.67
3723.37	3479.26
3723.76	3485.56
3724.15	3421.81
3724.53	3365.35
3724.92	3434.79
3725.31	3369.12
3725.7	3362.35
3726.09	3387.2
3726.48	3417.07
3726.86	3367.58
3727.25	3422.37
3727.64	3421.85
3728.03	3417.26
3728.42	3412.41
3728.81	3427.91
3729.19	3396.65
3729.58	3385.03
3729.97	3348.03
3730.36	3362.09
3730.75	3440.09
3731.13	3408.78
3731.52	3410.42
3731.91	3492.51
3732.3	3441.12
3732.69	3401.37
3733.07	3468.17
3733.46	3450.7
3733.85	3404.23
3734.24	3442.93
3734.62	3461.19
3735.01	3401.78
3735.4	3375.02
3735.79	3453.46
3736.17	3452.11
3736.56	3416.68
3736.95	3369.37
3737.34	3413.95
3737.73	3454.81
3738.11	3337.88
3738.5	3386.46
3738.89	3383.94
3739.27	3404.3
3739.66	3370.39
3740.05	3361.61
3740.44	3348.21
3740.82	3409.62
3741.21	3381.92
3741.6	3440.53
3741.98	3389.39
3742.37	3436.77
3742.76	3415.72
3743.15	3354.72
3743.53	3358.87
3743.92	3327.79
3744.31	3430.94
3744.69	3433.3
3745.08	3370.53
3745.47	3417.45
3745.85	3438.09
3746.24	3357.37
3746.63	3367.48
3747.01	3403.53
3747.4	3382.79
3747.78	3329.87
3748.17	3359.45
3748.56	3350.75
3748.94	3397.79
3749.33	3369.3
3749.72	3349.83
3750.1	3370.21
3750.49	3341.68
3750.88	3385.87
3751.26	3387.65
3751.65	3445.91
3752.03	3376.45
3752.42	3401.81
3752.81	3354.27
3753.19	3353.49
3753.58	3343.66
3753.96	3347.92
3754.35	3400.16
3754.73	3395.11
3755.12	3352.1
3755.51	3364.02
3755.89	3420.44
3756.28	3397.65
3756.66	3354.61
3757.05	3345.07
3757.43	3365.58
3757.82	3312.9
3758.21	3280.86
3758.59	3367.63
3758.98	3295.45
3759.36	3376.23
3759.75	3378.81
3760.13	3448.96
3760.52	3401.1
3760.9	3451.89
3761.29	3426.51
3761.67	3361.95
3762.06	3384.67
3762.44	3330.66
3762.83	3389.01
3763.21	3305.14
3763.6	3342.07
3763.98	3333.76
3764.37	3371.05
3764.75	3394.92
3765.14	3352.71
3765.52	3322.39
3765.91	3309.82
3766.29	3190.97
3766.68	3209.79
3767.06	3148.82
3767.45	3178.25
3767.83	3248.29
3768.22	3330.84
3768.6	3303.98
3768.99	3308.83
3769.37	3322.87
3769.75	3425.92
3770.14	3390.25
3770.52	3347.03
3770.91	3426.19
3771.29	3341.86
3771.68	3368.91
3772.06	3287.35
3772.44	3311.73
3772.83	3387.92
3773.21	3403.69
3773.6	3311.55
3773.98	3293.64
3774.36	3327.66
3774.75	3355.9
3775.13	3399.16
3775.52	3344.54
3775.9	3382.19
3776.29	3355.49
3776.67	3380.8
3777.05	3343.07
3777.44	3338.95
3777.82	3316.87
3778.2	3347.4
3778.59	3312.78
3778.97	3326.37
3779.35	3404.05
3779.74	3345.27
3780.12	3379.92
3780.5	3305.08
3780.89	3403.23
3781.27	3277.39
3781.65	3319.87
3782.04	3298.57
3782.42	3310.83
3782.8	3315.54
3783.19	3404.8
3783.57	3347.64
3783.95	3370.44
3784.34	3360.73
3784.72	3361.15
3785.1	3296.3
3785.49	3358.22
3785.87	3335.42
3786.25	3244.81
3786.63	3272.54
3787.02	3292.81
3787.4	3320.86
3787.78	3278.64
3788.17	3328.34
3788.55	3352.71
3788.93	3293.21
3789.31	3415.78
3789.7	3437.58
3790.08	3329.74
3790.46	3268.38
3790.84	3293.1
3791.23	3216.92
3791.61	3326.65
3791.99	3282.23
3792.37	3232.49
3792.76	3299.73
3793.14	3302.83
3793.52	3316.51
3793.9	3275.14
3794.28	3353.01
3794.67	3286.19
3795.05	3286.65
3795.43	3309.83
3795.81	3301.58
3796.19	3320.53
3796.58	3307.96
3796.96	3358.55
3797.34	3354.34
3797.72	3353.91
3798.1	3355.96
3798.49	3328.46
3798.87	3300.19
3799.25	3342.68
3799.63	3362.07
3800.01	3326.54
3800.39	3237.72
3800.78	3238
3801.16	3174.66
3801.54	3207.73
3801.92	3291.62
3802.3	3318.07
3802.68	3295.18
3803.07	3241.16
3803.45	3274.92
3803.83	3323.77
3804.21	3393.84
3804.59	3314.04
3804.97	3272.57
3805.35	3253.14
3805.73	3241.43
3806.11	3246.46
3806.5	3280.82
3806.88	3207.69
3807.26	3343.68
3807.64	3266.12
3808.02	3323.85
3808.4	3314.91
3808.78	3277.98
3809.16	3261.12
3809.54	3204.14
3809.92	3293.2
3810.3	3270.44
3810.68	3233.16
3811.06	3283.13
3811.45	3269.61
3811.83	3270.09
3812.21	3301.65
3812.59	3314.33
3812.97	3231.7
3813.35	3242.63
3813.73	3260.06
3814.11	3257.3
3814.49	3253.66
3814.87	3226.91
3815.25	3216.38
3815.49	3307.42
3815.88	3194.49
3816.26	3246.74
3816.64	3204.53
3817.03	3214
3817.41	3273.01
3817.8	3201.84
3818.18	3202.07
3818.57	3237.3
3818.95	3223.64
3819.34	3196.49
3819.72	3213.61
3820.1	3295.93
3820.49	3240.88
3820.87	3271.41
3821.26	3271.91
3821.64	3333.28
3822.02	3293.08
3822.41	3303.18
3822.79	3287.82
3823.18	3278.71
3823.56	3211.67
3823.94	3289.97
3824.33	3212.03
3824.71	3204.42
3825.1	3276.14
3825.48	3213.31
3825.86	3296.07
3826.25	3255.62
3826.63	3261.04
3827.01	3152.16
3827.4	3227.51
3827.78	3207.51
3828.17	3217.1
3828.55	3261.35
3828.93	3182.99
3829.31	3238.31
3829.7	3244.97
3830.08	3224.34
3830.46	3235.38
3830.85	3243.99
3831.23	3273.28
3831.62	3210.19
3832	3253.31
3832.38	3168.8
3832.76	3253.01
3833.15	3233.92
3833.53	3210.58
3833.91	3219.87
3834.3	3224.33
3834.68	3180.63
3835.06	3176.03
3835.45	3206.9
3835.83	3232.2
3836.21	3255.73
3836.59	3238.13
3836.97	3199.74
3837.36	3210.99
3837.74	3213.45
3838.12	3155.97
3838.51	3179.06
3838.89	3195.92
3839.27	3195.98
3839.65	3249.53
3840.04	3220.46
3840.42	3241.45
3840.8	3234.17
3841.18	3236.14
3841.57	3217.65
3841.95	3231.36
3842.33	3160.35
3842.71	3147.19
3843.09	3129.38
3843.48	3111.07
3843.86	3138.66
3844.24	3135.84
3844.62	3148.85
3845	3219.5
3845.39	3204.56
3845.77	3221.41
3846.15	3204.67
3846.53	3191.81
3846.91	3206.97
3847.29	3166.46
3847.68	3157.06
3848.06	3206.93
3848.44	3201.06
3848.82	3229.72
3849.2	3195.73
3849.59	3189.19
3849.97	3260.58
3850.35	3228.94
3850.73	3209.77
3851.11	3235.75
3851.49	3186.63
3851.87	3234.47
3852.26	3213.87
3852.64	3202.54
3853.02	3198.88
3853.4	3137.35
3853.78	3275.47
3854.16	3211.94
3854.54	3207.95
3854.92	3284.34
3855.3	3205.46
3855.69	3181.46
3856.07	3182.82
3856.45	3149.19
3856.83	3208.82
3857.21	3171.17
3857.59	3206.32
3857.97	3184.41
3858.35	3205.9
3858.73	3155.61
3859.11	3289.12
3859.49	3239.05
3859.87	3210.56
3860.25	3176.15
3860.64	3224.08
3861.02	3208.32
3861.4	3119.31
3861.78	3120.29
3862.16	3197.68
3862.54	3132.8
3862.92	3166.61
3863.3	3191.17
3863.68	3302.93
3864.06	3247.27
3864.44	3175.05
3864.82	3243.15
3865.2	3182.03
3865.58	3143.64
3865.96	3234.82
3866.34	3208.22
3866.72	3169.45
3867.1	3137.19
3867.48	3185.89
3867.86	3271.01
3868.24	3235.75
3868.62	3165.46
3869	3199.05
3869.38	3224.66
3869.76	3189.5
3870.14	3162.42
3870.52	3168.05
3870.9	3081.29
3871.28	3055.23
3871.66	3112.58
3872.04	3146.11
3872.41	3202.74
3872.79	3220.04
3873.17	3226.58
3873.55	3159.96
3873.93	3212.21
3874.31	3220.82
3874.69	3240.65
3875.07	3194.89
3875.45	3181.24
3875.83	3151.54
3876.21	3092.3
3876.59	3197.09
3876.97	3216
3877.34	3154.5
3877.72	3174.23
3878.1	3201.69
3878.48	3149.31
3878.86	3177.03
3879.24	3167.09
3879.62	3204.71
3880	3119.34
3880.37	3158.34
3880.75	3108.6
3881.13	3178.91
3881.51	3172.41
3881.89	3140.13
3882.27	3159.01
3882.65	3191.97
3883.02	3184.61
3883.4	3140.42
3883.78	3187.61
3884.16	3160.1
3884.54	3213.21
3884.92	3162.65
3885.3	3106.81
3885.67	3147.84
3886.05	3037.03
3886.43	3153.93
3886.81	3168.38
3887.19	3211.61
3887.56	3184.21
3887.94	3211.13
3888.32	3155.03
3888.7	3149.52
3889.08	3173.58
3889.45	3119.09
3889.83	3159.1
3890.21	3178.14
3890.59	3175.15
3890.97	3106.78
3891.34	3135.82
3891.72	3180.39
3892.1	3127.02
3892.48	3162.45
3892.85	3196.04
3893.23	3170.8
3893.61	3164.39
3893.99	3167.53
3894.36	3092.05
3894.74	3180.66
3895.12	3117.19
3895.5	3147.2
3895.87	3137.08
3896.25	3137.67
3896.63	3119.55
3897.01	3130.94
3897.38	3159.2
3897.76	3172.71
3898.14	3172.17
3898.51	3125.35
3898.89	3112.09
3899.27	3129.97
3899.64	3060.13
3900.02	3141.22
3900.4	3146.48
3900.78	3152.24
3901.15	3179.31
3901.53	3173.75
3901.91	3229.89
3902.28	3153.1
3902.66	3179.57
3903.04	3172.11
3903.41	3177.38
3903.79	3158.18
3904.17	3120.53
3904.54	3065.01
3904.92	3091.45
3905.29	3105.36
3905.67	3096.12
3906.05	3106.27
3906.42	3125.55
3906.8	3106.61
3907.18	3147.71
3907.55	3160.95
3907.93	3092.9
3908.31	3082.04
3908.68	3017.5
3909.06	3070.37
3909.43	3085.29
3909.81	3074.33
3910.19	3155.91
3910.56	3172.01
3910.94	3224.97
3911.31	3210.79
3911.69	3143.7
3912.06	3138.54
3912.44	3142
3912.82	3161.31
3913.19	3163.37
3913.57	3062.58
3913.94	3091.6
3914.32	3159.67
3914.7	3090.88
3915.07	3152.85
3915.45	3090.5
3915.82	3145.35
3916.2	3151.63
3916.57	3110.05
3916.95	3096.84
3917.32	3136.15
3917.7	3082.14
3918.07	3156.04
3918.45	3051.66
3918.82	3043.88
3919.2	3139.7
3919.57	3128.91
3919.95	3139.16
3920.32	3030.57
3920.7	3124.21
3921.07	3161.04
3921.45	3162.78
3921.82	3140.48
3922.2	3130.73
3922.57	3113.9
3922.95	3073.81
3923.32	3053.81
3923.7	3093.62
3924.07	3100.4
3924.45	3100.1
3924.82	3140.65
3925.2	3131.66
3925.57	3147.76
3925.95	3128.04
3926.32	3107.48
3926.69	3081.66
3927.07	3112.7
3927.45	3102.04
3927.82	3152.94
3928.19	3116.98
3928.57	3076.01
3928.94	3125.75
3929.32	3120.09
3929.69	3156.11
3930.06	3136.4
3930.44	3126.48
3930.81	3117.52
3931.19	3103.44
3931.56	3169.86
3931.94	3095.48
3932.31	3061.73
3932.68	3037.71
3933.06	3091.07
3933.43	3061.63
3933.8	3108.16
3934.18	3108.06
3934.55	3107.3
3934.93	3109.08
3935.3	3118.16
3935.67	3108.74
3936.05	3117.92
3936.42	3056.5
3936.79	3086.94
3937.17	3118.57
3937.54	3087.96
3937.91	3084.63
3938.29	3073.77
3938.66	3091.02
3939.03	3123.13
3939.41	3136.79
3939.78	3117.39
3940.15	3079.52
3940.53	3128.44
3940.9	3119.5
3941.27	3131.02
3941.65	3081.4
3942.02	3102.18
3942.39	3071.11
3942.77	3099.67
3943.14	3083.96
3943.51	3086.96
3943.88	3066.74
3944.26	3006.16
3944.63	3000.12
3945	3056.07
3945.38	2945.46
3945.75	2941.76
3946.12	2891.74
3946.49	2922.34
3946.87	2897.72
3947.24	3006.93
3947.61	3076.53
3947.98	3039.55
3948.36	3085.7
3948.73	3072.3
3949.1	3110.16
3949.47	3148.5
3949.85	3098.44
3950.22	3165.13
3950.59	3070.1
3950.96	3086.05
3951.34	3076.43
3951.71	3107.12
3952.08	3057.69
3952.45	3018.59
3952.82	3111.38
3953.2	3094.25
3953.57	3117.72
3953.94	3104.23
3954.31	3065.79
3954.68	3070.59
3955.06	3116.15
3955.43	3071
3955.8	3130.24
3956.17	3039.44
3956.54	3045.37
3956.91	3017.2
3957.29	3104.09
3957.66	3088.68
3958.03	3086.9
3958.4	3070.86
3958.77	3124.35
3959.14	3080.23
3959.52	3136.33
3959.89	3085.17
3960.26	3014.37
3960.63	3059.12
3961	3069.09
3961.37	3027.3
3961.74	2978.21
3962.12	3067.19
3962.49	3144.62
3962.86	3080.06
3963.23	3114.57
3963.6	3048.24
3963.97	3088.34
3964.34	3134.28
3964.71	3047.06
3965.08	3062.01
3965.45	3064.21
3965.82	3052.59
3966.2	3074.54
3966.57	2965.57
3966.94	2996.77
3967.31	3026.88
3967.68	3085.1
3968.05	3099.74
3968.42	3058.89
3968.79	3118.72
3969.16	3130.64
3969.53	3113.98
3969.9	3110.44
3970.27	3090.06
3970.64	3136.32
3971.01	3049.89
3971.38	3114.8
3971.75	3139.04
3972.12	3083.24
3972.49	3128.05
3972.87	3118.79
3973.23	3129.5
3973.61	3068.14
3973.98	3082.77
3974.34	3023.75
3974.72	3105.48
3975.09	3011.51
3975.46	3059.9
3975.83	3012.31
3976.19	3077.8
3976.57	3076.62
3976.94	2854.65
3977.3	3055.03
3977.68	3075.55
3978.04	3081.6
3978.41	3141.1
3978.78	3055.29
3979.15	2958.46
3979.52	3028.46
3979.89	2994.87
3980.26	2998.69
3980.63	3049.19
3981	3150.11
3981.37	2973.21
3981.74	3081.76
3982.11	3003.68
3982.48	3123.76
3982.85	3104.64
3983.22	3061.71
3983.59	3067.66
3983.96	3035
3984.33	3069.78
3984.69	3060.49
3985.06	2947.14
3985.43	3038.85
3985.8	3004.38
3986.17	2965.18
3986.54	3061.91
3986.91	3008.91
3987.28	3017.03
3987.65	3074.81
3988.02	3037.5
3988.38	3047.65
3988.75	3078.62
3989.12	3025.15
3989.49	2977.97
3989.86	3062.25
3990.23	2990.02
3990.6	3063.11
3990.96	3086.6
3991.33	3039.12
3991.7	3053.87
3992.07	3089.08
3992.44	3052.02
3992.81	3063.59
3993.17	3074.5
3993.38	3041.5
3993.75	3046.5
3994.12	2998.5
3994.49	3045.5
3994.87	3072.5
3995.24	2995.5
3995.61	3066.5
3995.98	3044.5
3996.36	3070.5
3996.73	3042.5
3997.1	3043.5
3997.47	3085.5
3997.85	2981.5
3998.22	3008.5
3998.59	3032.5
3998.96	3006.5
3999.33	3051.5
3999.71	3094.5
4000.08	3037.5
