100	925.22583
101.98123	1043.4478
103.96246	1187.4248
105.9437	1349.8064
107.92492	1472.7722
109.90615	1545.9199
111.88738	1618.1863
113.86861	1671.3315
115.84985	1773.303
117.83108	1816.7216
119.8123	1856.7169
121.79353	1849.1754
123.77477	1860.603
125.756	1855.4429
127.73723	1856.7214
129.71846	1900.4166
131.69969	1893.2032
133.68092	1881.9447
135.66216	1889.9265
137.64337	1836.4565
139.6246	1871.635
141.60583	1869.7988
143.58707	1846.8857
145.5683	1838.1637
147.54953	1830.1979
149.53076	1815.1215
151.51199	1807.0874
153.49323	1796.7361
155.47446	1785.2029
157.45569	1774.7494
159.43692	1750.2811
161.41814	1766.5369
163.39937	1748.7974
165.3806	1742.5294
167.36183	1702.9359
169.34306	1699.2915
171.3243	1729.3516
173.30553	1708.2136
175.28676	1690.0404
177.26799	1685.4362
179.24922	1679.9408
181.23045	1680.5791
183.21169	1671.9497
185.19292	1664.2257
187.17413	1653.0227
189.15536	1623.2467
191.1366	1627.9777
193.11783	1646.3483
195.09906	1618.8876
197.08029	1585.5787
199.06152	1585.4016
201.04276	1567.8397
203.02399	1565.6138
205.00522	1578.1929
206.98645	1545.6144
208.96768	1537.4246
210.9489	1527.6351
212.93013	1543.5533
214.91136	1560.9833
216.89259	1554.1135
218.87383	1546.5624
220.85506	1538.2189
222.83629	1529.2512
224.81752	1522.5016
226.79875	1493.3236
228.77998	1515.1058
230.76122	1520.7474
232.74245	1498.0918
234.72366	1495.9656
236.7049	1513.1969
238.68613	1515.0519
240.66736	1495.4961
242.64859	1471.7878
244.62982	1445.6161
246.61105	1447.751
248.59229	1481.3561
250.57352	1462.9409
252.55475	1468.4296
254.53598	1432.6511
256.51721	1448.0369
258.49844	1437.6156
260.47968	1424.059
262.46091	1422.8263
264.44214	1423.9865
266.42337	1426.531
268.4046	1416.1042
270.38583	1418.9702
272.36703	1411.5292
274.34827	1402.323
276.3295	1395.7655
278.31073	1406.9711
280.29196	1403.1161
282.27319	1382.8899
284.25443	1374.1544
286.23566	1370.5665
288.21689	1374.7198
290.19812	1385.5707
292.17935	1371.6802
294.16058	1345.5648
296.14182	1362.9037
298.12305	1362.5651
300.10428	1361.9762
302.08551	1358.4875
304.06674	1343.91
306.04797	1339.2695
308.02921	1334.601
310.01044	1330.4445
311.99167	1329.3779
313.9729	1317.1162
315.95413	1305.2795
317.93536	1322.1967
319.91656	1329.5792
321.8978	1319.1079
323.87903	1305.9177
325.86026	1305.1781
327.84149	1293.5862
329.82272	1282.3293
331.80396	1264.0071
333.78519	1274.9128
335.76642	1287.5212
337.74765	1280.025
339.72888	1270.0762
341.71011	1270.812
343.69135	1268.4335
345.67258	1256.7335
347.65381	1247.3275
349.63504	1245.0127
351.61627	1266.7554
353.5975	1251.8225
355.57874	1247.5336
357.55997	1241.2889
359.5412	1249.4473
361.52243	1255.0692
363.50366	1240.0286
365.48489	1231.7006
367.46613	1241.8324
369.44733	1242.6871
371.42856	1231.843
373.40979	1237.6444
375.39102	1232.947
377.37225	1239.0737
379.35349	1253.0768
381.33472	1246.4684
383.31595	1239.254
385.29718	1239.3198
387.27841	1211.1223
389.25964	1215.9747
391.24088	1249.5676
393.22211	1257.6218
395.20334	1245.3865
397.18457	1245.1814
399.1658	1247.6156
401.14703	1246.684
403.12827	1265.8079
405.1095	1268.5978
407.09073	1256.4668
409.07196	1253.7257
411.05319	1272.8807
413.03442	1264.6459
415.01566	1245.2584
416.99686	1258.7767
418.97809	1260.4501
420.95932	1259.9126
422.94055	1263.0494
424.92178	1263.1447
426.90302	1254.0671
428.88425	1245.7568
430.86548	1261.0128
432.84671	1274.4175
434.82794	1279.0466
436.80917	1264.0006
438.79041	1280.8439
440.77164	1282.0564
442.75287	1277.4127
444.7341	1281.6495
446.71533	1288.2083
448.69656	1287.1292
450.6778	1298.9668
452.65903	1299.4913
454.64026	1289.2758
456.62149	1287.0426
458.60272	1290.1152
460.58395	1294.0448
462.56519	1299.2174
464.54642	1296.5183
466.52762	1278.713
468.50885	1316.9341
470.49008	1293.9807
472.47131	1299.4648
474.45255	1320.8464
476.43378	1301.2319
478.41501	1308.5431
480.39624	1318.8049
482.37747	1305.6959
484.3587	1302.3351
486.33994	1296.5632
488.32117	1306.5103
490.3024	1320.0381
492.28363	1303.1226
494.26486	1305.3491
496.24609	1293.6233
498.22733	1280.0065
500.20856	1319.2086
502.18979	1311.7628
504.17102	1305.1075
506.15225	1311.4214
508.13348	1296.9351
510.11472	1304.6033
512.09595	1303.6603
514.07715	1283.2384
516.05841	1289.1737
518.03961	1283.9756
520.02087	1263.5363
522.00208	1253.0101
523.98334	1263.7765
525.96454	1287.6571
527.9458	1292.4323
529.927	1275.7076
531.90826	1279.7118
533.88947	1280.3018
535.87073	1277.1604
537.85193	1266.0476
539.83313	1262.2078
541.81439	1232.3867
543.79559	1257.3971
545.77686	1249.9659
547.75806	1249.0028
549.73932	1253.1321
551.72052	1249.15
553.70178	1241.952
555.68298	1235.6013
557.66425	1243.9844
559.64545	1241.4647
561.62671	1221.6582
563.60791	1217.1217
565.58917	1204.1132
567.57037	1187.1053
569.55164	1193.8981
571.53284	1207.3691
573.5141	1207.6813
575.4953	1190.7163
577.47656	1181.2225
579.45776	1181.0653
581.43903	1178.0823
583.42023	1148.3358
585.40149	1155.8146
587.38269	1158.2346
589.36389	1149.0868
591.34515	1124.834
593.32635	1114.9314
595.30762	1106.8325
597.28882	1096.1307
599.27008	1084.224
601.25128	1073.6165
603.23254	1074.6685
605.21375	1054.0825
607.19501	1023.4567
609.17621	1036.7554
611.15747	1027.9818
613.13867	1002.8163
615.11993	975.97058
617.10114	976.63806
619.0824	986.45483
621.0636	973.46368
623.04486	946.14667
625.02606	955.90137
627.00732	952.04907
628.98853	938.87225
630.96979	930.09442
632.95099	926.79871
634.93225	918.96613
636.91345	910.68042
638.89465	903.05316
640.87592	905.76825
642.85712	906.20422
644.83838	899.86359
646.81958	904.93524
648.80084	897.6908
650.78204	911.16223
652.76331	916.00616
654.74451	911.45911
656.72577	865.25317
658.70697	911.21753
660.68823	929.3103
662.66943	901.10608
664.6507	879.01697
666.6319	902.97668
668.61316	895.00977
670.59436	895.41309
672.57562	907.50519
674.55682	914.99976
676.53809	902.4649
678.51929	906.19354
680.50055	887.90442
682.48175	875.64978
684.46301	883.74792
686.44421	882.09821
688.42542	884.45435
690.40668	890.40735
692.38788	890.23389
694.36914	896.09534
696.35034	887.09308
698.3316	900.29358
700.31281	889.00763
702.29407	887.2395
704.27527	885.90021
706.25653	867.01367
708.23773	850.63959
710.21899	860.5412
712.2002	846.10614
714.18146	852.25671
716.16266	852.96399
718.14392	852.9455
720.12512	837.94568
722.10638	828.63922
724.08759	825.4292
726.06885	832.69513
728.05005	819.5224
730.03131	817.28003
732.01251	814.30231
733.99371	801.91388
735.97498	793.65784
737.95618	787.35559
739.93744	792.7489
741.91864	802.48315
743.8999	793.52356
745.8811	775.63171
747.86237	770.03461
749.84357	777.93579
751.82483	772.30804
753.80603	761.97906
755.78729	768.38416
757.76849	758.5921
759.74976	749.60486
761.73096	753.70886
763.71222	739.34668
765.69342	728.24036
767.67468	732.79803
769.65588	728.08948
771.63715	741.11682
773.61835	719.60712
775.59961	696.42499
777.58081	709.69208
779.56207	689.22131
781.54327	690.39679
783.52448	682.47351
785.50574	687.20007
787.48694	688.89734
789.4682	681.90045
791.4494	676.94171
793.43066	673.48083
795.41187	665.34558
797.39313	661.54321
799.37433	664.14142
801.35559	670.6427
803.33679	662.42566
805.31805	648.90894
807.29926	655.4848
809.28052	667.69849
811.26172	669.44397
813.24298	667.36975
815.22418	663.97455
817.20544	659.42133
819.18665	676.52124
821.16791	680.37439
823.14911	682.87195
825.13037	662.58325
827.11157	697.26953
829.09283	681.81195
831.07404	694.38251
833.05524	709.41254
835.0365	699.40588
837.0177	705.63452
838.99896	715.18219
840.98016	724.151
842.96143	728.83429
844.94263	746.73517
846.92389	761.88684
848.90509	785.37744
850.88635	787.63824
852.86755	799.10614
854.84882	781.62311
856.83002	806.71252
858.81128	825.86346
860.79248	806.56744
862.77374	831.96417
864.75494	861.59027
866.73621	871.47125
868.71741	879.8103
870.69867	895.77478
872.67987	912.42511
874.66113	922.71533
876.64233	927.31262
878.6236	936.34546
880.6048	950.3963
882.586	944.80389
884.56726	949.25403
886.54846	969.86438
888.52972	982.62915
890.51093	991.50732
892.49219	995.02783
894.47339	998.36346
896.45465	1016.0289
898.43585	1020.4869
900.41711	1010.2297
902.39832	1025.396
904.37958	1018.7503
906.36078	1037.1646
908.34204	1065.9109
910.32324	1062.2865
912.3045	1057.5875
914.28571	1076.5945
916.26697	1050.6337
918.24817	1078.0197
920.22943	1076.4996
922.21063	1085.3918
924.19189	1087.4506
926.1731	1102.2097
928.15436	1111.599
930.13556	1076.0135
932.11676	1090.6422
934.09802	1083.0355
936.07922	1080.6998
938.06049	1068.7108
940.04169	1101.8864
942.02295	1083.9368
944.00415	1090.0632
945.98541	1093.7524
947.96661	1099.0806
949.94788	1099.6356
951.92908	1105.8895
953.91034	1120.4989
955.89154	1110.5891
957.8728	1100.1987
959.854	1116.7521
961.83527	1125.506
963.81647	1084.1947
965.79773	1090.444
967.77893	1105.8778
969.76019	1105.8802
971.74139	1089.5685
973.72266	1088.8021
975.70386	1092.0471
977.68506	1078.2458
979.66632	1083.0829
981.64752	1078.0302
983.62878	1063.6595
985.60999	1073.0636
987.59125	1048.2234
989.57245	1057.5724
991.55371	1077.2787
993.53491	1044.3206
995.51617	1022.3344
997.49738	1043.4788
999.47864	1041.5715
1001.4598	1024.498
1003.4411	1006.7114
1005.4223	1010.3586
1007.4036	1020.2882
1009.3848	992.52576
1011.366	971.28955
1013.3472	977.354
1015.3285	973.65381
1017.3097	980.40137
1019.291	962.48627
1021.2722	947.58252
1023.2534	950.25183
1025.2346	929.48059
1027.2158	931.84467
1029.197	927.51587
1031.1783	924.55841
1033.1595	908.83002
1035.1407	907.57501
1037.1219	900.52472
1039.1033	889.53662
1041.0845	869.48901
1043.0657	865.19702
1045.0469	860.58276
1047.0282	839.0285
1049.0094	814.61591
1050.9906	821.66748
1052.9718	817.383
1054.9531	801.03052
1056.9343	800.16058
1058.9155	786.88025
1060.8967	762.21002
1062.8781	752.32196
1064.8593	748.86188
1066.8405	734.45941
1068.8217	707.16107
1070.803	713.51184
1072.7842	721.66742
1074.7654	703.53333
1076.7466	691.94995
1078.7278	680.2616
1080.7091	670.20044
1082.6903	652.53076
1084.6715	658.31714
1086.6527	654.20038
1088.634	639.15399
1090.6152	625.04413
1092.5964	610.81891
1094.5776	603.49506
1096.559	582.10779
1098.5402	575.38873
1100.5214	580.64441
1102.5026	574.37335
1104.4839	558.74756
1106.4651	555.88141
1108.4463	542.85223
1110.4275	536.32813
1112.4088	549.39471
1114.39	533.49847
1116.3712	505.74997
1118.3524	504.65384
1120.3337	501.11554
1122.3149	509.06747
1124.2961	490.92407
1126.2773	487.27371
1128.2585	488.30551
1130.2399	480.47098
1132.2211	472.57513
1134.2023	470.27289
1136.1835	459.44366
1138.1648	456.60577
1140.146	452.09427
1142.1272	441.86563
1144.1084	433.32791
1146.0897	419.43619
1148.0709	429.83456
1150.0521	429.90869
1152.0333	424.12152
1154.0146	420.55386
1155.9958	411.74689
1157.9771	411.23459
1159.9583	405.15219
1161.9396	409.03659
1163.9208	416.07336
1165.902	403.03165
1167.8832	386.8353
1169.8645	402.50491
1171.8457	390.63885
1173.8269	387.31052
1175.8081	375.84418
1177.7893	372.72531
1179.7706	377.85541
1181.7518	360.36642
1183.733	363.53159
1185.7142	368.56998
1187.6956	372.49399
1189.6768	331.25958
1191.658	358.2442
1193.6392	362.97452
1195.6205	374.62518
1197.6017	368.78375
1199.5829	365.69238
1201.5641	354.98822
1203.5454	349.8598
1205.5266	345.83984
1207.5078	330.9068
1209.489	336.93799
1211.4703	337.61246
1213.4515	342.54208
1215.4327	346.30557
1217.4139	333.80142
1219.3953	337.41666
1221.3765	340.2402
1223.3577	342.31415
1225.3389	335.18304
1227.3201	331.05115
1229.3014	338.50833
1231.2826	344.00482
1233.2638	341.14774
1235.245	333.41809
1237.2263	333.24661
1239.2075	333.48288
1241.1887	331.50592
1243.1699	330.92111
1245.1512	321.36078
1247.1324	330.65106
1249.1136	331.92181
1251.0948	326.79398
1253.0762	325.02371
1255.0574	321.4371
1257.0386	319.3085
1259.0198	324.08246
1261.0011	333.91843
1262.9823	331.474
1264.9635	323.05826
1266.9447	327.66739
1268.926	324.5621
1270.9072	326.32065
1272.8884	331.80533
1274.8696	324.1626
1276.8508	327.20966
1278.8322	333.97165
1280.8134	320.62796
1282.7946	320.53867
1284.7758	325.56778
1286.7571	329.79431
1288.7383	313.72455
1290.7195	322.6795
1292.7007	315.11038
1294.682	327.70972
1296.6632	307.36533
1298.6444	319.48294
1300.6256	326.84027
1302.6069	317.08337
1304.5881	330.91055
1306.5693	323.51642
1308.5505	335.66061
1310.5319	314.81323
1312.5131	329.81628
1314.4943	319.06305
1316.4755	316.59039
1318.4567	318.11127
1320.438	315.99744
1322.4192	330.97653
1324.4004	328.78922
1326.3816	328.23828
1328.3629	327.42105
1330.3441	316.83633
1332.3253	311.56018
1334.3065	317.34247
1336.2878	321.81128
1338.269	317.20703
1340.2502	321.76965
1342.2314	317.48581
1344.2128	323.48526
1346.194	306.15698
1348.1752	305.50662
1350.1564	309.56149
1352.1377	318.94763
1354.1189	317.59113
1356.1001	332.42126
1358.0813	320.88177
1360.0626	308.58887
1362.0438	319.6615
1364.025	315.96747
1366.0062	304.4816
1367.9874	317.7952
1369.9688	323.85208
1371.95	307.64151
1373.9312	313.91684
1375.9124	312.66666
1377.8937	322.86856
1379.8749	323.14493
1381.8561	311.56219
1383.8373	318.36426
1385.8186	318.99652
1387.7998	324.67804
1389.781	330.2645
1391.7622	329.15134
1393.7435	319.888
1395.7247	320.30298
1397.7059	316.09131
1399.6871	318.00137
1401.6685	318.95685
1403.6497	312.93329
1405.6309	319.21509
1407.6121	318.09955
1409.5934	318.56555
1411.5746	320.26859
1413.5558	319.73352
1415.537	318.06039
1417.5182	316.9722
1419.4995	325.91116
1421.4807	320.80551
1423.4619	326.54703
1425.4431	314.81766
1427.4244	313.31918
1429.4056	317.04684
1431.3868	317.72607
1433.368	324.99063
1435.3494	322.54065
1437.3306	323.12296
1439.3118	318.13229
1441.293	321.21661
1443.2743	322.87125
1445.2555	313.50949
1447.2367	323.70584
1449.2179	335.74872
1451.1992	334.50534
1453.1804	321.82025
1455.1616	316.12149
1457.1428	316.48499
1459.1241	302.05737
1461.1053	308.65146
1463.0865	315.42313
1465.0677	320.29123
1467.049	314.94586
1469.0303	314.97739
1471.0115	323.0592
1472.9927	327.24973
1474.9739	316.31534
1476.9552	315.80414
1478.9364	312.95447
1480.9176	320.1485
1482.8988	319.94971
1484.8801	312.43832
1486.8613	312.06436
1488.8425	302.96616
1490.8237	306.85028
1492.8051	308.50943
1494.7863	308.77216
1496.7675	315.71152
1498.7487	325.70786
1500.73	315.34891
1502.7112	311.5235
1504.6924	309.37064
1506.6736	321.92984
1508.6549	296.58078
1510.6361	327.28201
1512.6173	312.80545
1514.5985	311.63107
1516.5797	314.09976
1518.561	305.345
1520.5422	296.73129
1522.5234	305.92584
1524.5046	303.75873
1526.486	312.1012
1528.4672	309.74945
1530.4484	307.0795
1532.4296	316.00992
1534.4109	312.17133
1536.3921	308.68912
1538.3733	311.44098
1540.3545	308.59131
1542.3358	307.52197
1544.317	308.07037
1546.2982	322.15195
1548.2794	310.07584
1550.2607	308.11618
1552.2419	299.06046
1554.2231	299.24576
1556.2043	299.39258
1558.1857	311.23105
1560.1669	300.82462
1562.1481	305.61298
1564.1293	310.27142
1566.1105	309.36475
1568.0918	310.16003
1570.073	304.59131
1572.0542	301.63513
1574.0354	303.41199
1576.0167	298.1174
1577.9979	301.83765
1579.9791	305.59637
1581.9603	303.10831
1583.9417	302.9415
1585.9229	308.48709
1587.9041	297.93799
1589.8853	299.349
1591.8666	305.66791
1593.8478	300.59378
1595.829	295.90677
1597.8102	303.05002
1599.7915	293.00299
1601.7727	290.56937
1603.7539	289.89505
1605.7351	298.96207
1607.7164	305.7431
1609.6976	305.53171
1611.6788	293.09909
1613.66	293.30637
1615.6412	284.51965
1617.6226	295.80688
1619.6038	306.15192
1621.585	295.93707
1623.5662	301.43555
1625.5475	297.92609
1627.5287	296.91565
1629.5099	299.73965
1631.4911	297.6713
1633.4724	290.18323
1635.4536	293.34622
1637.4348	299.60648
1639.416	297.76971
1641.3973	299.95377
1643.3785	300.10193
1645.3597	284.62973
1647.3409	291.63235
1649.3223	295.64877
1651.3035	298.71213
1653.2847	304.15482
1655.2659	296.79678
1657.2472	299.52231
1659.2284	294.298
1661.2096	294.94995
1663.1908	289.7301
1665.172	288.77057
1667.1533	287.85645
1669.1345	284.09317
1671.1157	288.63815
1673.0969	285.59277
1675.0782	281.29846
1677.0594	297.11829
1679.0406	278.13614
1681.0219	283.43912
1683.0032	285.25775
1684.9844	281.10818
1686.9656	278.70529
1688.9468	285.99033
1690.9281	291.30984
1692.9093	285.80261
1694.8905	284.05328
1696.8717	284.41254
1698.853	271.4534
1700.8342	275.8446
1702.8154	278.82758
1704.7966	285.61154
1706.778	271.79153
1708.7592	280.52826
1710.7404	288.53851
1712.7216	297.10965
1714.7028	279.53046
1716.6841	271.87622
1718.6653	283.68607
1720.6465	278.85245
1722.6277	276.9202
1724.609	287.64212
1726.5902	284.61691
1728.5714	278.76248
1730.5526	277.93799
1732.5339	272.72092
1734.5151	286.46133
1736.4963	278.85571
1738.4775	277.72607
1740.4589	279.24365
1742.4401	281.5502
1744.4213	279.31961
1746.4025	278.27829
1748.3838	274.12683
1750.365	276.08029
1752.3462	273.91141
1754.3274	273.4137
1756.3087	272.99112
1758.2899	262.25244
1760.2711	266.49927
1762.2523	272.25647
1764.2335	259.68106
1766.2148	273.25595
1768.196	272.48447
1770.1772	273.89816
1772.1584	271.84286
1774.1398	268.30353
1776.121	271.38583
1778.1022	279.82712
1780.0834	270.87891
1782.0647	269.13455
1784.0459	270.72952
1786.0271	274.22061
1788.0083	270.06744
1789.9896	267.4415
1791.9708	268.13071
1793.952	271.75204
1795.9332	270.9415
1797.9146	262.0228
1799.8958	264.85889
1801.877	269.16684
1803.8582	267.79877
1805.8394	271.64783
1807.8207	271.8382
1809.8019	267.14862
1811.7831	273.73343
1813.7643	279.35336
1815.7456	271.35156
1817.7268	268.17758
1819.708	270.49527
1821.6892	263.94409
1823.6705	256.36581
1825.6517	258.03464
1827.6329	267.71436
1829.6141	259.85989
1831.5955	260.97272
1833.5767	265.78018
1835.5579	253.81718
1837.5391	250.269
1839.5204	256.57358
1841.5016	265.21255
1843.4828	262.07956
1845.464	266.28055
1847.4453	263.22095
1849.4265	269.41739
1851.4077	272.39713
1853.3889	254.99219
1855.3701	248.70953
1857.3514	249.38974
1859.3326	260.41431
1861.3138	265.0961
1863.295	259.77939
1865.2764	252.61969
1867.2576	264.31265
1869.2388	258.80606
1871.22	258.87286
1873.2013	248.34918
1875.1825	248.9971
1877.1637	252.95171
1879.1449	264.35217
1881.1262	254.58003
1883.1074	248.50496
1885.0886	249.5907
1887.0698	253.62808
1889.0511	253.50877
1891.0323	255.6111
1893.0135	256.754
1894.9948	258.58279
1896.9761	248.00343
1898.9573	262.36877
1900.9385	257.00012
1902.9197	267.19083
1904.9009	260.81531
1906.8822	254.2261
1908.8634	257.49728
1910.8446	259.53366
1912.8258	253.67223
1914.8071	258.68289
1916.7883	251.25508
1918.7695	260.23068
1920.7507	251.23656
1922.7321	262.15402
1924.7133	256.84402
1926.6945	257.77286
1928.6757	256.59241
1930.657	255.28848
1932.6382	272.41809
1934.6194	249.30412
1936.6006	258.6503
1938.5819	245.01033
1940.5631	254.6998
1942.5443	247.62833
1944.5255	243.6129
1946.5068	255.93723
1948.488	254.05573
1950.4692	259.2984
1952.4504	263.73279
1954.4316	265.00702
1956.413	253.62187
1958.3942	255.69777
1960.3754	260.15854
1962.3566	259.44077
1964.3379	254.11002
1966.3191	247.35281
1968.3003	245.97592
1970.2815	246.22746
1972.2628	257.25354
1974.244	249.80272
1976.2252	239.04401
1978.2064	253.76532
1980.1877	258.41522
1982.1689	263.30792
1984.1501	257.10275
1986.1313	248.33566
1988.1127	260.38632
1990.0939	258.62949
1992.0751	256.94867
1994.0563	254.76044
1996.0376	249.35435
1998.0188	251.08356
2000	252.53851
2500	231.08588
2501.5496	234.92247
2503.0991	233.63492
2504.6487	231.48239
2506.1982	228.77258
2507.748	228.25893
2509.2976	238.5291
2510.8472	226.97318
2512.3967	231.38747
2513.9463	236.78592
2515.4958	232.72838
2517.0454	225.59633
2518.595	229.46381
2520.1445	241.55106
2521.6943	244.73225
2523.2439	233.05611
2524.7935	221.8956
2526.343	220.67879
2527.8926	224.79074
2529.4421	214.1277
2530.9917	234.04395
2532.5413	226.93716
2534.0908	229.35088
2535.6404	235.71945
2537.1902	239.78104
2538.7397	237.93355
2540.2893	230.17937
2541.8389	227.3862
2543.3884	236.00854
2544.938	234.82394
2546.4875	240.25005
2548.0371	230.03618
2549.5867	239.95938
2551.1365	237.2845
2552.686	236.81821
2554.2356	233.0266
2555.7852	236.0657
2557.3347	238.18358
2558.8843	233.05188
2560.4338	234.52271
2561.9834	240.85547
2563.533	231.2352
2565.0828	230.94351
2566.6323	226.44946
2568.1819	233.28447
2569.7314	221.57007
2571.281	230.34181
2572.8306	224.26859
2574.3801	220.63437
2575.9297	224.78845
2577.4792	225.89154
2579.0288	224.97687
2580.5786	225.2787
2582.1282	222.42822
2583.6777	237.55585
2585.2273	230.49707
2586.7769	230.26559
2588.3264	236.36044
2589.876	224.04616
2591.4255	221.65102
2592.9751	230.36139
2594.5249	233.68095
2596.0745	234.7908
2597.624	234.10466
2599.1736	228.36467
2600.7231	226.58832
2602.2727	225.23969
2603.8223	230.36195
2605.3718	244.07578
2606.9214	221.8898
2608.4712	236.75928
2610.0208	226.69055
2611.5703	202.63625
2613.1199	217.52992
2614.6694	229.76183
2616.219	224.19934
2617.7686	220.48438
2619.3181	227.22829
2620.8677	233.11467
2622.4172	224.19113
2623.967	232.153
2625.5166	229.74205
2627.0662	235.06888
2628.6157	223.05678
2630.1653	231.9101
2631.7148	228.22546
2633.2644	237.5811
2634.814	234.47571
2636.3635	223.23318
2637.9133	225.13358
2639.4629	233.8812
2641.0125	229.96165
2642.562	225.05119
2644.1116	241.13966
2645.6611	231.23888
2647.2107	229.14603
2648.7603	237.73602
2650.3098	215.19553
2651.8596	226.42165
2653.4092	228.60237
2654.9587	231.6188
2656.5083	231.66969
2658.0579	231.03285
2659.6074	224.8347
2661.157	222.36353
2662.7065	231.58699
2664.2561	228.76019
2665.8057	215.13838
2667.3555	227.69299
2668.905	226.45049
2670.4546	230.40848
2672.0042	219.3558
2673.5537	236.54391
2675.1033	243.19257
2676.6528	225.64331
2678.2024	220.58994
2679.752	232.23978
2681.3018	236.05414
2682.8513	233.98476
2684.4009	237.03119
2685.9504	232.99796
2687.5	222.90674
2689.0496	231.27132
2690.5991	231.46925
2692.1487	232.35152
2693.6982	235.27698
2695.248	234.03366
2696.7976	225.53801
2698.3472	214.17058
2699.8967	219.68437
2701.4463	225.16078
2702.9958	220.52525
2704.5454	225.76424
2706.095	227.59241
2707.6445	220.13715
2709.1943	224.77972
2710.7439	229.15619
2712.2935	232.59595
2713.843	233.32265
2715.3926	227.64529
2716.9421	231.96608
2718.4917	222.94354
2720.0413	228.86089
2721.5908	229.97701
2723.1404	231.02251
2724.6902	233.24371
2726.2397	229.52684
2727.7893	226.63229
2729.3389	228.40271
2730.8884	228.11461
2732.438	223.42447
2733.9875	223.09572
2735.5371	229.4516
2737.0867	226.83923
2738.6365	218.70235
2740.186	227.00414
2741.7356	216.6687
2743.2852	229.6058
2744.8347	230.39786
2746.3843	233.532
2747.9338	233.78415
2749.4834	225.55988
2751.033	233.40947
2752.5828	228.6581
2754.1323	221.60458
2755.6819	227.88933
2757.2314	231.11203
2758.781	230.75485
2760.3306	234.3531
2761.8801	224.78429
2763.4297	226.07198
2764.9792	217.77963
2766.5288	233.06654
2768.0786	223.77673
2769.6282	235.33934
2771.1777	227.55225
2772.7273	219.74921
2774.2769	230.43945
2775.8264	230.10188
2777.376	232.50183
2778.9255	235.46727
2780.4751	232.19275
2782.0249	226.22896
2783.5745	226.56659
2785.124	230.89072
2786.6736	230.8943
2788.2231	232.59631
2789.7727	233.43982
2791.3223	234.41864
2792.8718	234.68346
2794.4214	225.15903
2795.9712	221.73993
2797.5208	228.26544
2799.0703	222.21387
2800.6199	224.65428
2802.1694	230.38486
2803.719	216.82875
2805.2686	223.05086
2806.8181	228.5799
2808.3677	227.76802
2809.9172	230.96124
2811.467	230.74701
2813.0166	226.62503
2814.5662	224.6619
2816.1157	220.09825
2817.6653	222.27408
2819.2148	222.72929
2820.7644	226.56137
2822.314	224.2261
2823.8635	240.85049
2825.4133	237.76692
2826.9629	217.3479
2828.5125	220.37909
2830.062	223.66147
2831.6116	224.81476
2833.1611	224.47227
2834.7107	228.24559
2836.2603	230.98421
2837.8098	228.76654
2839.3596	224.0619
2840.9092	224.88309
2842.4587	230.45824
2844.0083	231.31432
2845.5579	232.38551
2847.1074	235.89323
2848.657	221.07922
2850.2065	217.6601
2851.7561	224.43817
2853.3057	227.42618
2854.8555	215.9726
2856.405	225.01442
2857.9546	226.29663
2859.5042	230.92627
2861.0537	221.62572
2862.6033	223.70418
2864.1528	228.8868
2865.7024	228.35841
2867.252	225.6557
2868.8018	231.4621
2870.3513	232.10638
2871.9009	224.96623
2873.4504	224.69756
2875	228.38818
2876.5496	227.63232
2878.0991	224.55133
2879.6487	218.21075
2881.1982	222.14191
2882.748	227.13779
2884.2976	219.21127
2885.8472	232.40466
2887.3967	222.43678
2888.9463	223.98311
2890.4958	228.9614
2892.0454	231.27705
2893.595	213.29091
2895.1445	220.00374
2896.6943	225.8136
2898.2439	221.34363
2899.7935	231.96176
2901.343	241.47212
2902.8926	230.83829
2904.4421	226.47516
2905.9917	225.02499
2907.5413	226.47803
2909.0908	226.50383
2910.6404	222.4866
2912.1902	228.01508
2913.7397	226.3683
2915.2893	234.47742
2916.8389	231.74496
2918.3884	228.79906
2919.938	218.70444
2921.4875	226.96709
2923.0371	225.53702
2924.5867	228.38412
2926.1365	237.62721
2927.686	220.73033
2929.2356	225.19954
2930.7852	226.31023
2932.3347	213.76437
2933.8843	231.98679
2935.4338	229.31393
2936.9834	227.08466
2938.533	224.04759
2940.0828	230.90804
2941.6323	231.5386
2943.1819	225.48491
2944.7314	225.7672
2946.281	225.9227
2947.8306	224.53169
2949.3801	226.39862
2950.9297	225.13481
2952.4792	219.50458
2954.0288	215.86197
2955.5786	223.71855
2957.1282	227.97667
2958.6777	228.91747
2960.2273	218.30386
2961.7769	224.17865
2963.3264	222.30838
2964.876	223.46057
2966.4255	232.27432
2967.9751	222.73392
2969.5249	227.18799
2971.0745	226.63374
2972.624	229.36742
2974.1736	231.30412
2975.7231	229.29782
2977.2727	220.1691
2978.8223	221.50101
2980.3718	226.37677
2981.9214	221.06754
2983.4712	222.49284
2985.0208	216.56093
2986.5703	221.98883
2988.1199	226.48108
2989.6694	225.19208
2991.219	229.47713
2992.7686	227.06998
2994.3181	228.53438
2995.8677	232.48846
2997.4172	230.32457
2998.967	232.09801
3000.5166	228.18935
3002.0662	228.49715
3003.6157	232.07361
3005.1653	228.09763
3006.7148	229.23016
3008.2644	232.91194
3009.814	227.0154
3011.3635	225.2995
3012.9133	226.87898
3014.4629	223.23953
3016.0125	237.24385
3017.562	229.70294
3019.1116	233.83838
3020.6611	229.28778
3022.2107	223.03255
3023.7603	216.61252
3025.3098	227.49001
3026.8596	226.00777
3028.4092	225.63159
3029.9587	229.81741
3031.5083	237.28618
3033.0579	235.93346
3034.6074	227.29337
3036.157	228.29282
3037.7065	224.08452
3039.2561	222.96983
3040.8057	225.95116
3042.3555	228.09009
3043.905	232.87529
3045.4546	228.77946
3047.0042	230.24236
3048.5537	232.87372
3050.1033	222.62494
3051.6528	226.93019
3053.2024	224.60735
3054.752	228.63776
3056.3018	230.78746
3057.8513	220.64362
3059.4009	234.92918
3060.9504	222.09781
3062.5	220.25124
3064.0496	215.59039
3065.5991	234.46986
3067.1487	229.79704
3068.6982	232.48177
3070.248	227.57504
3071.7976	219.14423
3073.3472	225.95999
3074.8967	228.01411
3076.4463	227.67513
3077.9958	216.58936
3079.5454	230.89685
3081.095	240.98724
3082.6445	222.58246
3084.1943	224.00543
3085.7439	226.05972
3087.2935	238.40509
3088.843	235.60387
3090.3926	232.80672
3091.9421	232.36549
3093.4917	239.09251
3095.0413	223.96609
3096.5908	227.33328
3098.1404	233.26653
3099.6902	224.53326
3101.2397	225.98868
3102.7893	231.76591
3104.3389	235.58727
3105.8884	233.23807
3107.438	228.93637
3108.9875	227.18214
3110.5371	226.68982
3112.0867	229.18349
3113.6365	226.73044
3115.186	226.05838
3116.7356	232.7935
3118.2852	238.20782
3119.8347	242.37523
3121.3843	244.39575
3122.9338	239.58304
3124.4834	234.63203
3126.033	231.59036
3127.5828	231.48387
3129.1323	234.83269
3130.6819	234.20021
3132.2314	238.68309
3133.781	221.78723
3135.3306	233.62622
3136.8801	227.11702
3138.4297	231.31306
3139.9792	230.66864
3141.5288	233.79788
3143.0786	236.71446
3144.6282	234.26672
3146.1777	225.45695
3147.7273	239.59229
3149.2769	226.05992
3150.8264	243.36801
3152.376	246.89288
3153.9255	240.85608
3155.4751	233.07294
3157.0249	245.8326
3158.5745	238.18379
3160.124	232.52257
3161.6736	246.3244
3163.2231	243.90227
3164.7727	243.17549
3166.3223	236.25511
3167.8718	243.27487
3169.4214	241.73471
3170.9712	231.64644
3172.5208	234.4994
3174.0703	248.425
3175.6199	227.07883
3177.1694	234.56216
3178.719	241.81223
3180.2686	244.5743
3181.8181	234.74455
3183.3677	237.44965
3184.9172	239.76884
3186.467	241.80846
3188.0166	234.03796
3189.5662	240.59647
3191.1157	248.08501
3192.6653	242.59721
3194.2148	243.88777
3195.7644	238.72935
3197.314	247.01587
3198.8635	237.70244
3200.4133	238.81227
3201.9629	241.62213
3203.5125	240.83987
3205.062	233.82452
3206.6116	231.38428
3208.1611	242.98099
3209.7107	243.26837
3211.2603	239.48515
3212.8098	237.38647
3214.3596	237.86763
3215.9092	241.38585
3217.4587	242.09732
3219.0083	243.73564
3220.5579	236.39352
3222.1074	229.51852
3223.657	243.62634
3225.2065	251.02466
3226.7561	242.71866
3228.3057	242.2766
3229.8555	245.10339
3231.405	244.60542
3232.9546	242.79387
3234.5042	236.43886
3236.0537	237.48671
3237.6033	241.8833
3239.1528	238.32304
3240.7024	241.18539
3242.252	243.59846
3243.8018	236.97701
3245.3513	230.62822
3246.9009	237.51453
3248.4504	247.81978
3250	246.33467
3251.5496	248.27806
3253.0991	245.87973
3254.6487	238.22432
3256.1982	231.11394
3257.748	231.87486
3259.2976	240.40973
3260.8472	240.15627
3262.3967	240.73254
3263.9463	243.87979
3265.4958	242.54265
3267.0454	237.08025
3268.595	239.39641
3270.1445	243.72891
3271.6943	241.7417
3273.2439	239.21645
3274.7935	248.32419
3276.343	251.34439
3277.8926	240.48561
3279.4421	237.51782
3280.9917	239.23087
3282.5413	242.50728
3284.0908	246.45686
3285.6404	249.68353
3287.1902	244.28131
3288.7397	244.02588
3290.2893	245.55281
3291.8389	235.34537
3293.3884	237.26245
3294.938	242.09877
3296.4875	242.95435
3298.0371	249.40758
3299.5867	249.72818
3301.1365	252.58676
3302.686	248.64421
3304.2356	252.10551
3305.7852	253.70038
3307.3347	241.65645
3308.8843	240.28822
3310.4338	243.83121
3311.9834	247.55937
3313.533	252.84839
3315.0828	249.11539
3316.6323	251.37604
3318.1819	254.46733
3319.7314	252.87503
3321.281	263.56631
3322.8306	259.7276
3324.3801	255.17941
3325.9297	254.43469
3327.4792	249.42412
3329.0288	253.60168
3330.5786	252.71396
3332.1282	241.59244
3333.6777	245.71616
3335.2273	247.03877
3336.7769	263.11627
3338.3264	258.26367
3339.876	260.8873
3341.4255	265.05875
3342.9751	257.40378
3344.5249	257.76617
3346.0745	259.15958
3347.624	260.69022
3349.1736	261.32681
3350.7231	259.81195
3352.2727	244.25928
3353.8223	254.08965
3355.3718	255.43661
3356.9214	259.04501
3358.4712	260.51202
3360.0208	256.90506
3361.5703	271.12802
3363.1199	258.53918
3364.6694	259.04309
3366.219	272.5155
3367.7686	265.01724
3369.3181	254.0811
3370.8677	271.15591
3372.4172	266.69394
3373.967	249.66069
3375.5166	275.56503
3377.0662	266.98605
3378.6157	272.37628
3380.1653	269.17606
3381.7148	264.70096
3383.2644	258.94357
3384.814	260.01221
3386.3635	256.24902
3387.9133	257.84546
3389.4629	272.26035
3391.0125	255.71393
3392.562	260.76541
3394.1116	258.63165
3395.6611	257.11777
3397.2107	265.65427
3398.7603	261.02551
3400.3098	269.92163
3401.8596	270.41617
3403.4092	264.93594
3404.9587	268.16324
3406.5083	270.6817
3408.0579	273.10156
3409.6074	270.78067
3411.157	283.58325
3412.7065	272.93381
3414.2561	263.73502
3415.8057	271.78909
3417.3555	269.24844
3418.905	268.18649
3420.4546	270.3132
3422.0042	275.87305
3423.5537	278.12518
3425.1033	275.11325
3426.6528	268.41592
3428.2024	270.2709
3429.752	276.1897
3431.3018	278.66641
3432.8513	277.53766
3434.4009	280.54865
3435.9504	283.36948
3437.5	282.7562
3439.0496	276.79047
3440.5991	271.41177
3442.1487	279.1225
3443.6982	273.44186
3445.248	290.935
3446.7976	289.1113
3448.3472	271.85968
3449.8967	281.44571
3451.4463	294.25537
3452.9958	290.66113
3454.5454	294.44919
3456.095	294.52505
3457.6445	282.40811
3459.1943	288.02228
3460.7439	296.1012
3462.2935	290.45767
3463.843	292.30484
3465.3926	282.29916
3466.9421	284.18228
3468.4917	293.8342
3470.0413	285.56302
3471.5908	293.31989
3473.1404	278.35828
3474.6902	291.47324
3476.2397	285.50027
3477.7893	298.91873
3479.3389	304.84506
3480.8884	298.98407
3482.438	299.81586
3483.9875	292.13995
3485.5371	303.30057
3487.0867	307.99481
3488.6365	304.29324
3490.186	300.00388
3491.7356	304.68387
3493.2852	312.35162
3494.8347	305.18311
3496.3843	301.41531
3497.9338	304.30762
3499.4834	308.64432
3501.033	308.85056
3502.5828	313.08209
3504.1323	307.39243
3505.6819	310.42087
3507.2314	304.82635
3508.781	322.75839
3510.3306	321.09583
3511.8801	314.582
3513.4297	330.80035
3514.9792	302.16519
3516.5288	317.24261
3518.0786	311.92142
3519.6282	331.83121
3521.1777	335.35992
3522.7273	322.983
3524.2769	322.34717
3525.8264	329.91428
3527.376	317.2951
3528.9255	324.74942
3530.4751	326.08771
3532.0249	324.021
3533.5745	330.09369
3535.124	335.69498
3536.6736	340.14984
3538.2231	350.29135
3539.7727	338.36813
3541.3223	336.06839
3542.8718	333.42776
3544.4214	329.79419
3545.9712	329.88763
3547.5208	339.35922
3549.0703	340.97144
3550.6199	352.97293
3552.1694	342.63589
3553.719	343.78439
3555.2686	340.0679
3556.8181	342.87299
3558.3677	351.51315
3559.9172	334.13654
3561.467	333.87674
3563.0166	342.01541
3564.5662	337.7782
3566.1157	335.43057
3567.6653	330.99179
3569.2148	348.66022
3570.7644	352.33173
3572.314	348.2114
3573.8635	339.82367
3575.4133	345.32959
3576.9629	340.09995
3578.5125	347.84714
3580.062	345.05627
3581.6116	342.09991
3583.1611	338.19391
3584.7107	341.73059
3586.2603	348.02948
3587.8098	349.89627
3589.3596	340.16321
3590.9092	345.00287
3592.4587	338.26996
3594.0083	327.94724
3595.5579	343.63812
3597.1074	328.63303
3598.657	321.58466
3600.2065	341.04004
3601.7561	326.22699
3603.3057	325.82602
3604.8555	334.95865
3606.405	322.92505
3607.9546	316.23987
3609.5042	313.21671
3611.0537	318.21133
3612.6033	313.25571
3614.1528	310.13947
3615.7024	312.34061
3617.252	309.62692
3618.8018	305.76105
3620.3513	302.04315
3621.9009	299.13339
3623.4504	302.66531
3625	297.13379
3626.5496	292.26434
3628.0991	279.8992
3629.6487	286.71646
3631.1982	282.90747
3632.748	279.2739
3634.2976	277.09677
3635.8472	281.3714
3637.3967	275.94226
3638.9463	265.72144
3640.4958	260.27618
3642.0454	265.52158
3643.595	260.18997
3645.1445	267.26987
3646.6943	257.43521
3648.2439	246.82452
3649.7935	245.37015
3651.343	239.9436
3652.8926	227.21854
3654.4421	233.14169
3655.9917	240.53331
3657.5413	232.28758
3659.0908	238.55508
3660.6404	229.20998
3662.1902	223.60809
3663.7397	223.58276
3665.2893	229.85101
3666.8389	221.26488
3668.3884	223.1335
3669.938	218.04903
3671.4875	216.17464
3673.0371	211.13155
3674.5867	213.63437
3676.1365	208.84978
3677.686	206.7906
3679.2356	206.51552
3680.7852	203.47903
3682.3347	203.13661
3683.8843	202.67921
3685.4338	206.51973
3686.9834	206.08635
3688.533	202.47829
3690.0828	195.95309
3691.6323	197.39565
3693.1819	199.86076
3694.7314	193.9346
3696.281	197.14308
3697.8306	185.55977
3699.3801	190.93732
3700.9297	183.93791
3702.4792	186.94527
3704.0288	183.93077
3705.5786	192.77296
3707.1282	197.96172
3708.6777	196.51877
3710.2273	191.2597
3711.7769	191.8535
3713.3264	190.06201
3714.876	194.12428
3716.4255	194.8625
3717.9751	182.54272
3719.5249	187.04451
3721.0745	182.33002
3722.624	180.32559
3724.1736	183.3531
3725.7231	183.26068
3727.2727	186.96843
3728.8223	175.74731
3730.3718	178.39172
3731.9214	183.08124
3733.4712	191.7399
3735.0208	186.15965
3736.5703	182.6696
3738.1199	182.98706
3739.6694	183.00746
3741.219	177.38716
3742.7686	176.6545
3744.3181	176.26102
3745.8677	180.32187
3747.4172	179.24954
3748.967	183.63992
3750.5166	181.72739
3752.0662	170.28218
3753.6157	182.5668
3755.1653	179.46623
3756.7148	183.3674
3758.2644	179.32605
3759.814	176.78609
3761.3635	176.00903
3762.9133	174.41824
3764.4629	173.41077
3766.0125	176.543
3767.562	180.8535
3769.1116	181.5883
3770.6611	178.48285
3772.2107	165.61995
3773.7603	174.8486
3775.3098	178.28194
3776.8596	179.93896
3778.4092	182.99693
3779.9587	171.15865
3781.5083	172.12396
3783.0579	175.32124
3784.6074	174.76125
3786.157	170.64679
3787.7065	175.10483
3789.2561	178.08435
3790.8057	180.15024
3792.3555	179.76237
3793.905	178.32504
3795.4546	174.6588
3797.0042	169.19595
3798.5537	177.67757
3800.1033	173.05742
3801.6528	186.89885
3803.2024	173.98196
3804.752	173.52516
3806.3018	173.8698
3807.8513	169.13931
3809.4009	171.27902
3810.9504	171.59569
3812.5	179.15094
3814.0496	170.96638
3815.5991	175.90015
3817.1487	174.80226
3818.6982	180.81055
3820.248	174.91745
3821.7976	166.14342
3823.3472	172.81393
3824.8967	163.17979
3826.4463	171.36201
3827.9958	172.44193
3829.5454	170.07011
3831.095	175.39328
3832.6445	171.73465
3834.1943	175.86571
3835.7439	182.48221
3837.2935	176.60187
3838.843	165.76518
3840.3926	169.26715
3841.9421	171.76691
3843.4917	168.20358
3845.0413	172.4789
3846.5908	168.97546
3848.1404	168.96603
3849.6902	172.24887
3851.2397	174.36484
3852.7893	173.5611
3854.3389	173.5354
3855.8884	174.91
3857.438	178.2813
3858.9875	171.47765
3860.5371	170.24902
3862.0867	166.24506
3863.6365	166.45415
3865.186	172.52699
3866.7356	170.42329
3868.2852	163.79745
3869.8347	170.72284
3871.3843	173.35814
3872.9338	169.74344
3874.4834	169.13316
3876.033	174.63574
3877.5828	168.08971
3879.1323	168.81491
3880.6819	163.54189
3882.2314	173.92928
3883.781	174.15591
3885.3306	164.05811
3886.8801	165.38405
3888.4297	169.28777
3889.9792	168.69402
3891.5288	168.6646
3893.0786	170.99664
3894.6282	170.19138
3896.1777	173.27501
3897.7273	165.1377
3899.2769	163.24902
3900.8264	164.25748
3902.376	167.28473
3903.9255	174.62895
3905.4751	173.86075
3907.0249	166.33481
3908.5745	166.58208
3910.124	165.69069
3911.6736	161.57837
3913.2231	152.4359
3914.7727	159.52382
3916.3223	163.30208
3917.8718	168.45767
3919.4214	166.77089
3920.9712	151.46355
3922.5208	163.89348
3924.0703	164.40712
3925.6199	163.13324
3927.1694	172.12126
3928.719	168.05974
3930.2686	162.70506
3931.8181	165.867
3933.3677	166.24789
3934.9172	162.86278
3936.467	165.12001
3938.0166	157.78859
3939.5662	169.49423
3941.1157	165.5759
3942.6653	161.49538
3944.2148	161.45195
3945.7644	165.70955
3947.314	167.26779
3948.8635	163.74483
3950.4133	161.66483
3951.9629	162.02911
3953.5125	160.39145
3955.062	164.16785
3956.6116	165.86235
3958.1611	165.41931
3959.7107	173.28336
3961.2603	173.12364
3962.8098	168.01668
3964.3596	167.25842
3965.9092	167.49034
3967.4587	171.4379
3969.0083	166.62897
3970.5579	167.11591
3972.1074	163.82687
3973.657	173.17783
3975.2065	169.04333
3976.7561	165.89876
3978.3057	170.80304
3979.8555	165.38019
3981.405	165.56137
3982.9546	172.71442
3984.5042	169.63942
3986.0537	176.91283
3987.6033	162.87296
3989.1528	172.13321
3990.7024	171.3923
3992.252	175.48788
3993.8018	160.05028
3995.3513	160.75502
3996.9009	165.44922
3998.4504	167.38666
4000	168.49553
