100	901.96527
101.98123	1024.6565
103.96246	1147.9478
105.9437	1279.2587
107.92492	1404.1871
109.90615	1511.9028
111.88738	1580.1571
113.86861	1631.5081
115.84985	1701.6688
117.83108	1745.9083
119.8123	1752.5048
121.79353	1790.7926
123.77477	1801.3105
125.756	1802.8187
127.73723	1802.5869
129.71846	1784.7258
131.69969	1788.7662
133.68092	1794.4698
135.66216	1789.2231
137.64337	1762.475
139.6246	1750.4675
141.60583	1762.4298
143.58707	1744.2441
145.5683	1756.1693
147.54953	1745.7803
149.53076	1714.1752
151.51199	1721.922
153.49323	1697.3396
155.47446	1690.7565
157.45569	1691.2112
159.43692	1696.6161
161.41814	1659.6943
163.39937	1653.7397
165.3806	1639.4388
167.36183	1639.9902
169.34306	1646.4785
171.3243	1641.0613
173.30553	1621.4309
175.28676	1584.635
177.26799	1585.5367
179.24922	1582.3438
181.23045	1578.1078
183.21169	1570.2686
185.19292	1565.0205
187.17413	1570.2269
189.15536	1548.1749
191.1366	1534.7809
193.11783	1536.2336
195.09906	1521.6426
197.08029	1503.2275
199.06152	1482.9584
201.04276	1473.3679
203.02399	1473.699
205.00522	1465.1719
206.98645	1469.2156
208.96768	1469.7748
210.9489	1454.6519
212.93013	1445.7393
214.91136	1444.5236
216.89259	1435.2925
218.87383	1422.3535
220.85506	1426.0176
222.83629	1441.9263
224.81752	1437.8043
226.79875	1424.7233
228.77998	1419.4888
230.76122	1444.4436
232.74245	1418.5089
234.72366	1390.4794
236.7049	1399.0204
238.68613	1416.0055
240.66736	1403.4149
242.64859	1375.3861
244.62982	1367.8187
246.61105	1354.7347
248.59229	1378.2568
250.57352	1371.3724
252.55475	1372.0128
254.53598	1363.1083
256.51721	1332.2031
258.49844	1313.9081
260.47968	1310.3536
262.46091	1304.1483
264.44214	1300.8336
266.42337	1309.561
268.4046	1310.0328
270.38583	1302.0228
272.36703	1294.1935
274.34827	1335.6287
276.3295	1293.2664
278.31073	1310.1056
280.29196	1293.0468
282.27319	1273.8284
284.25443	1276.1035
286.23566	1282.3535
288.21689	1272.1714
290.19812	1259.0021
292.17935	1264.996
294.16058	1273.0959
296.14182	1273.3756
298.12305	1265.4065
300.10428	1268.1819
302.08551	1262.3242
304.06674	1258.6135
306.04797	1269.5502
308.02921	1272.1469
310.01044	1251.6207
311.99167	1231.1849
313.9729	1221.4829
315.95413	1213.2538
317.93536	1215.7831
319.91656	1230.8785
321.8978	1212.0542
323.87903	1230.6143
325.86026	1190.514
327.84149	1216.3579
329.82272	1181.1245
331.80396	1179.2438
333.78519	1205.4591
335.76642	1200.2352
337.74765	1189.196
339.72888	1191.3712
341.71011	1187.7554
343.69135	1178.6517
345.67258	1173.7227
347.65381	1171.2172
349.63504	1172.0955
351.61627	1197.0068
353.5975	1195.5033
355.57874	1158.1858
357.55997	1166.5205
359.5412	1159.244
361.52243	1179.6407
363.50366	1165.1843
365.48489	1166.8383
367.46613	1175.563
369.44733	1165.6479
371.42856	1185.8821
373.40979	1170.6937
375.39102	1160.9913
377.37225	1155.1355
379.35349	1194.1907
381.33472	1164.7114
383.31595	1161.4965
385.29718	1162.929
387.27841	1182.2889
389.25964	1184.5217
391.24088	1162.266
393.22211	1170.0554
395.20334	1183.5356
397.18457	1174.4086
399.1658	1181.4777
401.14703	1196.2932
403.12827	1197.2036
405.1095	1213.209
407.09073	1191.0322
409.07196	1173.9087
411.05319	1200.1375
413.03442	1207.0686
415.01566	1173.1985
416.99686	1171.6626
418.97809	1176.5447
420.95932	1183.7942
422.94055	1182.4567
424.92178	1182.9689
426.90302	1198.1194
428.88425	1206.9232
430.86548	1199.7474
432.84671	1193.0906
434.82794	1188.5704
436.80917	1196.1412
438.79041	1164.7858
440.77164	1210.5055
442.75287	1198.8883
444.7341	1204.3082
446.71533	1238.4594
448.69656	1235.6036
450.6778	1229.574
452.65903	1232.8064
454.64026	1233.181
456.62149	1238.7307
458.60272	1246.2858
460.58395	1241.8022
462.56519	1237.3834
464.54642	1217.882
466.52762	1212.7146
468.50885	1224.3994
470.49008	1235.1925
472.47131	1245.4
474.45255	1223.8788
476.43378	1237.2335
478.41501	1238.0153
480.39624	1246.7589
482.37747	1232.2621
484.3587	1213.7512
486.33994	1230.4412
488.32117	1251.3925
490.3024	1246.8401
492.28363	1243.2169
494.26486	1242.8105
496.24609	1229.7346
498.22733	1231.1899
500.20856	1252.0481
502.18979	1243.3739
504.17102	1225.8094
506.15225	1209.1611
508.13348	1229.6677
510.11472	1220.4796
512.09595	1236.0164
514.07715	1245.5586
516.05841	1217.567
518.03961	1207.0502
520.02087	1198.0754
522.00208	1194.168
523.98334	1212.4619
525.96454	1210.4689
527.9458	1193.2726
529.927	1214.1737
531.90826	1221.444
533.88947	1222.5653
535.87073	1184.6106
537.85193	1190.0236
539.83313	1218.0386
541.81439	1188.2712
543.79559	1207.2843
545.77686	1184.9662
547.75806	1167.9153
549.73932	1150.0354
551.72052	1167.0118
553.70178	1168.8311
555.68298	1173.4236
557.66425	1177.7002
559.64545	1171.7969
561.62671	1165.6688
563.60791	1156.8456
565.58917	1161.1002
567.57037	1161.6022
569.55164	1158.9576
571.53284	1149.7885
573.5141	1158.2087
575.4953	1136.9751
577.47656	1126.6628
579.45776	1118.5323
581.43903	1104.3562
583.42023	1116.0167
585.40149	1119.2726
587.38269	1112.8689
589.36389	1106.3319
591.34515	1081.3273
593.32635	1067.0718
595.30762	1059.2544
597.28882	1059.5576
599.27008	1059.5356
601.25128	1038.7555
603.23254	1022.9238
605.21375	1019.2599
607.19501	1005.7739
609.17621	1001.5821
611.15747	989.84235
613.13867	978.02277
615.11993	974.00037
617.10114	959.36584
619.0824	971.61292
621.0636	959.06946
623.04486	931.0448
625.02606	926.42065
627.00732	932.50519
628.98853	927.84424
630.96979	909.17737
632.95099	903.93933
634.93225	923.79028
636.91345	922.48267
638.89465	912.49384
640.87592	909.21442
642.85712	909.62433
644.83838	913.4975
646.81958	905.1344
648.80084	908.16345
650.78204	905.64746
652.76331	904.31384
654.74451	905.81567
656.72577	893.25232
658.70697	908.77686
660.68823	901.75659
662.66943	874.92999
664.6507	913.71368
666.6319	907.40552
668.61316	919.16895
670.59436	907.54175
672.57562	885.84619
674.55682	891.3075
676.53809	901.55719
678.51929	895.91986
680.50055	903.00519
682.48175	910.98499
684.46301	909.76898
686.44421	903.47217
688.42542	903.29608
690.40668	890.11444
692.38788	869.39276
694.36914	873.24622
696.35034	871.03278
698.3316	905.09967
700.31281	898.42896
702.29407	880.14148
704.27527	892.85181
706.25653	878.97394
708.23773	892.90698
710.21899	886.08923
712.2002	876.4743
714.18146	864.11902
716.16266	840.81897
718.14392	847.63086
720.12512	842.12415
722.10638	845.6991
724.08759	859.57062
726.06885	842.79797
728.05005	836.76013
730.03131	834.94421
732.01251	840.71307
733.99371	827.96893
735.97498	819.43115
737.95618	823.43231
739.93744	811.58875
741.91864	804.37634
743.8999	800.16132
745.8811	790.90668
747.86237	790.66473
749.84357	765.46979
751.82483	767.43597
753.80603	785.68414
755.78729	774.27051
757.76849	757.20026
759.74976	772.42731
761.73096	754.29584
763.71222	755.52527
765.69342	737.56567
767.67468	741.16425
769.65588	751.32489
771.63715	739.76178
773.61835	730.94812
775.59961	712.59265
777.58081	718.39172
779.56207	697.45081
781.54327	696.60547
783.52448	709.88623
785.50574	702.05798
787.48694	704.40802
789.4682	696.73975
791.4494	700.57977
793.43066	698.75879
795.41187	690.49219
797.39313	689.67499
799.37433	692.10791
801.35559	688.34448
803.33679	681.31805
805.31805	673.61163
807.29926	669.17181
809.28052	678.16101
811.26172	689.39069
813.24298	681.62183
815.22418	670.76752
817.20544	674.22083
819.18665	666.56891
821.16791	663.89252
823.14911	679.73395
825.13037	689.16852
827.11157	697.3407
829.09283	711.51227
831.07404	711.73889
833.05524	707.16241
835.0365	705.42664
837.0177	704.65271
838.99896	676.75647
840.98016	728.2959
842.96143	757.70251
844.94263	735.30493
846.92389	786.84998
848.90509	777.54291
850.88635	780.32825
852.86755	805.742
854.84882	785.05817
856.83002	818.66125
858.81128	837.15747
860.79248	848.60486
862.77374	848.69696
864.75494	856.51019
866.73621	871.49945
868.71741	898.34723
870.69867	898.70276
872.67987	901.27905
874.66113	915.98218
876.64233	941.77997
878.6236	955.58728
880.6048	959.09918
882.586	970.34857
884.56726	975.03796
886.54846	976.57849
888.52972	989.36035
890.51093	1003.5739
892.49219	1010.8658
894.47339	1000.0295
896.45465	998.98975
898.43585	1029.3228
900.41711	1043.9937
902.39832	1039.536
904.37958	1031.8889
906.36078	1048.6853
908.34204	1052.4409
910.32324	1060.4048
912.3045	1068.9958
914.28571	1068.6494
916.26697	1077.5292
918.24817	1079.8276
920.22943	1096.0828
922.21063	1096.4542
924.19189	1087.9459
926.1731	1099.257
928.15436	1116.2988
930.13556	1099.8932
932.11676	1115.2451
934.09802	1123.6672
936.07922	1128.6
938.06049	1120.658
940.04169	1135.9375
942.02295	1123.0928
944.00415	1106.1195
945.98541	1141.8259
947.96661	1133.6425
949.94788	1124.3962
951.92908	1110.5966
953.91034	1133.1714
955.89154	1114.2183
957.8728	1113.3623
959.854	1125.5116
961.83527	1128.5337
963.81647	1123.7008
965.79773	1132.358
967.77893	1128.4651
969.76019	1120.3833
971.74139	1086.7875
973.72266	1095.1632
975.70386	1116.8839
977.68506	1107.0507
979.66632	1103.4343
981.64752	1080.4987
983.62878	1091.59
985.60999	1110.0736
987.59125	1096.7819
989.57245	1080.5859
991.55371	1092.889
993.53491	1063.5436
995.51617	1077.0178
997.49738	1061.5669
999.47864	1047.5692
1001.4598	1050.0468
1003.4411	1049.6318
1005.4223	1048.6002
1007.4036	1032.6221
1009.3848	1020.4178
1011.366	1029.0702
1013.3472	1025.7802
1015.3285	1017.2602
1017.3097	997.04205
1019.291	1007.8497
1021.2722	997.77313
1023.2534	982.33606
1025.2346	976.9798
1027.2158	974.86316
1029.197	960.21484
1031.1783	935.86542
1033.1595	926.53174
1035.1407	923.76947
1037.1219	920.43182
1039.1033	916.16125
1041.0845	904.81439
1043.0657	891.12445
1045.0469	879.11115
1047.0282	856.56647
1049.0094	847.27936
1050.9906	854.76001
1052.9718	844.20551
1054.9531	824.82874
1056.9343	816.90045
1058.9155	799.93298
1060.8967	800.48669
1062.8781	786.58887
1064.8593	765.86444
1066.8405	763.62311
1068.8217	761.97961
1070.803	750.32941
1072.7842	736.35968
1074.7654	704.25696
1076.7466	705.01154
1078.7278	694.00116
1080.7091	684.06195
1082.6903	693.48816
1084.6715	689.55518
1086.6527	675.68365
1088.634	652.22974
1090.6152	646.28839
1092.5964	631.0257
1094.5776	617.19617
1096.559	620.84863
1098.5402	615.60925
1100.5214	600.90466
1102.5026	590.28613
1104.4839	579.71686
1106.4651	568.88062
1108.4463	562.72784
1110.4275	552.09766
1112.4088	552.01642
1114.39	549.99854
1116.3712	527.25867
1118.3524	513.95062
1120.3337	514.85681
1122.3149	511.40253
1124.2961	503.76987
1126.2773	479.53052
1128.2585	493.07425
1130.2399	506.40292
1132.2211	495.23645
1134.2023	471.35849
1136.1835	489.80566
1138.1648	471.68439
1140.146	457.57336
1142.1272	451.33572
1144.1084	455.34656
1146.0897	449.51135
1148.0709	450.8934
1150.0521	453.05255
1152.0333	450.95404
1154.0146	441.42889
1155.9958	444.28204
1157.9771	412.98096
1159.9583	428.06317
1161.9396	423.41776
1163.9208	437.452
1165.902	413.45688
1167.8832	409.05927
1169.8645	396.83124
1171.8457	410.26401
1173.8269	386.72363
1175.8081	393.48328
1177.7893	403.11591
1179.7706	395.78711
1181.7518	390.55069
1183.733	398.76953
1185.7142	383.43112
1187.6956	393.33771
1189.6768	395.45432
1191.658	361.35355
1193.6392	362.2504
1195.6205	384.5495
1197.6017	378.61008
1199.5829	375.93484
1201.5641	384.22824
1203.5454	361.11069
1205.5266	368.21768
1207.5078	372.8399
1209.489	362.69534
1211.4703	359.73407
1213.4515	361.35245
1215.4327	352.47076
1217.4139	353.9744
1219.3953	357.88693
1221.3765	354.36627
1223.3577	361.60852
1225.3389	354.94888
1227.3201	353.49197
1229.3014	359.13199
1231.2826	358.44833
1233.2638	353.87732
1235.245	351.14993
1237.2263	352.01727
1239.2075	355.77432
1241.1887	349.87601
1243.1699	348.27054
1245.1512	352.40561
1247.1324	349.39832
1249.1136	345.43674
1251.0948	360.96036
1253.0762	362.90936
1255.0574	349.3002
1257.0386	348.26352
1259.0198	350.5719
1261.0011	340.52222
1262.9823	345.71216
1264.9635	349.00717
1266.9447	346.02609
1268.926	341.8114
1270.9072	349.01822
1272.8884	359.10013
1274.8696	343.52832
1276.8508	347.01852
1278.8322	344.40558
1280.8134	350.94598
1282.7946	346.29288
1284.7758	348.02542
1286.7571	342.87726
1288.7383	340.47821
1290.7195	340.84299
1292.7007	337.40146
1294.682	336.55276
1296.6632	341.38943
1298.6444	342.15872
1300.6256	339.11609
1302.6069	341.02045
1304.5881	344.98651
1306.5693	338.38632
1308.5505	345.37384
1310.5319	336.80338
1312.5131	358.2702
1314.4943	351.25623
1316.4755	353.09448
1318.4567	355.19058
1320.438	340.10773
1322.4192	339.85056
1324.4004	349.47839
1326.3816	350.67944
1328.3629	346.004
1330.3441	334.01016
1332.3253	337.64734
1334.3065	346.35498
1336.2878	343.42917
1338.269	342.21255
1340.2502	340.03372
1342.2314	341.34692
1344.2128	348.22702
1346.194	350.82321
1348.1752	349.00366
1350.1564	358.31262
1352.1377	331.02194
1354.1189	347.30817
1356.1001	337.25513
1358.0813	343.56616
1360.0626	335.85684
1362.0438	342.19226
1364.025	348.40921
1366.0062	338.27957
1367.9874	336.35349
1369.9688	335.49503
1371.95	330.54825
1373.9312	344.61011
1375.9124	347.88474
1377.8937	345.4924
1379.8749	336.66385
1381.8561	343.18521
1383.8373	338.69781
1385.8186	340.73691
1387.7998	338.17963
1389.781	341.23911
1391.7622	356.27087
1393.7435	346.08792
1395.7247	331.35306
1397.7059	335.58331
1399.6871	344.26599
1401.6685	346.52972
1403.6497	340.03632
1405.6309	347.22845
1407.6121	337.23169
1409.5934	330.62448
1411.5746	350.75308
1413.5558	344.57138
1415.537	350.32172
1417.5182	344.57611
1419.4995	340.39749
1421.4807	346.41428
1423.4619	323.5119
1425.4431	336.31058
1427.4244	336.51898
1429.4056	340.67737
1431.3868	341.4007
1433.368	331.83057
1435.3494	345.14407
1437.3306	344.87387
1439.3118	354.34274
1441.293	347.20615
1443.2743	339.26114
1445.2555	340.56989
1447.2367	346.71118
1449.2179	346.58432
1451.1992	343.40289
1453.1804	343.05136
1455.1616	329.33273
1457.1428	335.29074
1459.1241	341.64859
1461.1053	340.19299
1463.0865	344.86603
1465.0677	345.22208
1467.049	338.36325
1469.0303	335.69873
1471.0115	343.88742
1472.9927	350.27322
1474.9739	353.76645
1476.9552	345.24179
1478.9364	342.68906
1480.9176	347.45181
1482.8988	350.22144
1484.8801	351.26779
1486.8613	336.73206
1488.8425	331.29691
1490.8237	343.81766
1492.8051	345.13263
1494.7863	339.32147
1496.7675	333.73874
1498.7487	341.33545
1500.73	336.93594
1502.7112	335.80664
1504.6924	341.58932
1506.6736	341.56271
1508.6549	317.92838
1510.6361	346.60242
1512.6173	316.57507
1514.5985	319.67035
1516.5797	324.25986
1518.561	332.62469
1520.5422	326.27438
1522.5234	340.70566
1524.5046	343.97351
1526.486	333.34174
1528.4672	325.13843
1530.4484	315.09744
1532.4296	328.3349
1534.4109	337.64566
1536.3921	327.64389
1538.3733	332.72507
1540.3545	329.07895
1542.3358	327.35355
1544.317	329.14105
1546.2982	323.81088
1548.2794	322.86218
1550.2607	322.81143
1552.2419	332.5293
1554.2231	343.38727
1556.2043	329.26532
1558.1857	332.91394
1560.1669	333.6507
1562.1481	338.16507
1564.1293	332.02216
1566.1105	322.29297
1568.0918	316.99945
1570.073	321.76062
1572.0542	321.27417
1574.0354	324.96567
1576.0167	323.41556
1577.9979	337.16281
1579.9791	322.61542
1581.9603	333.55875
1583.9417	322.36368
1585.9229	339.59781
1587.9041	327.23752
1589.8853	325.66068
1591.8666	320.25436
1593.8478	313.35352
1595.829	323.59686
1597.8102	330.54062
1599.7915	315.23114
1601.7727	315.7655
1603.7539	322.98672
1605.7351	312.35056
1607.7164	324.30475
1609.6976	335.83157
1611.6788	323.11963
1613.66	331.62958
1615.6412	312.974
1617.6226	315.2355
1619.6038	307.35352
1621.585	310.47684
1623.5662	329.1579
1625.5475	326.88095
1627.5287	323.14182
1629.5099	316.24667
1631.4911	317.83197
1633.4724	318.54138
1635.4536	313.43167
1637.4348	323.17136
1639.416	323.35199
1641.3973	328.99905
1643.3785	324.21539
1645.3597	311.58374
1647.3409	325.81015
1649.3223	322.82635
1651.3035	317.72723
1653.2847	319.13077
1655.2659	307.78452
1657.2472	309.83261
1659.2284	316.83035
1661.2096	312.42117
1663.1908	316.88074
1665.172	316.30475
1667.1533	315.49658
1669.1345	325.46338
1671.1157	309.88248
1673.0969	301.91925
1675.0782	311.73648
1677.0594	313.96457
1679.0406	310.95724
1681.0219	322.48517
1683.0032	320.51273
1684.9844	309.40421
1686.9656	303.2774
1688.9468	310.4577
1690.9281	314.88303
1692.9093	314.53384
1694.8905	302.08752
1696.8717	299.70355
1698.853	298.92044
1700.8342	303.83588
1702.8154	302.71442
1704.7966	312.84933
1706.778	313.62921
1708.7592	310.71225
1710.7404	314.74481
1712.7216	314.21851
1714.7028	297.87109
1716.6841	303.03622
1718.6653	310.41425
1720.6465	304.58847
1722.6277	306.10577
1724.609	303.039
1726.5902	303.36023
1728.5714	298.34436
1730.5526	311.8999
1732.5339	304.146
1734.5151	291.4736
1736.4963	295.68326
1738.4775	310.8179
1740.4589	309.40613
1742.4401	296.93588
1744.4213	295.15884
1746.4025	311.27182
1748.3838	304.26544
1750.365	289.6348
1752.3462	298.34531
1754.3274	305.67026
1756.3087	306.93973
1758.2899	298.49384
1760.2711	292.28952
1762.2523	305.25269
1764.2335	299.16055
1766.2148	300.25854
1768.196	296.1647
1770.1772	289.6929
1772.1584	293.58731
1774.1398	305.52139
1776.121	297.76132
1778.1022	312.17972
1780.0834	286.95184
1782.0647	296.4567
1784.0459	289.3992
1786.0271	292.98691
1788.0083	304.64435
1789.9896	296.88147
1791.9708	299.0188
1793.952	288.61768
1795.9332	286.68753
1797.9146	290.80917
1799.8958	298.13211
1801.877	297.28952
1803.8582	290.09848
1805.8394	289.33041
1807.8207	281.11826
1809.8019	289.56723
1811.7831	306.32703
1813.7643	294.80679
1815.7456	292.68936
1817.7268	291.27823
1819.708	292.77597
1821.6892	293.12192
1823.6705	291.65186
1825.6517	286.62677
1827.6329	296.73029
1829.6141	296.08975
1831.5955	292.11279
1833.5767	297.44028
1835.5579	296.21182
1837.5391	284.07053
1839.5204	286.05933
1841.5016	283.28625
1843.4828	289.94052
1845.464	296.95294
1847.4453	284.67746
1849.4265	280.35352
1851.4077	279.41937
1853.3889	284.51855
1855.3701	291.13385
1857.3514	286.90875
1859.3326	277.24915
1861.3138	281.63239
1863.295	287.56827
1865.2764	287.33676
1867.2576	287.13071
1869.2388	281.13055
1871.22	271.76007
1873.2013	280.64493
1875.1825	289.94885
1877.1637	288.06882
1879.1449	289.21884
1881.1262	292.4823
1883.1074	283.90543
1885.0886	284.2854
1887.0698	286.2211
1889.0511	290.19788
1891.0323	290.74924
1893.0135	294.47055
1894.9948	280.48856
1896.9761	294.33578
1898.9573	284.93912
1900.9385	278.53317
1902.9197	280.37946
1904.9009	279.20813
1906.8822	280.33578
1908.8634	273.60263
1910.8446	282.2428
1912.8258	276.38232
1914.8071	277.14536
1916.7883	289.05673
1918.7695	280.57275
1920.7507	287.6525
1922.7321	276.29013
1924.7133	279.93256
1926.6945	280.21005
1928.6757	283.39352
1930.657	286.29953
1932.6382	274.17294
1934.6194	293.40338
1936.6006	275.48514
1938.5819	280.56375
1940.5631	271.73746
1942.5443	289.43851
1944.5255	289.43082
1946.5068	285.78494
1948.488	292.28482
1950.4692	291.23227
1952.4504	279.62259
1954.4316	291.92801
1956.413	289.1019
1958.3942	293.45282
1960.3754	277.59335
1962.3566	280.9787
1964.3379	286.89307
1966.3191	285.52582
1968.3003	287.33408
1970.2815	287.83875
1972.2628	288.21655
1974.244	298.03275
1976.2252	276.79187
1978.2064	281.28281
1980.1877	276.06946
1982.1689	278.86267
1984.1501	289.56598
1986.1313	288.83914
1988.1127	289.46341
1990.0939	292.05682
1992.0751	279.42563
1994.0563	277.04044
1996.0376	280.418
1998.0188	291.51505
2000	279.71136
2500	264.33347
2501.5496	265.19592
2503.0991	262.91473
2504.6487	262.71497
2506.1982	261.29227
2507.748	264.88019
2509.2976	267.90515
2510.8472	254.18544
2512.3967	260.32623
2513.9463	264.45013
2515.4958	266.47342
2517.0454	260.76065
2518.595	262.70853
2520.1445	271.23477
2521.6943	267.5571
2523.2439	256.54199
2524.7935	264.91403
2526.343	265.0011
2527.8926	261.77139
2529.4421	255.5155
2530.9917	263.07263
2532.5413	270.07089
2534.0908	267.11392
2535.6404	264.5947
2537.1902	262.43896
2538.7397	259.4118
2540.2893	256.05817
2541.8389	255.58162
2543.3884	262.80289
2544.938	255.23239
2546.4875	263.9043
2548.0371	256.56555
2549.5867	250.58168
2551.1365	258.72293
2552.686	251.30579
2554.2356	254.98785
2555.7852	262.23737
2557.3347	264.17108
2558.8843	263.16785
2560.4338	255.85162
2561.9834	246.20143
2563.533	257.43817
2565.0828	263.58487
2566.6323	263.02499
2568.1819	269.44244
2569.7314	264.73169
2571.281	263.40369
2572.8306	260.91373
2574.3801	261.80536
2575.9297	260.42395
2577.4792	254.75513
2579.0288	251.10916
2580.5786	252.37773
2582.1282	258.40933
2583.6777	258.26956
2585.2273	252.58975
2586.7769	251.10614
2588.3264	252.37781
2589.876	270.03778
2591.4255	271.92151
2592.9751	260.4476
2594.5249	253.38602
2596.0745	257.73306
2597.624	258.42014
2599.1736	252.19501
2600.7231	255.10168
2602.2727	254.95071
2603.8223	261.26331
2605.3718	250.4062
2606.9214	256.21402
2608.4712	254.02272
2610.0208	252.03502
2611.5703	260.06079
2613.1199	258.48492
2614.6694	257.29065
2616.219	248.39868
2617.7686	252.56696
2619.3181	269.73691
2620.8677	260.21158
2622.4172	257.31265
2623.967	259.31744
2625.5166	252.07158
2627.0662	262.2637
2628.6157	255.44527
2630.1653	262.33035
2631.7148	259.21085
2633.2644	264.52042
2634.814	251.0233
2636.3635	251.9545
2637.9133	257.04211
2639.4629	255.56966
2641.0125	255.52998
2642.562	243.73903
2644.1116	260.4743
2645.6611	259.42651
2647.2107	255.98193
2648.7603	261.09003
2650.3098	255.27702
2651.8596	260.29544
2653.4092	254.32452
2654.9587	263.7374
2656.5083	256.89066
2658.0579	252.24879
2659.6074	257.23712
2661.157	253.5356
2662.7065	243.96115
2664.2561	246.51857
2665.8057	255.04303
2667.3555	244.05061
2668.905	259.22925
2670.4546	251.78064
2672.0042	253.26915
2673.5537	253.34288
2675.1033	247.27971
2676.6528	253.47748
2678.2024	259.05521
2679.752	254.12396
2681.3018	258.7132
2682.8513	265.28345
2684.4009	258.81424
2685.9504	253.67342
2687.5	255.45135
2689.0496	259.92987
2690.5991	254.35909
2692.1487	245.1223
2693.6982	259.79248
2695.248	263.02493
2696.7976	250.20914
2698.3472	246.83961
2699.8967	243.09366
2701.4463	259.59015
2702.9958	265.12228
2704.5454	257.04129
2706.095	250.83952
2707.6445	254.35489
2709.1943	261.03854
2710.7439	254.90714
2712.2935	254.21307
2713.843	251.0592
2715.3926	248.15387
2716.9421	253.56592
2718.4917	253.97209
2720.0413	241.53577
2721.5908	250.84538
2723.1404	250.81227
2724.6902	253.06235
2726.2397	251.77853
2727.7893	260.44739
2729.3389	254.57912
2730.8884	240.46219
2732.438	245.88412
2733.9875	255.23174
2735.5371	259.36713
2737.0867	257.89014
2738.6365	253.82423
2740.186	248.53259
2741.7356	257.29483
2743.2852	254.62054
2744.8347	266.15631
2746.3843	262.7616
2747.9338	266.37671
2749.4834	259.87823
2751.033	255.37486
2752.5828	255.39993
2754.1323	252.11177
2755.6819	254.06947
2757.2314	260.73734
2758.781	256.41138
2760.3306	250.7869
2761.8801	259.1687
2763.4297	256.68039
2764.9792	246.78304
2766.5288	248.38206
2768.0786	249.58965
2769.6282	243.77869
2771.1777	257.48636
2772.7273	257.98346
2774.2769	245.51944
2775.8264	259.67941
2777.376	259.87708
2778.9255	260.86404
2780.4751	258.22461
2782.0249	251.94679
2783.5745	255.75224
2785.124	261.85968
2786.6736	259.18961
2788.2231	254.79585
2789.7727	255.22389
2791.3223	242.7226
2792.8718	249.25079
2794.4214	243.18607
2795.9712	265.13489
2797.5208	251.90506
2799.0703	256.9119
2800.6199	266.05096
2802.1694	258.8508
2803.719	249.66978
2805.2686	251.25482
2806.8181	251.73633
2808.3677	250.644
2809.9172	259.32867
2811.467	259.41614
2813.0166	245.61964
2814.5662	244.54874
2816.1157	248.80275
2817.6653	246.98438
2819.2148	240.62843
2820.7644	250.37206
2822.314	247.05878
2823.8635	250.74683
2825.4133	263.75778
2826.9629	249.07777
2828.5125	258.18756
2830.062	253.56683
2831.6116	248.61
2833.1611	248.98163
2834.7107	259.84842
2836.2603	258.41547
2837.8098	250.40132
2839.3596	256.81949
2840.9092	264.39148
2842.4587	256.84006
2844.0083	251.77853
2845.5579	257.45871
2847.1074	257.46448
2848.657	259.38956
2850.2065	256.93942
2851.7561	256.43088
2853.3057	255.21608
2854.8555	259.73904
2856.405	250.96629
2857.9546	239.39047
2859.5042	244.81685
2861.0537	250.54976
2862.6033	259.16721
2864.1528	252.17386
2865.7024	254.94737
2867.252	255.37854
2868.8018	263.12506
2870.3513	255.2749
2871.9009	247.8401
2873.4504	256.98581
2875	257.80542
2876.5496	250.81361
2878.0991	251.64915
2879.6487	255.04491
2881.1982	245.41864
2882.748	248.09372
2884.2976	250.63596
2885.8472	251.68611
2887.3967	252.67099
2888.9463	254.48022
2890.4958	248.93123
2892.0454	245.00455
2893.595	255.22627
2895.1445	242.04961
2896.6943	258.77417
2898.2439	257.5694
2899.7935	258.65186
2901.343	260.6843
2902.8926	260.33374
2904.4421	253.63391
2905.9917	242.41866
2907.5413	242.70313
2909.0908	253.32532
2910.6404	252.28789
2912.1902	241.88701
2913.7397	242.03384
2915.2893	249.28825
2916.8389	260.15286
2918.3884	258.87115
2919.938	245.15396
2921.4875	232.30896
2923.0371	248.83461
2924.5867	252.729
2926.1365	246.11722
2927.686	244.06795
2929.2356	255.98796
2930.7852	243.92114
2932.3347	257.25366
2933.8843	249.81485
2935.4338	257.91919
2936.9834	259.51697
2938.533	258.36282
2940.0828	259.56265
2941.6323	260.32565
2943.1819	253.3367
2944.7314	253.17125
2946.281	257.3288
2947.8306	255.53389
2949.3801	252.14285
2950.9297	247.21442
2952.4792	246.97807
2954.0288	245.94737
2955.5786	249.02434
2957.1282	252.56342
2958.6777	242.07707
2960.2273	253.99384
2961.7769	248.09973
2963.3264	244.87688
2964.876	253.36119
2966.4255	243.06145
2967.9751	255.85089
2969.5249	241.92015
2971.0745	246.97322
2972.624	243.40392
2974.1736	253.16884
2975.7231	256.64001
2977.2727	258.47003
2978.8223	251.51236
2980.3718	251.06059
2981.9214	255.20984
2983.4712	249.84137
2985.0208	241.47232
2986.5703	246.17326
2988.1199	247.39334
2989.6694	242.45975
2991.219	244.10522
2992.7686	245.5645
2994.3181	248.16055
2995.8677	250.09213
2997.4172	243.6084
2998.967	249.74672
3000.5166	261.38635
3002.0662	250.25058
3003.6157	255.27794
3005.1653	254.71481
3006.7148	245.04356
3008.2644	245.23543
3009.814	239.83763
3011.3635	246.32565
3012.9133	258.60199
3014.4629	253.16026
3016.0125	253.4704
3017.562	253.8956
3019.1116	255.2574
3020.6611	245.35704
3022.2107	247.49165
3023.7603	252.6953
3025.3098	248.98615
3026.8596	248.3163
3028.4092	258.40131
3029.9587	255.63838
3031.5083	253.3405
3033.0579	254.87001
3034.6074	255.69395
3036.157	252.23405
3037.7065	245.40892
3039.2561	246.90475
3040.8057	247.90746
3042.3555	244.83841
3043.905	242.26897
3045.4546	244.60838
3047.0042	249.41589
3048.5537	245.64485
3050.1033	254.8257
3051.6528	256.18509
3053.2024	255.25339
3054.752	246.17204
3056.3018	251.3177
3057.8513	251.88405
3059.4009	249.17221
3060.9504	255.37628
3062.5	243.82193
3064.0496	240.55458
3065.5991	248.86508
3067.1487	249.55486
3068.6982	253.72585
3070.248	261.00879
3071.7976	262.30353
3073.3472	251.93164
3074.8967	248.15787
3076.4463	244.63467
3077.9958	249.92838
3079.5454	256.69366
3081.095	250.7393
3082.6445	251.09569
3084.1943	255.50284
3085.7439	250.33395
3087.2935	258.73264
3088.843	254.91977
3090.3926	247.05505
3091.9421	251.47192
3093.4917	246.41322
3095.0413	247.84534
3096.5908	250.6084
3098.1404	251.42203
3099.6902	245.6378
3101.2397	250.09091
3102.7893	251.62526
3104.3389	248.52542
3105.8884	246.7531
3107.438	246.94208
3108.9875	255.18791
3110.5371	255.96829
3112.0867	251.31459
3113.6365	253.21696
3115.186	248.88225
3116.7356	243.23335
3118.2852	248.00308
3119.8347	253.98013
3121.3843	250.60352
3122.9338	247.45041
3124.4834	247.86163
3126.033	258.81152
3127.5828	250.63585
3129.1323	249.17039
3130.6819	248.07959
3132.2314	247.16411
3133.781	243.55237
3135.3306	256.32965
3136.8801	256.52148
3138.4297	242.3799
3139.9792	251.78995
3141.5288	258.60492
3143.0786	253.31219
3144.6282	260.19058
3146.1777	251.80693
3147.7273	242.37172
3149.2769	251.0901
3150.8264	252.60686
3152.376	240.81664
3153.9255	252.50322
3155.4751	253.42545
3157.0249	254.30534
3158.5745	257.86615
3160.124	249.37422
3161.6736	253.32027
3163.2231	246.86923
3164.7727	237.34843
3166.3223	242.90511
3167.8718	252.24371
3169.4214	253.3257
3170.9712	256.07281
3172.5208	256.44373
3174.0703	255.49997
3175.6199	252.97662
3177.1694	249.98328
3178.719	251.19507
3180.2686	242.82068
3181.8181	261.90817
3183.3677	254.37357
3184.9172	258.29675
3186.467	255.46167
3188.0166	250.66475
3189.5662	248.65938
3191.1157	259.65393
3192.6653	250.83649
3194.2148	254.81496
3195.7644	257.14871
3197.314	247.71436
3198.8635	247.38173
3200.4133	255.52676
3201.9629	257.26627
3203.5125	251.51662
3205.062	249.96078
3206.6116	247.25821
3208.1611	250.05614
3209.7107	246.90233
3211.2603	256.68088
3212.8098	255.3645
3214.3596	253.005
3215.9092	249.89871
3217.4587	249.14632
3219.0083	253.80731
3220.5579	261.13898
3222.1074	253.58638
3223.657	249.02129
3225.2065	256.37958
3226.7561	251.8035
3228.3057	246.63908
3229.8555	245.29233
3231.405	250.83342
3232.9546	251.49126
3234.5042	253.67654
3236.0537	259.14697
3237.6033	249.59911
3239.1528	246.84386
3240.7024	246.27678
3242.252	239.48701
3243.8018	242.03166
3245.3513	246.75171
3246.9009	244.91522
3248.4504	252.60019
3250	251.88092
3251.5496	238.59845
3253.0991	238.82349
3254.6487	245.17017
3256.1982	246.53049
3257.748	245.46638
3259.2976	250.09724
3260.8472	250.14973
3262.3967	252.0015
3263.9463	254.25208
3265.4958	255.02794
3267.0454	254.3983
3268.595	253.01248
3270.1445	252.41533
3271.6943	250.3291
3273.2439	252.81729
3274.7935	245.9707
3276.343	251.22345
3277.8926	258.80933
3279.4421	251.98904
3280.9917	249.4628
3282.5413	250.8764
3284.0908	255.17683
3285.6404	254.96523
3287.1902	252.06439
3288.7397	249.51935
3290.2893	252.65714
3291.8389	252.16531
3293.3884	254.40234
3294.938	255.2188
3296.4875	250.70811
3298.0371	252.63329
3299.5867	252.83492
3301.1365	251.23567
3302.686	249.29965
3304.2356	252.21063
3305.7852	256.69479
3307.3347	251.50264
3308.8843	249.05428
3310.4338	250.73489
3311.9834	251.41324
3313.533	248.9249
3315.0828	247.83212
3316.6323	251.56239
3318.1819	255.98474
3319.7314	255.09906
3321.281	246.56703
3322.8306	250.91447
3324.3801	253.63193
3325.9297	261.42441
3327.4792	255.46307
3329.0288	252.17445
3330.5786	258.90823
3332.1282	251.06555
3333.6777	247.09975
3335.2273	265.12851
3336.7769	257.45706
3338.3264	250.67154
3339.876	247.65746
3341.4255	250.49886
3342.9751	255.39188
3344.5249	263.84915
3346.0745	272.45062
3347.624	256.96652
3349.1736	246.1841
3350.7231	252.63582
3352.2727	260.22473
3353.8223	261.7836
3355.3718	257.06726
3356.9214	244.07895
3358.4712	259.23584
3360.0208	251.88707
3361.5703	265.46817
3363.1199	268.52347
3364.6694	256.38873
3366.219	253.02881
3367.7686	255.65532
3369.3181	260.09003
3370.8677	261.73642
3372.4172	254.23987
3373.967	259.76532
3375.5166	254.95557
3377.0662	257.96518
3378.6157	267.57797
3380.1653	254.29427
3381.7148	271.63019
3383.2644	271.8623
3384.814	261.27997
3386.3635	253.76067
3387.9133	266.56732
3389.4629	249.51512
3391.0125	258.57657
3392.562	259.61572
3394.1116	253.7682
3395.6611	250.77383
3397.2107	253.97112
3398.7603	266.38705
3400.3098	274.4061
3401.8596	274.11081
3403.4092	263.97275
3404.9587	267.19785
3406.5083	271.10611
3408.0579	265.38806
3409.6074	257.00235
3411.157	259.81918
3412.7065	256.47296
3414.2561	259.0162
3415.8057	263.2915
3417.3555	267.99976
3418.905	275.89557
3420.4546	270.04181
3422.0042	264.99283
3423.5537	267.99484
3425.1033	270.263
3426.6528	262.13968
3428.2024	264.98572
3429.752	272.6084
3431.3018	270.46555
3432.8513	272.55582
3434.4009	269.55692
3435.9504	267.29327
3437.5	263.16336
3439.0496	266.17679
3440.5991	267.89908
3442.1487	270.69238
3443.6982	272.41461
3445.248	266.58035
3446.7976	279.79642
3448.3472	278.69028
3449.8967	274.99255
3451.4463	273.72934
3452.9958	261.18164
3454.5454	276.91934
3456.095	270.56299
3457.6445	274.41672
3459.1943	267.45395
3460.7439	266.66254
3462.2935	276.49588
3463.843	272.34558
3465.3926	264.8302
3466.9421	274.85687
3468.4917	277.41772
3470.0413	274.68939
3471.5908	277.11777
3473.1404	270.20563
3474.6902	272.68314
3476.2397	268.57904
3477.7893	269.91806
3479.3389	281.75211
3480.8884	281.74011
3482.438	279.49786
3483.9875	280.10202
3485.5371	277.28271
3487.0867	280.51224
3488.6365	286.24045
3490.186	288.75247
3491.7356	284.29599
3493.2852	285.384
3494.8347	282.56702
3496.3843	276.44089
3497.9338	277.9324
3499.4834	275.58719
3501.033	287.59314
3502.5828	284.86639
3504.1323	290.95044
3505.6819	280.2894
3507.2314	290.27173
3508.781	282.29865
3510.3306	293.59885
3511.8801	298.51648
3513.4297	296.47708
3514.9792	287.1098
3516.5288	292.311
3518.0786	279.01404
3519.6282	291.63235
3521.1777	302.58453
3522.7273	293.91202
3524.2769	286.04498
3525.8264	302.69666
3527.376	293.40918
3528.9255	299.6189
3530.4751	286.96097
3532.0249	285.09595
3533.5745	292.04456
3535.124	293.46652
3536.6736	293.56277
3538.2231	306.10535
3539.7727	306.08716
3541.3223	296.70908
3542.8718	294.21918
3544.4214	295.3945
3545.9712	300.3916
3547.5208	308.41052
3549.0703	304.79303
3550.6199	301.71158
3552.1694	300.23218
3553.719	310.32239
3555.2686	307.85275
3556.8181	298.13461
3558.3677	302.49652
3559.9172	305.32037
3561.467	306.42371
3563.0166	313.71069
3564.5662	316.87546
3566.1157	309.91644
3567.6653	306.88446
3569.2148	310.71262
3570.7644	313.54126
3572.314	317.19849
3573.8635	315.68695
3575.4133	308.84756
3576.9629	300.93851
3578.5125	297.85907
3580.062	296.96805
3581.6116	305.82758
3583.1611	314.94922
3584.7107	312.73126
3586.2603	304.04926
3587.8098	308.46216
3589.3596	301.54926
3590.9092	291.56021
3592.4587	288.83841
3594.0083	295.09888
3595.5579	301.57831
3597.1074	300.5491
3598.657	299.95911
3600.2065	289.67258
3601.7561	296.55551
3603.3057	294.42654
3604.8555	299.92474
3606.405	285.08264
3607.9546	293.58774
3609.5042	290.46985
3611.0537	282.83456
3612.6033	290.3421
3614.1528	292.77921
3615.7024	289.04163
3617.252	283.01373
3618.8018	285.57681
3620.3513	285.58594
3621.9009	276.99689
3623.4504	274.18115
3625	268.31256
3626.5496	268.44373
3628.0991	276.0408
3629.6487	267.84399
3631.1982	264.73438
3632.748	271.59262
3634.2976	249.48676
3635.8472	264.39023
3637.3967	274.67401
3638.9463	267.50122
3640.4958	264.37872
3642.0454	252.32065
3643.595	258.6832
3645.1445	264.81705
3646.6943	256.32681
3648.2439	258.47519
3649.7935	254.0159
3651.343	254.3002
3652.8926	246.8488
3654.4421	242.73273
3655.9917	243.3121
3657.5413	244.42517
3659.0908	237.46362
3660.6404	239.39815
3662.1902	232.44278
3663.7397	232.69081
3665.2893	243.43268
3666.8389	221.48909
3668.3884	228.03238
3669.938	229.54443
3671.4875	230.92056
3673.0371	230.6496
3674.5867	232.12708
3676.1365	238.27344
3677.686	230.9482
3679.2356	224.50792
3680.7852	222.68843
3682.3347	223.90616
3683.8843	219.70529
3685.4338	218.96672
3686.9834	221.77658
3688.533	219.41634
3690.0828	214.82559
3691.6323	215.40506
3693.1819	229.22098
3694.7314	226.43503
3696.281	216.274
3697.8306	216.12836
3699.3801	206.24818
3700.9297	213.77795
3702.4792	214.67665
3704.0288	208.20203
3705.5786	215.11342
3707.1282	214.34644
3708.6777	206.54568
3710.2273	209.4688
3711.7769	216.52878
3713.3264	219.59732
3714.876	213.64349
3716.4255	201.2478
3717.9751	211.2262
3719.5249	219.09018
3721.0745	217.73598
3722.624	205.31186
3724.1736	208.78337
3725.7231	211.02946
3727.2727	211.41635
3728.8223	210.62007
3730.3718	212.65738
3731.9214	208.22984
3733.4712	211.45674
3735.0208	204.87833
3736.5703	203.53571
3738.1199	205.23068
3739.6694	198.55664
3741.219	206.64009
3742.7686	209.36497
3744.3181	201.70175
3745.8677	201.31911
3747.4172	205.80229
3748.967	205.64415
3750.5166	211.40262
3752.0662	203.9325
3753.6157	207.26437
3755.1653	200.62419
3756.7148	192.6084
3758.2644	195.85434
3759.814	199.12213
3761.3635	195.78276
3762.9133	201.46164
3764.4629	202.65431
3766.0125	201.68532
3767.562	210.01854
3769.1116	204.88496
3770.6611	198.39041
3772.2107	204.19748
3773.7603	207.23862
3775.3098	198.38371
3776.8596	199.86234
3778.4092	196.77284
3779.9587	202.64807
3781.5083	197.44182
3783.0579	198.79626
3784.6074	206.53775
3786.157	202.40665
3787.7065	194.35944
3789.2561	195.35388
3790.8057	200.87152
3792.3555	197.85118
3793.905	194.92349
3795.4546	192.11931
3797.0042	195.67638
3798.5537	204.99333
3800.1033	195.72702
3801.6528	205.26552
3803.2024	200.84395
3804.752	199.32489
3806.3018	203.80438
3807.8513	199.09964
3809.4009	200.73636
3810.9504	199.21387
3812.5	203.30261
3814.0496	202.86713
3815.5991	199.43959
3817.1487	189.82465
3818.6982	200.68156
3820.248	185.69704
3821.7976	196.06805
3823.3472	197.33783
3824.8967	193.54092
3826.4463	188.77797
3827.9958	195.95769
3829.5454	195.8907
3831.095	193.01636
3832.6445	195.99089
3834.1943	193.32161
3835.7439	192.41039
3837.2935	190.92931
3838.843	200.59332
3840.3926	196.6933
3841.9421	196.70126
3843.4917	200.06187
3845.0413	198.6181
3846.5908	190.90863
3848.1404	195.35254
3849.6902	195.54225
3851.2397	197.47974
3852.7893	193.55562
3854.3389	200.42853
3855.8884	199.5078
3857.438	181.72806
3858.9875	192.37573
3860.5371	192.95734
3862.0867	190.02097
3863.6365	192.68636
3865.186	200.05612
3866.7356	193.56883
3868.2852	185.67336
3869.8347	197.77141
3871.3843	197.50156
3872.9338	194.76256
3874.4834	189.88458
3876.033	189.74797
3877.5828	186.02747
3879.1323	194.93681
3880.6819	191.84396
3882.2314	188.37167
3883.781	189.77057
3885.3306	188.75288
3886.8801	188.89854
3888.4297	196.94118
3889.9792	198.05977
3891.5288	195.28714
3893.0786	185.97067
3894.6282	180.6084
3896.1777	188.18452
3897.7273	204.63876
3899.2769	183.61879
3900.8264	197.31856
3902.376	195.52121
3903.9255	197.72948
3905.4751	194.93233
3907.0249	188.67604
3908.5745	196.95261
3910.124	193.81322
3911.6736	191.58179
3913.2231	192.89822
3914.7727	189.46118
3916.3223	189.72798
3917.8718	194.45224
3919.4214	188.87827
3920.9712	195.61133
3922.5208	187.38925
3924.0703	189.87212
3925.6199	181.45451
3927.1694	191.12311
3928.719	188.22966
3930.2686	184.69373
3931.8181	189.61574
3933.3677	188.53166
3934.9172	188.47585
3936.467	198.84323
3938.0166	184.36607
3939.5662	180.29584
3941.1157	189.88425
3942.6653	185.71843
3944.2148	174.18379
3945.7644	183.36662
3947.314	187.30237
3948.8635	187.79662
3950.4133	190.07494
3951.9629	199.70068
3953.5125	186.47739
3955.062	193.55905
3956.6116	195.7458
3958.1611	187.3782
3959.7107	188.65897
3961.2603	183.39539
3962.8098	185.18929
3964.3596	192.44969
3965.9092	194.6109
3967.4587	187.6349
3969.0083	186.64441
3970.5579	193.13693
3972.1074	178.89084
3973.657	193.57159
3975.2065	195.90691
3976.7561	187.81862
3978.3057	193.62964
3979.8555	191.35374
3981.405	183.98369
3982.9546	182.62408
3984.5042	183.14246
3986.0537	184.99998
3987.6033	192.11011
3989.1528	185.19054
3990.7024	194.31924
3992.252	184.21718
3993.8018	195.40155
3995.3513	196.18025
3996.9009	194.27109
3998.4504	193.28902
4000	198.72659
