100	1068.9305
101.98123	1221.441
103.96246	1378.7343
105.9437	1524.1226
107.92492	1617.8236
109.90615	1691.5642
111.88738	1806.5005
113.86861	1863.7935
115.84985	1954.9432
117.83108	1989.4968
119.8123	2020.6906
121.79353	2060.7778
123.77477	2087.7083
125.756	2097.2092
127.73723	2074.5857
129.71846	2035.8602
131.69969	2041.5963
133.68092	2040.1073
135.66216	2042.9957
137.64337	2050.991
139.6246	2042.1984
141.60583	2003.7899
143.58707	2018.2389
145.5683	2027.7188
147.54953	2000.6691
149.53076	1977.1873
151.51199	1971.0511
153.49323	1936.3104
155.47446	1913.1245
157.45569	1950.1067
159.43692	1863.4799
161.41814	1891.0509
163.39937	1873.1968
165.3806	1871.1123
167.36183	1881.2954
169.34306	1880.2555
171.3243	1876.714
173.30553	1877.1639
175.28676	1861.7584
177.26799	1853.7273
179.24922	1821.8014
181.23045	1818.5701
183.21169	1821.2039
185.19292	1840.9983
187.17413	1806.129
189.15536	1789.8325
191.1366	1791.8639
193.11783	1786.2555
195.09906	1769.3623
197.08029	1740.9612
199.06152	1744.0905
201.04276	1740.8778
203.02399	1731.9561
205.00522	1732.3671
206.98645	1694.4735
208.96768	1695.3842
210.9489	1700.343
212.93013	1698.9856
214.91136	1689.0516
216.89259	1678.3945
218.87383	1666.4155
220.85506	1634.4795
222.83629	1653.9554
224.81752	1681.7604
226.79875	1611.2465
228.77998	1656.5402
230.76122	1664.2922
232.74245	1659.8734
234.72366	1664.2103
236.7049	1651.286
238.68613	1629.9624
240.66736	1640.0878
242.64859	1652.6981
244.62982	1600.0669
246.61105	1605.1367
248.59229	1598.6541
250.57352	1591.0212
252.55475	1597.6812
254.53598	1594.7296
256.51721	1593.7988
258.49844	1557.5443
260.47968	1547.7811
262.46091	1554.853
264.44214	1552.6919
266.42337	1565.8309
268.4046	1576.8518
270.38583	1572.641
272.36703	1558.6526
274.34827	1540.5718
276.3295	1545.9485
278.31073	1535.5758
280.29196	1535.6746
282.27319	1534.959
284.25443	1521.4559
286.23566	1516.6725
288.21689	1512.3191
290.19812	1491.692
292.17935	1488.5221
294.16058	1513.819
296.14182	1480.6779
298.12305	1469.9855
300.10428	1478.9188
302.08551	1461.658
304.06674	1461.922
306.04797	1476.9772
308.02921	1478.4797
310.01044	1463.6595
311.99167	1452.3779
313.9729	1448.3966
315.95413	1428.1388
317.93536	1405.8718
319.91656	1439.1146
321.8978	1424.8049
323.87903	1410.1986
325.86026	1417.426
327.84149	1411.851
329.82272	1422.0625
331.80396	1414.0247
333.78519	1385.7384
335.76642	1390.5234
337.74765	1393.051
339.72888	1363.8768
341.71011	1347.4457
343.69135	1373.0559
345.67258	1393.5128
347.65381	1374.0614
349.63504	1368.7018
351.61627	1372.2413
353.5975	1378.8773
355.57874	1384.3844
357.55997	1379.5958
359.5412	1361.2872
361.52243	1363.2664
363.50366	1361.9456
365.48489	1369.3907
367.46613	1374.2631
369.44733	1366.7028
371.42856	1376.0751
373.40979	1377.3257
375.39102	1363.9525
377.37225	1381.4761
379.35349	1388.7834
381.33472	1352.6885
383.31595	1338.6753
385.29718	1332.8767
387.27841	1354.5417
389.25964	1372.5452
391.24088	1372.5464
393.22211	1364.9032
395.20334	1371.5693
397.18457	1390.5001
399.1658	1399.6484
401.14703	1394.8855
403.12827	1381.8696
405.1095	1383.1791
407.09073	1398.6635
409.07196	1416.39
411.05319	1388.4982
413.03442	1416.8341
415.01566	1403.5557
416.99686	1394.0288
418.97809	1386.0762
420.95932	1378.4514
422.94055	1375.1315
424.92178	1384.953
426.90302	1397.7987
428.88425	1394.0621
430.86548	1391.8688
432.84671	1403.9967
434.82794	1376.6975
436.80917	1393.5073
438.79041	1387.8929
440.77164	1402.5431
442.75287	1399.4751
444.7341	1418.2601
446.71533	1398.7825
448.69656	1415.3175
450.6778	1416.0297
452.65903	1410.196
454.64026	1415.9871
456.62149	1425.645
458.60272	1433.2365
460.58395	1426.9061
462.56519	1407.9619
464.54642	1399.2677
466.52762	1389.1954
468.50885	1408.7286
470.49008	1406.9817
472.47131	1428.0985
474.45255	1435.3927
476.43378	1419.0266
478.41501	1415.5587
480.39624	1433.5718
482.37747	1440.5692
484.3587	1458.5105
486.33994	1453.7715
488.32117	1415.7146
490.3024	1412.4893
492.28363	1447.5591
494.26486	1449.4586
496.24609	1438.7233
498.22733	1424.1951
500.20856	1433.4075
502.18979	1429.1162
504.17102	1409.4993
506.15225	1419.3477
508.13348	1426.8862
510.11472	1455.1573
512.09595	1443.9012
514.07715	1399.8772
516.05841	1401.8043
518.03961	1414.5449
520.02087	1402.8135
522.00208	1397.3103
523.98334	1393.7935
525.96454	1371.8232
527.9458	1375.7899
529.927	1403.6746
531.90826	1382.6067
533.88947	1393.6334
535.87073	1384.9857
537.85193	1375.4229
539.83313	1393.3406
541.81439	1374.3555
543.79559	1383.9471
545.77686	1358.4263
547.75806	1351.782
549.73932	1350.8519
551.72052	1363.0461
553.70178	1353.2485
555.68298	1357.5474
557.66425	1358.249
559.64545	1346.554
561.62671	1353.0764
563.60791	1353.629
565.58917	1344.4908
567.57037	1339.191
569.55164	1295.0444
571.53284	1325.2295
573.5141	1328.1169
575.4953	1279.6617
577.47656	1315.9127
579.45776	1296.566
581.43903	1265.3282
583.42023	1281.7343
585.40149	1263.563
587.38269	1251.0457
589.36389	1264.0233
591.34515	1257.0251
593.32635	1231.9573
595.30762	1210.3768
597.28882	1186.1195
599.27008	1170.952
601.25128	1174.0751
603.23254	1171.1743
605.21375	1158.895
607.19501	1145.2014
609.17621	1139.5775
611.15747	1108.5085
613.13867	1100.5465
615.11993	1098.7145
617.10114	1051.9668
619.0824	1024.182
621.0636	1037.2815
623.04486	1050.8541
625.02606	1035.7057
627.00732	1041.3933
628.98853	1035.0021
630.96979	1024.0261
632.95099	1011.9547
634.93225	1016.1118
636.91345	1020.3041
638.89465	998.69641
640.87592	998.34497
642.85712	1009.1799
644.83838	1003.0846
646.81958	1006.2197
648.80084	975.77948
650.78204	992.08307
652.76331	989.20496
654.74451	999.97748
656.72577	996.84222
658.70697	1005.5773
660.68823	963.63934
662.66943	1000.6603
664.6507	1004.3087
666.6319	975.22797
668.61316	1001.6976
670.59436	1016.1236
672.57562	992.47211
674.55682	988.93427
676.53809	978.29639
678.51929	989.47803
680.50055	992.71875
682.48175	991.14276
684.46301	998.67847
686.44421	1002.3997
688.42542	982.3869
690.40668	962.68085
692.38788	964.96393
694.36914	963.47186
696.35034	974.25421
698.3316	986.05383
700.31281	968.88824
702.29407	971.32684
704.27527	965.23029
706.25653	972.36542
708.23773	954.2027
710.21899	935.9118
712.2002	939.41473
714.18146	919.80878
716.16266	927.17993
718.14392	914.65314
720.12512	906.07739
722.10638	924.53009
724.08759	904.27362
726.06885	913.44305
728.05005	884.06415
730.03131	891.45477
732.01251	906.92004
733.99371	904.85175
735.97498	899.02563
737.95618	887.39478
739.93744	883.68329
741.91864	873.86829
743.8999	854.2395
745.8811	858.83374
747.86237	857.18134
749.84357	834.4563
751.82483	842.26361
753.80603	848.49908
755.78729	824.78412
757.76849	840.13684
759.74976	828.90393
761.73096	818.49109
763.71222	822.82892
765.69342	816.29773
767.67468	782.98688
769.65588	790.25055
771.63715	806.38782
773.61835	769.56146
775.59961	775.54797
777.58081	771.52716
779.56207	773.3454
781.54327	756.30011
783.52448	755.54877
785.50574	762.89362
787.48694	761.01953
789.4682	736.10272
791.4494	734.5592
793.43066	732.50366
795.41187	727.68524
797.39313	728.58594
799.37433	736.9566
801.35559	715.63269
803.33679	699.22302
805.31805	715.3504
807.29926	716.8446
809.28052	722.88525
811.26172	738.82007
813.24298	735.23468
815.22418	740.6485
817.20544	730.43219
819.18665	733.63843
821.16791	747.883
823.14911	736.74237
825.13037	736.84845
827.11157	764.45721
829.09283	765.84674
831.07404	782.21686
833.05524	777.63354
835.0365	801.70319
837.0177	786.1701
838.99896	792.33765
840.98016	774.98193
842.96143	836.10248
844.94263	855.94189
846.92389	839.11548
848.90509	838.72375
850.88635	849.39691
852.86755	854.25836
854.84882	878.48413
856.83002	878.76184
858.81128	904.60577
860.79248	929.48767
862.77374	949.07556
864.75494	942.14233
866.73621	938.52368
868.71741	946.37372
870.69867	964.77472
872.67987	997.12024
874.66113	1017.4755
876.64233	1014.4402
878.6236	1012.2585
880.6048	1025.7375
882.586	1034.8154
884.56726	1048.4546
886.54846	1060.8154
888.52972	1073.4535
890.51093	1088.6631
892.49219	1094.8888
894.47339	1114.5168
896.45465	1115.6865
898.43585	1106.751
900.41711	1130.9888
902.39832	1135.1338
904.37958	1146.9155
906.36078	1146.4313
908.34204	1153.6267
910.32324	1165.0311
912.3045	1170.626
914.28571	1161.1416
916.26697	1154.014
918.24817	1187.2629
920.22943	1184.7616
922.21063	1201.9279
924.19189	1188.0787
926.1731	1183.8726
928.15436	1199.9673
930.13556	1179.0172
932.11676	1195.0768
934.09802	1205.1959
936.07922	1188.8389
938.06049	1177.9194
940.04169	1170.0875
942.02295	1219.3961
944.00415	1201.1724
945.98541	1183.4708
947.96661	1214.1019
949.94788	1226.9407
951.92908	1218.9575
953.91034	1225.0813
955.89154	1204.7114
957.8728	1216.0793
959.854	1214.0071
961.83527	1178.7449
963.81647	1170.0164
965.79773	1157.1655
967.77893	1178.0754
969.76019	1204.0691
971.74139	1190.9274
973.72266	1193.178
975.70386	1218.4148
977.68506	1180.8481
979.66632	1162.8578
981.64752	1171.9955
983.62878	1177.328
985.60999	1166.7771
987.59125	1168.6118
989.57245	1153.3383
991.55371	1145.0765
993.53491	1141.6605
995.51617	1138.5698
997.49738	1146.6011
999.47864	1119.9547
1001.4598	1112.7645
1003.4411	1115.3784
1005.4223	1105.8582
1007.4036	1096.1321
1009.3848	1098.7894
1011.366	1100.0797
1013.3472	1096.0896
1015.3285	1096.5779
1017.3097	1065.5216
1019.291	1064.9302
1021.2722	1054.2042
1023.2534	1035.7883
1025.2346	1018.1468
1027.2158	1011.8154
1029.197	1006.5524
1031.1783	1000.5468
1033.1595	988.41949
1035.1407	993.242
1037.1219	967.3855
1039.1033	955.21924
1041.0845	955.52661
1043.0657	938.67474
1045.0469	926.43744
1047.0282	924.14172
1049.0094	911.64496
1050.9906	882.17322
1052.9718	875.93317
1054.9531	873.76495
1056.9343	860.60291
1058.9155	845.8811
1060.8967	830.73706
1062.8781	826.74957
1064.8593	827.03271
1066.8405	803.31763
1068.8217	794.43127
1070.803	779.19733
1072.7842	761.63489
1074.7654	752.95905
1076.7466	751.47015
1078.7278	748.17999
1080.7091	739.90985
1082.6903	714.64368
1084.6715	692.28424
1086.6527	706.8457
1088.634	681.99542
1090.6152	668.69061
1092.5964	667.53687
1094.5776	649.97101
1096.559	653.2713
1098.5402	633.61359
1100.5214	627.45477
1102.5026	613.26526
1104.4839	610.36511
1106.4651	600.29663
1108.4463	584.55658
1110.4275	561.75922
1112.4088	561.29333
1114.39	565.90942
1116.3712	571.02203
1118.3524	561.06915
1120.3337	545.44342
1122.3149	543.2489
1124.2961	528.34674
1126.2773	515.37317
1128.2585	530.17468
1130.2399	525.80347
1132.2211	521.66479
1134.2023	507.67151
1136.1835	500.9805
1138.1648	491.79041
1140.146	493.43503
1142.1272	478.8902
1144.1084	481.22241
1146.0897	477.49002
1148.0709	469.09753
1150.0521	462.65659
1152.0333	467.36362
1154.0146	468.11771
1155.9958	460.01202
1157.9771	466.31021
1159.9583	452.42606
1161.9396	449.76135
1163.9208	431.06464
1165.902	418.26645
1167.8832	428.27383
1169.8645	432.0051
1171.8457	409.27994
1173.8269	426.13416
1175.8081	410.82974
1177.7893	408.85583
1179.7706	407.86627
1181.7518	406.81207
1183.733	392.21402
1185.7142	387.87
1187.6956	400.43585
1189.6768	396.97418
1191.658	395.35352
1193.6392	415.84918
1195.6205	388.36298
1197.6017	394.64026
1199.5829	379.2934
1201.5641	387.14526
1203.5454	370.92676
1205.5266	378.89716
1207.5078	366.56979
1209.489	362.32523
1211.4703	379.44144
1213.4515	368.66721
1215.4327	371.40747
1217.4139	371.72339
1219.3953	378.58325
1221.3765	372.71967
1223.3577	356.88525
1225.3389	359.52353
1227.3201	364.86069
1229.3014	361.82111
1231.2826	367.25977
1233.2638	353.68539
1235.245	362.91882
1237.2263	363.51831
1239.2075	359.81229
1241.1887	362.77667
1243.1699	363.54599
1245.1512	363.02802
1247.1324	365.10449
1249.1136	363.40173
1251.0948	366.02597
1253.0762	365.23322
1255.0574	363.86887
1257.0386	350.96954
1259.0198	353.16061
1261.0011	351.05319
1262.9823	348.96133
1264.9635	356.35043
1266.9447	348.98557
1268.926	351.80777
1270.9072	346.05011
1272.8884	346.30792
1274.8696	346.14987
1276.8508	349.79504
1278.8322	354.21252
1280.8134	360.43903
1282.7946	351.05286
1284.7758	351.55658
1286.7571	334.86502
1288.7383	362.05075
1290.7195	349.34811
1292.7007	333.03351
1294.682	347.82782
1296.6632	349.09802
1298.6444	352.56195
1300.6256	346.40067
1302.6069	345.36588
1304.5881	342.18716
1306.5693	343.30161
1308.5505	337.38568
1310.5319	346.52466
1312.5131	347.02576
1314.4943	337.35114
1316.4755	342.48627
1318.4567	348.27347
1320.438	339.4603
1322.4192	341.11792
1324.4004	343.11343
1326.3816	337.74899
1328.3629	344.04654
1330.3441	337.87631
1332.3253	337.40753
1334.3065	351.31958
1336.2878	349.63818
1338.269	351.04834
1340.2502	350.39285
1342.2314	344.69836
1344.2128	339.03946
1346.194	352.83893
1348.1752	346.70566
1350.1564	342.81543
1352.1377	342.93005
1354.1189	337.73709
1356.1001	332.40936
1358.0813	341.85312
1360.0626	336.20691
1362.0438	349.67316
1364.025	340.41592
1366.0062	355.81149
1367.9874	340.62543
1369.9688	339.47122
1371.95	348.19315
1373.9312	336.50906
1375.9124	322.83557
1377.8937	343.91983
1379.8749	347.74869
1381.8561	343.75693
1383.8373	349.74347
1385.8186	349.68939
1387.7998	345.31808
1389.781	347.89261
1391.7622	352.17831
1393.7435	345.88358
1395.7247	337.28473
1397.7059	339.26172
1399.6871	344.9364
1401.6685	341.21103
1403.6497	341.42487
1405.6309	338.75458
1407.6121	339.39044
1409.5934	345.51013
1411.5746	347.66071
1413.5558	333.99066
1415.537	343.91232
1417.5182	347.84818
1419.4995	337.84024
1421.4807	351.57605
1423.4619	345.15768
1425.4431	334.53339
1427.4244	347.84314
1429.4056	350.8504
1431.3868	342.61319
1433.368	340.04022
1435.3494	344.90909
1437.3306	346.19778
1439.3118	353.92343
1441.293	343.84225
1443.2743	353.00208
1445.2555	347.27356
1447.2367	340.4339
1449.2179	346.70377
1451.1992	342.24588
1453.1804	352.34714
1455.1616	336.46365
1457.1428	335.84647
1459.1241	343.32196
1461.1053	342.76544
1463.0865	351.85919
1465.0677	348.95398
1467.049	349.76959
1469.0303	350.565
1471.0115	332.03149
1472.9927	342.72354
1474.9739	334.00418
1476.9552	353.31104
1478.9364	343.66083
1480.9176	353.46863
1482.8988	343.30142
1484.8801	343.27563
1486.8613	341.6879
1488.8425	335.61758
1490.8237	341.80585
1492.8051	347.4313
1494.7863	355.41776
1496.7675	344.99411
1498.7487	336.61465
1500.73	342.85092
1502.7112	332.3652
1504.6924	320.15182
1506.6736	340.56509
1508.6549	329.27258
1510.6361	326.15463
1512.6173	339.62805
1514.5985	338.64914
1516.5797	346.61411
1518.561	337.3692
1520.5422	335.54199
1522.5234	334.81543
1524.5046	335.42978
1526.486	335.52594
1528.4672	329.28671
1530.4484	323.81543
1532.4296	332.01187
1534.4109	345.41653
1536.3921	336.22723
1538.3733	329.85248
1540.3545	328.99222
1542.3358	337.793
1544.317	322.31393
1546.2982	338.91006
1548.2794	327.27127
1550.2607	329.02066
1552.2419	339.11697
1554.2231	340.26413
1556.2043	339.48685
1558.1857	333.12051
1560.1669	318.91232
1562.1481	330.63965
1564.1293	326.54062
1566.1105	322.74728
1568.0918	329.08026
1570.073	331.47388
1572.0542	326.84531
1574.0354	326.9054
1576.0167	322.79889
1577.9979	325.60626
1579.9791	317.91827
1581.9603	318.83411
1583.9417	320.9584
1585.9229	326.16107
1587.9041	330.31384
1589.8853	338.43063
1591.8666	320.40561
1593.8478	318.59888
1595.829	324.87915
1597.8102	323.8154
1599.7915	321.44751
1601.7727	317.71228
1603.7539	310.90283
1605.7351	312.30472
1607.7164	320.04861
1609.6976	318.88367
1611.6788	312.13895
1613.66	319.46573
1615.6412	322.70804
1617.6226	302.11987
1619.6038	321.18851
1621.585	308.61008
1623.5662	321.10928
1625.5475	301.02423
1627.5287	303.60123
1629.5099	313.02219
1631.4911	305.28268
1633.4724	303.09848
1635.4536	315.5293
1637.4348	323.16266
1639.416	312.78351
1641.3973	313.21313
1643.3785	322.9122
1645.3597	314.87869
1647.3409	312.01874
1649.3223	318.16916
1651.3035	323.33267
1653.2847	317.23923
1655.2659	297.01312
1657.2472	304.87256
1659.2284	305.37833
1661.2096	315.85785
1663.1908	308.92047
1665.172	304.13123
1667.1533	294.64346
1669.1345	301.27405
1671.1157	313.53564
1673.0969	304.53491
1675.0782	314.63965
1677.0594	295.91632
1679.0406	297.31079
1681.0219	309.70792
1683.0032	305.99707
1684.9844	296.49161
1686.9656	307.35651
1688.9468	308.76852
1690.9281	307.81534
1692.9093	307.79218
1694.8905	311.38898
1696.8717	302.6481
1698.853	297.83194
1700.8342	300.18646
1702.8154	298.29221
1704.7966	285.42822
1706.778	291.00394
1708.7592	300.02597
1710.7404	302.811
1712.7216	306.91068
1714.7028	304.88556
1716.6841	296.13385
1718.6653	295.76645
1720.6465	297.37411
1722.6277	290.87173
1724.609	300.24103
1726.5902	304.92197
1728.5714	299.94495
1730.5526	308.04709
1732.5339	300.09604
1734.5151	296.66464
1736.4963	294.70319
1738.4775	291.33194
1740.4589	290.46716
1742.4401	302.33603
1744.4213	300.27713
1746.4025	297.30966
1748.3838	291.34186
1750.365	286.49567
1752.3462	283.64783
1754.3274	297.0256
1756.3087	288.6412
1758.2899	290.76089
1760.2711	295.76846
1762.2523	291.38333
1764.2335	283.35669
1766.2148	289.9053
1768.196	292.64502
1770.1772	297.08304
1772.1584	300.50986
1774.1398	294.03979
1776.121	291.5145
1778.1022	292.70435
1780.0834	298.97916
1782.0647	294.60303
1784.0459	282.07208
1786.0271	294.83191
1788.0083	293.71219
1789.9896	294.89914
1791.9708	294.59726
1793.952	290.34793
1795.9332	297.18515
1797.9146	295.37399
1799.8958	276.51324
1801.877	278.04034
1803.8582	283.36728
1805.8394	288.44702
1807.8207	287.28113
1809.8019	287.60959
1811.7831	284.31403
1813.7643	280.27567
1815.7456	284.11209
1817.7268	283.78824
1819.708	283.26761
1821.6892	277.15521
1823.6705	282.41556
1825.6517	276.14975
1827.6329	265.93918
1829.6141	278.94
1831.5955	284.25082
1833.5767	271.22772
1835.5579	276.26376
1837.5391	272.20505
1839.5204	268.46896
1841.5016	280.16568
1843.4828	279.76245
1845.464	278.69641
1847.4453	264.98096
1849.4265	276.40729
1851.4077	276.0015
1853.3889	283.50021
1855.3701	272.49945
1857.3514	275.90546
1859.3326	283.94946
1861.3138	282.74414
1863.295	271.98126
1865.2764	273.53091
1867.2576	269.18414
1869.2388	271.69077
1871.22	280.26151
1873.2013	274.73376
1875.1825	268.02014
1877.1637	273.60834
1879.1449	266.41721
1881.1262	270.36807
1883.1074	269.88989
1885.0886	282.44662
1887.0698	273.8515
1889.0511	269.73572
1891.0323	265.69437
1893.0135	272.66382
1894.9948	265.24414
1896.9761	283.35568
1898.9573	271.82935
1900.9385	262.78619
1902.9197	270.73758
1904.9009	267.46655
1906.8822	265.93375
1908.8634	269.8508
1910.8446	282.91937
1912.8258	276.76202
1914.8071	277.617
1916.7883	264.10083
1918.7695	274.08554
1920.7507	274.82242
1922.7321	270.28525
1924.7133	273.05136
1926.6945	276.16119
1928.6757	271.22113
1930.657	269.25262
1932.6382	262.45163
1934.6194	269.99951
1936.6006	277.07346
1938.5819	256.32358
1940.5631	271.18192
1942.5443	283.59561
1944.5255	281.21628
1946.5068	278.00421
1948.488	275.79874
1950.4692	268.55533
1952.4504	273.27014
1954.4316	264.5762
1956.413	267.51651
1958.3942	270.63702
1960.3754	273.88556
1962.3566	266.14838
1964.3379	274.54047
1966.3191	271.96439
1968.3003	276.86853
1970.2815	279.11844
1972.2628	273.36658
1974.244	281.64493
1976.2252	263.61911
1978.2064	272.91525
1980.1877	268.26791
1982.1689	270.1019
1984.1501	278.42758
1986.1313	268.62021
1988.1127	266.90366
1990.0939	266.55301
1992.0751	275.17133
1994.0563	274.58987
1996.0376	268.30875
1998.0188	273.33762
2000	270.63638
2500	259.14621
2501.5496	254.63608
2503.0991	255.68993
2504.6487	250.66049
2506.1982	246.774
2507.748	254.02573
2509.2976	251.26929
2510.8472	245.7814
2512.3967	259.99637
2513.9463	260.89523
2515.4958	252.21159
2517.0454	247.79102
2518.595	248.65044
2520.1445	256.81476
2521.6943	263.05969
2523.2439	254.6069
2524.7935	248.12715
2526.343	255.76813
2527.8926	253.38356
2529.4421	239.96645
2530.9917	246.06667
2532.5413	259.86771
2534.0908	259.24274
2535.6404	259.02771
2537.1902	253.80576
2538.7397	249.51385
2540.2893	246.83107
2541.8389	241.02534
2543.3884	254.83392
2544.938	252.28117
2546.4875	254.96841
2548.0371	252.54744
2549.5867	253.57944
2551.1365	256.58765
2552.686	252.93538
2554.2356	253.27367
2555.7852	250.15916
2557.3347	244.537
2558.8843	247.36261
2560.4338	253.80438
2561.9834	249.53935
2563.533	248.4926
2565.0828	248.28284
2566.6323	244.60168
2568.1819	251.84525
2569.7314	242.93285
2571.281	242.8562
2572.8306	244.24785
2574.3801	250.59436
2575.9297	246.24203
2577.4792	239.00299
2579.0288	250.15417
2580.5786	260.77332
2582.1282	245.05446
2583.6777	239.16481
2585.2273	252.43661
2586.7769	252.36589
2588.3264	241.2903
2589.876	226.98326
2591.4255	240.26154
2592.9751	245.51758
2594.5249	249.5248
2596.0745	247.47581
2597.624	244.72552
2599.1736	247.62958
2600.7231	240.84613
2602.2727	244.75618
2603.8223	242.57545
2605.3718	248.74809
2606.9214	266.64548
2608.4712	227.84885
2610.0208	233.23788
2611.5703	241.71391
2613.1199	237.87238
2614.6694	237.24126
2616.219	244.23161
2617.7686	249.71011
2619.3181	252.56053
2620.8677	256.32501
2622.4172	253.12314
2623.967	247.07907
2625.5166	243.80353
2627.0662	242.54265
2628.6157	249.60713
2630.1653	249.61528
2631.7148	241.2422
2633.2644	238.83826
2634.814	232.01807
2636.3635	240.22215
2637.9133	250.58208
2639.4629	251.35609
2641.0125	252.15822
2642.562	248.47176
2644.1116	251.31798
2645.6611	250.62944
2647.2107	251.80687
2648.7603	233.6964
2650.3098	240.33783
2651.8596	251.54054
2653.4092	246.89108
2654.9587	243.15207
2656.5083	237.03023
2658.0579	240.86337
2659.6074	252.05844
2661.157	259.80579
2662.7065	257.83896
2664.2561	244.55537
2665.8057	240.17674
2667.3555	243.55396
2668.905	244.50496
2670.4546	245.8302
2672.0042	238.58359
2673.5537	241.76286
2675.1033	249.73203
2676.6528	247.33643
2678.2024	247.25986
2679.752	246.09999
2681.3018	247.22752
2682.8513	248.42084
2684.4009	247.87775
2685.9504	247.78864
2687.5	244.32268
2689.0496	253.05321
2690.5991	249.39719
2692.1487	252.57495
2693.6982	240.44101
2695.248	252.4151
2696.7976	237.64116
2698.3472	233.66875
2699.8967	247.79401
2701.4463	248.44414
2702.9958	248.50893
2704.5454	244.04912
2706.095	237.4375
2707.6445	239.48552
2709.1943	243.98196
2710.7439	245.58257
2712.2935	241.86913
2713.843	238.07716
2715.3926	246.28711
2716.9421	234.5298
2718.4917	248.29787
2720.0413	248.9278
2721.5908	234.0735
2723.1404	240.09303
2724.6902	239.43953
2726.2397	249.16718
2727.7893	249.05099
2729.3389	245.17218
2730.8884	250.02551
2732.438	246.17902
2733.9875	235.25777
2735.5371	242.07291
2737.0867	247.86067
2738.6365	237.74281
2740.186	247.03775
2741.7356	240.46063
2743.2852	240.43748
2744.8347	240.37039
2746.3843	233.09262
2747.9338	247.31445
2749.4834	248.93359
2751.033	249.22278
2752.5828	252.34409
2754.1323	252.83168
2755.6819	247.82838
2757.2314	244.52844
2758.781	246.86082
2760.3306	244.51962
2761.8801	241.37541
2763.4297	251.05751
2764.9792	246.149
2766.5288	240.23759
2768.0786	248.31198
2769.6282	245.58269
2771.1777	244.55783
2772.7273	249.76938
2774.2769	250.24445
2775.8264	247.1111
2777.376	248.79462
2778.9255	241.09412
2780.4751	240.98732
2782.0249	247.30252
2783.5745	247.82428
2785.124	246.47757
2786.6736	245.64403
2788.2231	246.23851
2789.7727	238.99858
2791.3223	249.45407
2792.8718	247.549
2794.4214	255.22475
2795.9712	244.76663
2797.5208	235.28958
2799.0703	245.12735
2800.6199	248.13222
2802.1694	252.19507
2803.719	249.19904
2805.2686	250.99162
2806.8181	246.80753
2808.3677	239.97969
2809.9172	243.11015
2811.467	247.16724
2813.0166	246.31599
2814.5662	245.75121
2816.1157	240.08084
2817.6653	240.18912
2819.2148	239.99702
2820.7644	241
2822.314	241.72699
2823.8635	252.74283
2825.4133	247.52605
2826.9629	236.54971
2828.5125	247.46101
2830.062	249.09793
2831.6116	249.27184
2833.1611	245.14445
2834.7107	242.1485
2836.2603	246.2235
2837.8098	248.88672
2839.3596	245.17491
2840.9092	243.43961
2842.4587	242.58138
2844.0083	241.72839
2845.5579	243.33693
2847.1074	236.40756
2848.657	246.89424
2850.2065	248.28282
2851.7561	247.2173
2853.3057	245.16707
2854.8555	242.03758
2856.405	245.84465
2857.9546	249.9828
2859.5042	241.21913
2861.0537	239.44092
2862.6033	244.74588
2864.1528	239.50177
2865.7024	243.32471
2867.252	242.93538
2868.8018	233.05905
2870.3513	237.09396
2871.9009	245.74408
2873.4504	249.31424
2875	249.06642
2876.5496	241.99722
2878.0991	242.95789
2879.6487	245.90059
2881.1982	243.40196
2882.748	238.95055
2884.2976	234.92805
2885.8472	239.29233
2887.3967	249.36674
2888.9463	247.32072
2890.4958	248.3026
2892.0454	237.54927
2893.595	236.42653
2895.1445	245.3793
2896.6943	242.4859
2898.2439	243.3934
2899.7935	247.80441
2901.343	250.66641
2902.8926	246.97511
2904.4421	240.04794
2905.9917	238.65074
2907.5413	238.95435
2909.0908	242.47752
2910.6404	246.47969
2912.1902	241.6684
2913.7397	243.11867
2915.2893	248.78441
2916.8389	252.11412
2918.3884	247.39203
2919.938	239.83618
2921.4875	251.62721
2923.0371	243.66972
2924.5867	240.24417
2926.1365	236.5401
2927.686	239.57339
2929.2356	255.87018
2930.7852	242.97459
2932.3347	240.37511
2933.8843	246.94382
2935.4338	247.8149
2936.9834	243.25955
2938.533	242.79355
2940.0828	236.65778
2941.6323	246.86507
2943.1819	252.52847
2944.7314	246.48546
2946.281	237.02667
2947.8306	241.07722
2949.3801	256.6098
2950.9297	252.11967
2952.4792	245.52132
2954.0288	241.9865
2955.5786	241.27788
2957.1282	229.71913
2958.6777	245.80057
2960.2273	260.27591
2961.7769	244.60358
2963.3264	231.55171
2964.876	233.75456
2966.4255	250.158
2967.9751	250.43384
2969.5249	250.4375
2971.0745	237.20917
2972.624	241.30516
2974.1736	243.57938
2975.7231	248.24904
2977.2727	248.28136
2978.8223	246.14351
2980.3718	242.73785
2981.9214	237.95247
2983.4712	245.3291
2985.0208	244.52103
2986.5703	235.30969
2988.1199	235.85568
2989.6694	239.82797
2991.219	247.20415
2992.7686	248.27151
2994.3181	235.25972
2995.8677	231.37041
2997.4172	233.85684
2998.967	244.47751
3000.5166	239.25188
3002.0662	248.33264
3003.6157	240.91977
3005.1653	248.80516
3006.7148	255.4557
3008.2644	249.62222
3009.814	250.74983
3011.3635	240.68524
3012.9133	250.86761
3014.4629	256.62863
3016.0125	252.15331
3017.562	241.50681
3019.1116	234.26944
3020.6611	255.59297
3022.2107	245.38013
3023.7603	241.62724
3025.3098	240.6138
3026.8596	245.83835
3028.4092	245.00934
3029.9587	235.4183
3031.5083	241.20784
3033.0579	250.13206
3034.6074	249.34578
3036.157	243.40285
3037.7065	243.91077
3039.2561	248.98753
3040.8057	243.42993
3042.3555	240.74748
3043.905	243.32094
3045.4546	240.04427
3047.0042	240.82924
3048.5537	244.45969
3050.1033	253.11832
3051.6528	248.55394
3053.2024	249.22092
3054.752	248.19859
3056.3018	244.34259
3057.8513	246.62013
3059.4009	242.7458
3060.9504	241.15775
3062.5	248.36435
3064.0496	248.01483
3065.5991	249.05685
3067.1487	245.87668
3068.6982	252.12224
3070.248	244.54276
3071.7976	260.03336
3073.3472	238.40901
3074.8967	241.19038
3076.4463	247.83804
3077.9958	256.46335
3079.5454	246.19066
3081.095	246.14139
3082.6445	245.49767
3084.1943	245.75011
3085.7439	247.81419
3087.2935	240.82153
3088.843	242.12926
3090.3926	242.0479
3091.9421	238.67195
3093.4917	254.36169
3095.0413	248.0575
3096.5908	246.77853
3098.1404	254.11993
3099.6902	250.16005
3101.2397	245.28731
3102.7893	250.16328
3104.3389	245.35959
3105.8884	247.21339
3107.438	254.73497
3108.9875	248.92273
3110.5371	248.28885
3112.0867	245.66039
3113.6365	244.41304
3115.186	251.79469
3116.7356	247.51143
3118.2852	247.19157
3119.8347	243.11093
3121.3843	241.67357
3122.9338	240.9391
3124.4834	244.18263
3126.033	251.29823
3127.5828	262.17584
3129.1323	256.03217
3130.6819	242.51239
3132.2314	252.22307
3133.781	249.17389
3135.3306	248.17776
3136.8801	252.47025
3138.4297	233.93199
3139.9792	242.82887
3141.5288	246.24182
3143.0786	252.75313
3144.6282	252.09978
3146.1777	248.72102
3147.7273	240.54602
3149.2769	252.72469
3150.8264	260.70914
3152.376	268.60492
3153.9255	246.47672
3155.4751	257.69324
3157.0249	249.06485
3158.5745	260.97937
3160.124	258.45074
3161.6736	253.73712
3163.2231	262.15747
3164.7727	264.23132
3166.3223	254.89966
3167.8718	254.74948
3169.4214	259.75366
3170.9712	255.61131
3172.5208	259.55505
3174.0703	256.98981
3175.6199	250.07391
3177.1694	261.68744
3178.719	262.88019
3180.2686	259.30447
3181.8181	250.56187
3183.3677	263.27805
3184.9172	253.89034
3186.467	265.02176
3188.0166	263.11514
3189.5662	260.54764
3191.1157	264.03574
3192.6653	260.36481
3194.2148	255.88745
3195.7644	257.379
3197.314	257.7417
3198.8635	259.10294
3200.4133	260.93182
3201.9629	262.77963
3203.5125	258.79312
3205.062	256.05942
3206.6116	262.30389
3208.1611	257.87564
3209.7107	265.20627
3211.2603	260.61386
3212.8098	262.28986
3214.3596	266.46875
3215.9092	255.91504
3217.4587	257.28568
3219.0083	258.77655
3220.5579	256.63043
3222.1074	258.03055
3223.657	259.19489
3225.2065	251.14941
3226.7561	249.80544
3228.3057	259.56885
3229.8555	264.97107
3231.405	266.02103
3232.9546	264.74149
3234.5042	255.70155
3236.0537	258.84076
3237.6033	260.34772
3239.1528	259.46347
3240.7024	264.80374
3242.252	267.29272
3243.8018	267.60645
3245.3513	270.79208
3246.9009	263.43945
3248.4504	258.07709
3250	260.03214
3251.5496	261.17767
3253.0991	262.24365
3254.6487	261.42639
3256.1982	263.45135
3257.748	265.09351
3259.2976	262.27213
3260.8472	263.3981
3262.3967	266.09344
3263.9463	266.46573
3265.4958	267.42352
3267.0454	269.18753
3268.595	265.56516
3270.1445	260.63373
3271.6943	260.09323
3273.2439	262.94006
3274.7935	265.33246
3276.343	257.52908
3277.8926	261.5517
3279.4421	266.72388
3280.9917	263.37582
3282.5413	259.20874
3284.0908	264.78232
3285.6404	265.38608
3287.1902	260.50006
3288.7397	261.56616
3290.2893	268.63904
3291.8389	272.37796
3293.3884	264.58701
3294.938	260.59207
3296.4875	267.66519
3298.0371	266.54889
3299.5867	264.27783
3301.1365	262.97305
3302.686	266.04547
3304.2356	263.29843
3305.7852	260.64801
3307.3347	274.26172
3308.8843	272.01855
3310.4338	266.68524
3311.9834	272.44781
3313.533	271.80273
3315.0828	262.22247
3316.6323	269.52917
3318.1819	267.62048
3319.7314	265.64096
3321.281	266.51294
3322.8306	263.5441
3324.3801	270.36356
3325.9297	277.11807
3327.4792	275.10065
3329.0288	272.70145
3330.5786	276.36282
3332.1282	274.4021
3333.6777	267.67099
3335.2273	266.82108
3336.7769	270.98151
3338.3264	271.43604
3339.876	271.31424
3341.4255	272.20999
3342.9751	278.97577
3344.5249	280.97235
3346.0745	276.32855
3347.624	275.24347
3349.1736	273.87045
3350.7231	274.11383
3352.2727	281.11411
3353.8223	265.58817
3355.3718	282.67435
3356.9214	285.66556
3358.4712	285.88733
3360.0208	274.7742
3361.5703	275.55978
3363.1199	281.50504
3364.6694	278.48746
3366.219	282.88525
3367.7686	286.16846
3369.3181	286.4375
3370.8677	291.51294
3372.4172	279.13248
3373.967	289.42667
3375.5166	276.77448
3377.0662	279.32877
3378.6157	283.47342
3380.1653	298.91403
3381.7148	265.56192
3383.2644	301.16656
3384.814	294.91721
3386.3635	288.45303
3387.9133	284.28629
3389.4629	293.81763
3391.0125	287.40955
3392.562	280.66916
3394.1116	286.2536
3395.6611	285.74149
3397.2107	283.16525
3398.7603	281.56021
3400.3098	296.0451
3401.8596	285.38281
3403.4092	279.85718
3404.9587	288.76199
3406.5083	294.65228
3408.0579	296.74811
3409.6074	293.18567
3411.157	297.05099
3412.7065	284.86789
3414.2561	290.98715
3415.8057	295.51474
3417.3555	293.10696
3418.905	304.26413
3420.4546	307.07697
3422.0042	299.34436
3423.5537	305.3316
3425.1033	303.64645
3426.6528	298.01044
3428.2024	296.95187
3429.752	300.40604
3431.3018	312.1076
3432.8513	306.36169
3434.4009	296.66086
3435.9504	294.34775
3437.5	294.39102
3439.0496	303.07501
3440.5991	306.60101
3442.1487	305.28452
3443.6982	307.97528
3445.248	305.12729
3446.7976	303.44073
3448.3472	312.48019
3449.8967	313.12057
3451.4463	305.20212
3452.9958	306.66287
3454.5454	287.35434
3456.095	310.67166
3457.6445	313.3959
3459.1943	307.54315
3460.7439	317.2558
3462.2935	309.53934
3463.843	313.73123
3465.3926	327.00281
3466.9421	306.09625
3468.4917	313.54285
3470.0413	320.15076
3471.5908	317.09302
3473.1404	323.12805
3474.6902	318.12952
3476.2397	319.84134
3477.7893	327.2438
3479.3389	321.51102
3480.8884	316.40225
3482.438	333.73578
3483.9875	332.47568
3485.5371	324.11142
3487.0867	322.64227
3488.6365	333.55286
3490.186	327.40363
3491.7356	323.92932
3493.2852	330.78955
3494.8347	336.40863
3496.3843	341.12631
3497.9338	333.59766
3499.4834	334.94931
3501.033	338.68982
3502.5828	340.72098
3504.1323	339.43719
3505.6819	323.5509
3507.2314	342.37354
3508.781	342.41064
3510.3306	349.66885
3511.8801	348.0719
3513.4297	339.53281
3514.9792	342.19971
3516.5288	335.50635
3518.0786	341.55118
3519.6282	344.83353
3521.1777	344.63559
3522.7273	347.87909
3524.2769	354.92438
3525.8264	344.15726
3527.376	351.02347
3528.9255	349.9895
3530.4751	352.97382
3532.0249	359.36084
3533.5745	360.45892
3535.124	360.12167
3536.6736	358.77261
3538.2231	365.26843
3539.7727	369.05246
3541.3223	365.48312
3542.8718	369.19803
3544.4214	371.11731
3545.9712	366.02341
3547.5208	372.01511
3549.0703	377.96234
3550.6199	370.44769
3552.1694	370.46628
3553.719	364.61002
3555.2686	369.33057
3556.8181	372.69989
3558.3677	370.06406
3559.9172	357.06158
3561.467	358.41681
3563.0166	383.147
3564.5662	377.84348
3566.1157	378.63922
3567.6653	378.26511
3569.2148	371.53818
3570.7644	383.27158
3572.314	372.73587
3573.8635	371.75592
3575.4133	382.00247
3576.9629	386.15381
3578.5125	379.3457
3580.062	378.51285
3581.6116	370.2374
3583.1611	371.90527
3584.7107	369.2153
3586.2603	365.86829
3587.8098	377.53027
3589.3596	375.72549
3590.9092	360.03485
3592.4587	357.25534
3594.0083	362.42413
3595.5579	365.03418
3597.1074	360.88397
3598.657	357.62439
3600.2065	366.09708
3601.7561	348.0087
3603.3057	358.02316
3604.8555	352.6918
3606.405	358.1608
3607.9546	345.89932
3609.5042	348.47598
3611.0537	345.50027
3612.6033	336.26038
3614.1528	340.74561
3615.7024	332.83151
3617.252	334.08994
3618.8018	336.16357
3620.3513	322.8107
3621.9009	315.78003
3623.4504	321.85379
3625	319.70361
3626.5496	322.48444
3628.0991	319.50296
3629.6487	308.94965
3631.1982	312.38882
3632.748	298.81815
3634.2976	309.1936
3635.8472	289.49295
3637.3967	290.96729
3638.9463	282.52878
3640.4958	283.71478
3642.0454	283.76196
3643.595	277.69135
3645.1445	279.82581
3646.6943	274.02045
3648.2439	273.91675
3649.7935	276.54703
3651.343	270.93674
3652.8926	256.0679
3654.4421	257.01999
3655.9917	261.52554
3657.5413	266.15738
3659.0908	249.8604
3660.6404	254.70471
3662.1902	250.2191
3663.7397	250.66872
3665.2893	239.02504
3666.8389	240.36868
3668.3884	234.21118
3669.938	229.98587
3671.4875	225.36642
3673.0371	233.66676
3674.5867	235.175
3676.1365	227.63992
3677.686	222.94322
3679.2356	222.61194
3680.7852	229.61536
3682.3347	220.60378
3683.8843	218.83389
3685.4338	213.60574
3686.9834	218.80516
3688.533	223.04492
3690.0828	208.28761
3691.6323	217.15041
3693.1819	212.52892
3694.7314	196.73311
3696.281	200.30049
3697.8306	203.16943
3699.3801	208.61542
3700.9297	204.23363
3702.4792	202.87004
3704.0288	201.32237
3705.5786	198.50694
3707.1282	192.89873
3708.6777	202.87595
3710.2273	202.48538
3711.7769	201.149
3713.3264	201.05811
3714.876	201.30028
3716.4255	194.75397
3717.9751	200.75609
3719.5249	207.04747
3721.0745	196.93869
3722.624	204.68564
3724.1736	203.45604
3725.7231	203.01083
3727.2727	197.36908
3728.8223	198.10187
3730.3718	199.63814
3731.9214	193.15288
3733.4712	193.09926
3735.0208	194.56281
3736.5703	192.80887
3738.1199	190.4375
3739.6694	192.77307
3741.219	193.79289
3742.7686	192.98679
3744.3181	192.79832
3745.8677	184.52628
3747.4172	185.64476
3748.967	184.38315
3750.5166	189.9534
3752.0662	197.44031
3753.6157	197.20952
3755.1653	188.64383
3756.7148	186.72546
3758.2644	194.28088
3759.814	200.5007
3761.3635	198.33868
3762.9133	193.27101
3764.4629	185.12547
3766.0125	187.2869
3767.562	189.4375
3769.1116	184.48312
3770.6611	193.31172
3772.2107	197.1035
3773.7603	184.77156
3775.3098	194.32918
3776.8596	194.69775
3778.4092	188.83943
3779.9587	190.02385
3781.5083	188.0623
3783.0579	191.37215
3784.6074	192.46725
3786.157	194.52582
3787.7065	184.81718
3789.2561	188.72868
3790.8057	184.78554
3792.3555	184.4754
3793.905	182.42642
3795.4546	183.58728
3797.0042	181.52563
3798.5537	182.58372
3800.1033	191.78529
3801.6528	191.91867
3803.2024	181.51688
3804.752	185.33089
3806.3018	185.08112
3807.8513	186.84225
3809.4009	184.42084
3810.9504	187.82349
3812.5	188.58376
3814.0496	191.01918
3815.5991	181.21292
3817.1487	178.4375
3818.6982	186.87375
3820.248	175.5141
3821.7976	184.03578
3823.3472	182.37794
3824.8967	192.62718
3826.4463	186.38213
3827.9958	184.54503
3829.5454	190.26688
3831.095	194.15675
3832.6445	188.78897
3834.1943	185.21959
3835.7439	186.21568
3837.2935	184.03218
3838.843	188.76952
3840.3926	179.35632
3841.9421	193.03438
3843.4917	180.62389
3845.0413	176.06999
3846.5908	186.86844
3848.1404	183.69945
3849.6902	182.56073
3851.2397	179.59512
3852.7893	185.98805
3854.3389	186.70946
3855.8884	174.87434
3857.438	186.34274
3858.9875	187.05803
3860.5371	171.54909
3862.0867	178.41582
3863.6365	176.70097
3865.186	180.52675
3866.7356	183.04718
3868.2852	175.50903
3869.8347	183.1324
3871.3843	185.06331
3872.9338	181.47212
3874.4834	179.27957
3876.033	184.98851
3877.5828	189.07803
3879.1323	190.29863
3880.6819	181.80388
3882.2314	187.56766
3883.781	178.8013
3885.3306	183.05179
3886.8801	183.04836
3888.4297	184.2262
3889.9792	188.27539
3891.5288	186.68033
3893.0786	178.01776
3894.6282	181.43356
3896.1777	183.42068
3897.7273	191.14311
3899.2769	177.71651
3900.8264	185.26288
3902.376	175.59813
3903.9255	177.72476
3905.4751	174.30342
3907.0249	179.38428
3908.5745	177.60161
3910.124	171.92348
3911.6736	174.12442
3913.2231	173.22383
3914.7727	176.03172
3916.3223	183.30476
3917.8718	180.61273
3919.4214	186.41333
3920.9712	182.21355
3922.5208	175.07336
3924.0703	172.60139
3925.6199	179.00052
3927.1694	182.6884
3928.719	174.42889
3930.2686	175.24437
3931.8181	182.07874
3933.3677	183.87688
3934.9172	165.29611
3936.467	172.39162
3938.0166	174.45291
3939.5662	176.49243
3941.1157	186.44449
3942.6653	181.55644
3944.2148	177.44612
3945.7644	176.43462
3947.314	183.43256
3948.8635	183.58133
3950.4133	184.83173
3951.9629	176.12204
3953.5125	174.76718
3955.062	178.04807
3956.6116	189.54739
3958.1611	172.82018
3959.7107	180.99139
3961.2603	178.03079
3962.8098	181.98999
3964.3596	181.43117
3965.9092	187.91908
3967.4587	185.82253
3969.0083	185.81795
3970.5579	192.85696
3972.1074	167.33403
3973.657	189.35272
3975.2065	177.30643
3976.7561	178.4377
3978.3057	180.39703
3979.8555	179.79263
3981.405	180.06644
3982.9546	179.78128
3984.5042	181.14464
3986.0537	167.66751
3987.6033	182.48431
3989.1528	178.48016
3990.7024	180.95105
3992.252	182.80112
3993.8018	184.79651
3995.3513	184.08646
3996.9009	180.88365
3998.4504	173.86795
4000	180.28241
